index,DATA_CD,MDATETIME,AREA_INDEX,PM10,PM10_FLAG,PM25,PM25_FLAG,O3,O3_FLAG,SO2,SO2_FLAG,CO,CO_FLAG,NO,NO_FLAG,NO2,NO2_FLAG,NOX,NOX_FLAG,PM10_LABEL,PM25_LABEL,O3_LABEL,SO2_LABEL,CO_LABEL,NO_LABEL,NO2_LABEL,NOX_LABEL
2023-01-01 01:00:00,DATAR1,2023-01-01 01:00:00,131121.0,43.0,1.0,38.0,1.0,0.002,1.0,0.002,1.0,0.7,1.0,0.019,1.0,0.057,1.0,0.076,1.0,0.0,0.0,0.0,0.0,0.0,0.0,0.0,0.0
2023-01-01 02:00:00,DATAR1,2023-01-01 02:00:00,131121.0,54.0,1.0,40.0,1.0,0.005,1.0,0.002,1.0,0.7,1.0,0.006,1.0,0.048,1.0,0.054,1.0,0.0,0.0,0.0,0.0,0.0,0.0,0.0,0.0
2023-01-01 03:00:00,DATAR1,2023-01-01 03:00:00,131121.0,59.0,1.0,42.0,1.0,0.006,1.0,0.002,1.0,0.7,1.0,0.004,1.0,0.046,1.0,0.05,1.0,0.0,0.0,0.0,0.0,0.0,0.0,0.0,0.0
2023-01-01 04:00:00,DATAR1,2023-01-01 04:00:00,131121.0,64.0,1.0,47.0,1.0,0.008,1.0,0.002,1.0,0.6,1.0,0.004,1.0,0.043,1.0,0.047,1.0,0.0,0.0,0.0,0.0,0.0,0.0,0.0,0.0
2023-01-01 05:00:00,DATAR1,2023-01-01 05:00:00,131121.0,68.0,1.0,54.0,1.0,0.007,1.0,0.002,1.0,0.7,1.0,0.004,1.0,0.043,1.0,0.048,1.0,0.0,0.0,0.0,0.0,0.0,0.0,0.0,0.0
2023-01-01 06:00:00,DATAR1,2023-01-01 06:00:00,131121.0,66.0,1.0,60.0,1.0,0.018,1.0,0.003,1.0,0.7,1.0,0.002,1.0,0.025,1.0,0.026,1.0,0.0,0.0,0.0,0.0,0.0,0.0,0.0,0.0
2023-01-01 07:00:00,DATAR1,2023-01-01 07:00:00,131121.0,52.0,1.0,54.0,1.0,0.02,1.0,0.003,1.0,0.7,1.0,0.001,1.0,0.024,1.0,0.025,1.0,0.0,0.0,0.0,0.0,0.0,0.0,0.0,0.0
2023-01-01 08:00:00,DATAR1,2023-01-01 08:00:00,131121.0,46.0,1.0,46.0,1.0,0.013,1.0,0.002,1.0,0.8,1.0,0.002,1.0,0.031,1.0,0.032,1.0,0.0,0.0,0.0,0.0,0.0,0.0,0.0,0.0
2023-01-01 09:00:00,DATAR1,2023-01-01 09:00:00,131121.0,43.0,1.0,45.0,1.0,0.011,1.0,0.002,1.0,0.8,1.0,0.006,1.0,0.032,1.0,0.038,1.0,0.0,0.0,0.0,0.0,0.0,0.0,0.0,0.0
2023-01-01 10:00:00,DATAR1,2023-01-01 10:00:00,131121.0,61.0,1.0,49.0,1.0,0.014,1.0,0.003,1.0,0.8,1.0,0.009,1.0,0.03,1.0,0.039,1.0,0.0,0.0,0.0,0.0,0.0,0.0,0.0,0.0
2023-01-01 11:00:00,DATAR1,2023-01-01 11:00:00,131121.0,62.0,1.0,58.0,1.0,0.021,1.0,0.003,1.0,0.7,1.0,0.009,1.0,0.024,1.0,0.033,1.0,0.0,0.0,0.0,0.0,0.0,0.0,0.0,0.0
2023-01-01 12:00:00,DATAR1,2023-01-01 12:00:00,131121.0,60.0,1.0,55.0,1.0,0.027,1.0,0.004,1.0,0.7,1.0,0.007,1.0,0.022,1.0,0.029,1.0,0.0,0.0,0.0,0.0,0.0,0.0,0.0,0.0
2023-01-01 13:00:00,DATAR1,2023-01-01 13:00:00,131121.0,50.0,1.0,50.0,1.0,0.03,1.0,0.004,1.0,0.7,1.0,0.006,1.0,0.02,1.0,0.026,1.0,0.0,0.0,0.0,0.0,0.0,0.0,0.0,0.0
2023-01-01 14:00:00,DATAR1,2023-01-01 14:00:00,131121.0,44.0,1.0,45.0,1.0,0.036,1.0,0.003,1.0,0.6,1.0,0.004,1.0,0.015,1.0,0.019,1.0,0.0,0.0,0.0,0.0,0.0,0.0,0.0,0.0
2023-01-01 15:00:00,DATAR1,2023-01-01 15:00:00,131121.0,31.0,1.0,35.0,1.0,0.039,1.0,0.002,1.0,0.5,1.0,0.003,1.0,0.013,1.0,0.015,1.0,0.0,0.0,0.0,0.0,0.0,0.0,0.0,0.0
2023-01-01 16:00:00,DATAR1,2023-01-01 16:00:00,131121.0,34.0,1.0,27.0,1.0,0.04,1.0,0.002,1.0,0.5,1.0,0.002,1.0,0.014,1.0,0.016,1.0,0.0,0.0,0.0,0.0,0.0,0.0,0.0,0.0
2023-01-01 17:00:00,DATAR1,2023-01-01 17:00:00,131121.0,36.0,1.0,23.0,1.0,0.037,1.0,0.002,1.0,0.5,1.0,0.002,1.0,0.015,1.0,0.017,1.0,0.0,0.0,0.0,0.0,0.0,0.0,0.0,0.0
2023-01-01 18:00:00,DATAR1,2023-01-01 18:00:00,131121.0,31.0,1.0,22.0,1.0,0.031,1.0,0.002,1.0,0.5,1.0,0.001,1.0,0.019,1.0,0.02,1.0,0.0,0.0,0.0,0.0,0.0,0.0,0.0,0.0
2023-01-01 19:00:00,DATAR1,2023-01-01 19:00:00,131121.0,24.0,1.0,17.0,1.0,0.027,1.0,0.002,1.0,0.5,1.0,0.001,1.0,0.02,1.0,0.021,1.0,0.0,0.0,0.0,0.0,0.0,0.0,0.0,0.0
2023-01-01 20:00:00,DATAR1,2023-01-01 20:00:00,131121.0,23.0,1.0,13.0,1.0,0.027,1.0,0.002,1.0,0.5,1.0,0.001,1.0,0.02,1.0,0.022,1.0,0.0,0.0,0.0,0.0,0.0,0.0,0.0,0.0
2023-01-01 21:00:00,DATAR1,2023-01-01 21:00:00,131121.0,25.0,1.0,16.0,1.0,0.028,1.0,0.002,1.0,0.6,1.0,0.001,1.0,0.019,1.0,0.021,1.0,0.0,0.0,0.0,0.0,0.0,0.0,0.0,0.0
2023-01-01 22:00:00,DATAR1,2023-01-01 22:00:00,131121.0,21.0,1.0,12.0,1.0,0.03,1.0,0.002,1.0,0.5,1.0,0.001,1.0,0.016,1.0,0.018,1.0,0.0,0.0,0.0,0.0,0.0,0.0,0.0,0.0
2023-01-01 23:00:00,DATAR1,2023-01-01 23:00:00,131121.0,18.0,1.0,10.0,1.0,0.029,1.0,0.002,1.0,0.4,1.0,0.001,1.0,0.014,1.0,0.014,1.0,0.0,0.0,0.0,0.0,0.0,0.0,0.0,0.0
2023-01-02 00:00:00,DATAR1,2023-01-02 00:00:00,131121.0,15.0,1.0,10.0,1.0,0.026,1.0,0.002,1.0,0.4,1.0,0.001,1.0,0.014,1.0,0.015,1.0,0.0,0.0,0.0,0.0,0.0,0.0,0.0,0.0
2023-01-02 01:00:00,DATAR1,2023-01-02 01:00:00,131121.0,24.0,1.0,10.0,1.0,0.024,1.0,0.002,1.0,0.4,1.0,0.001,1.0,0.016,1.0,0.017,1.0,0.0,0.0,0.0,0.0,0.0,0.0,0.0,0.0
2023-01-02 02:00:00,DATAR1,2023-01-02 02:00:00,131121.0,18.0,1.0,12.0,1.0,0.027,1.0,0.002,1.0,0.4,1.0,0.001,1.0,0.012,1.0,0.013,1.0,0.0,0.0,0.0,0.0,0.0,0.0,0.0,0.0
2023-01-02 03:00:00,DATAR1,2023-01-02 03:00:00,131121.0,13.0,1.0,10.0,1.0,0.025,1.0,0.002,1.0,0.4,1.0,0.001,1.0,0.013,1.0,0.014,1.0,0.0,0.0,0.0,0.0,0.0,0.0,0.0,0.0
2023-01-02 04:00:00,DATAR1,2023-01-02 04:00:00,131121.0,19.0,1.0,8.0,1.0,0.023,1.0,0.002,1.0,0.4,1.0,0.001,1.0,0.014,1.0,0.015,1.0,0.0,0.0,0.0,0.0,0.0,0.0,0.0,0.0
2023-01-02 05:00:00,DATAR1,2023-01-02 05:00:00,131121.0,16.0,1.0,12.0,1.0,0.023,1.0,0.002,1.0,0.4,1.0,0.001,1.0,0.014,1.0,0.014,1.0,0.0,0.0,0.0,0.0,0.0,0.0,0.0,0.0
2023-01-02 06:00:00,DATAR1,2023-01-02 06:00:00,131121.0,18.0,1.0,13.0,1.0,0.019,1.0,0.002,1.0,0.4,1.0,0.002,1.0,0.018,1.0,0.02,1.0,0.0,0.0,0.0,0.0,0.0,0.0,0.0,0.0
2023-01-02 07:00:00,DATAR1,2023-01-02 07:00:00,131121.0,24.0,1.0,13.0,1.0,0.013,1.0,0.002,1.0,0.5,1.0,0.002,1.0,0.024,1.0,0.026,1.0,0.0,0.0,0.0,0.0,0.0,0.0,0.0,0.0
2023-01-02 08:00:00,DATAR1,2023-01-02 08:00:00,131121.0,18.0,1.0,12.0,1.0,0.006,1.0,0.002,1.0,0.5,1.0,0.01,1.0,0.034,1.0,0.044,1.0,0.0,0.0,0.0,0.0,0.0,0.0,0.0,0.0
2023-01-02 09:00:00,DATAR1,2023-01-02 09:00:00,131121.0,22.0,1.0,11.0,1.0,0.006,1.0,0.002,1.0,0.6,1.0,0.021,1.0,0.036,1.0,0.057,1.0,0.0,0.0,0.0,0.0,0.0,0.0,0.0,0.0
2023-01-02 10:00:00,DATAR1,2023-01-02 10:00:00,131121.0,16.0,1.0,15.0,1.0,0.009,1.0,0.003,1.0,0.6,1.0,0.034,1.0,0.033,1.0,0.067,1.0,0.0,0.0,0.0,0.0,0.0,0.0,0.0,0.0
2023-01-02 11:00:00,DATAR1,2023-01-02 11:00:00,131121.0,21.0,1.0,17.0,1.0,0.013,1.0,0.003,1.0,0.6,1.0,0.028,1.0,0.028,1.0,0.056,1.0,0.0,0.0,0.0,0.0,0.0,0.0,0.0,0.0
2023-01-02 12:00:00,DATAR1,2023-01-02 12:00:00,131121.0,31.0,1.0,17.0,1.0,0.016,1.0,0.003,1.0,0.5,1.0,0.029,1.0,0.026,1.0,0.054,1.0,0.0,0.0,0.0,0.0,0.0,0.0,0.0,0.0
2023-01-02 13:00:00,DATAR1,2023-01-02 13:00:00,131121.0,25.0,1.0,16.0,1.0,0.018,1.0,0.003,1.0,0.6,1.0,0.018,1.0,0.024,1.0,0.042,1.0,0.0,0.0,0.0,0.0,0.0,0.0,0.0,0.0
2023-01-02 14:00:00,DATAR1,2023-01-02 14:00:00,131121.0,24.0,1.0,14.0,1.0,0.021,1.0,0.003,1.0,0.5,1.0,0.014,1.0,0.022,1.0,0.036,1.0,0.0,0.0,0.0,0.0,0.0,0.0,0.0,0.0
2023-01-02 15:00:00,DATAR1,2023-01-02 15:00:00,131121.0,28.0,1.0,13.0,1.0,0.023,1.0,0.003,1.0,0.5,1.0,0.013,1.0,0.022,1.0,0.034,1.0,0.0,0.0,0.0,0.0,0.0,0.0,0.0,0.0
2023-01-02 16:00:00,DATAR1,2023-01-02 16:00:00,131121.0,29.0,1.0,13.0,1.0,0.022,1.0,0.002,1.0,0.5,1.0,0.008,1.0,0.021,1.0,0.029,1.0,0.0,0.0,0.0,0.0,0.0,0.0,0.0,0.0
2023-01-02 17:00:00,DATAR1,2023-01-02 17:00:00,131121.0,32.0,1.0,15.0,1.0,0.024,1.0,0.002,1.0,0.5,1.0,0.004,1.0,0.02,1.0,0.024,1.0,0.0,0.0,0.0,0.0,0.0,0.0,0.0,0.0
2023-01-02 18:00:00,DATAR1,2023-01-02 18:00:00,131121.0,34.0,1.0,15.0,1.0,0.02,1.0,0.002,1.0,0.4,1.0,0.004,1.0,0.024,1.0,0.028,1.0,0.0,0.0,0.0,0.0,0.0,0.0,0.0,0.0
2023-01-02 19:00:00,DATAR1,2023-01-02 19:00:00,131121.0,18.0,1.0,10.0,1.0,0.014,1.0,0.002,1.0,0.5,1.0,0.008,1.0,0.031,1.0,0.039,1.0,0.0,0.0,0.0,0.0,0.0,0.0,0.0,0.0
2023-01-02 20:00:00,DATAR1,2023-01-02 20:00:00,131121.0,26.0,1.0,12.0,1.0,0.008,1.0,0.002,1.0,0.4,1.0,0.01,1.0,0.038,1.0,0.048,1.0,0.0,0.0,0.0,0.0,0.0,0.0,0.0,0.0
2023-01-02 21:00:00,DATAR1,2023-01-02 21:00:00,131121.0,25.0,1.0,14.0,1.0,0.01,1.0,0.002,1.0,0.5,1.0,0.004,1.0,0.035,1.0,0.039,1.0,0.0,0.0,0.0,0.0,0.0,0.0,0.0,0.0
2023-01-02 22:00:00,DATAR1,2023-01-02 22:00:00,131121.0,30.0,1.0,12.0,1.0,0.009,1.0,0.002,1.0,0.5,1.0,0.003,1.0,0.035,1.0,0.038,1.0,0.0,0.0,0.0,0.0,0.0,0.0,0.0,0.0
2023-01-02 23:00:00,DATAR1,2023-01-02 23:00:00,131121.0,30.0,1.0,13.0,1.0,0.012,1.0,0.002,1.0,0.5,1.0,0.002,1.0,0.03,1.0,0.032,1.0,0.0,0.0,0.0,0.0,0.0,0.0,0.0,0.0
2023-01-03 00:00:00,DATAR1,2023-01-03 00:00:00,131121.0,25.0,1.0,12.0,1.0,0.015,1.0,0.002,1.0,0.5,1.0,0.002,1.0,0.027,1.0,0.029,1.0,0.0,0.0,0.0,0.0,0.0,0.0,0.0,0.0
2023-01-03 01:00:00,DATAR1,2023-01-03 01:00:00,131121.0,33.0,1.0,14.0,1.0,0.02,1.0,0.002,1.0,0.4,1.0,0.001,1.0,0.02,1.0,0.022,1.0,0.0,0.0,0.0,0.0,0.0,0.0,0.0,0.0
2023-01-03 02:00:00,DATAR1,2023-01-03 02:00:00,131121.0,26.0,1.0,18.0,1.0,0.014,1.0,0.002,1.0,0.5,1.0,0.002,1.0,0.026,1.0,0.028,1.0,0.0,0.0,0.0,0.0,0.0,0.0,0.0,0.0
2023-01-03 03:00:00,DATAR1,2023-01-03 03:00:00,131121.0,32.0,1.0,19.0,1.0,0.018,1.0,0.002,1.0,0.4,1.0,0.002,1.0,0.024,1.0,0.025,1.0,0.0,0.0,0.0,0.0,0.0,0.0,0.0,0.0
2023-01-03 04:00:00,DATAR1,2023-01-03 04:00:00,131121.0,29.0,1.0,17.0,1.0,0.02,1.0,0.002,1.0,0.4,1.0,0.002,1.0,0.019,1.0,0.021,1.0,0.0,0.0,0.0,0.0,0.0,0.0,0.0,0.0
2023-01-03 05:00:00,DATAR1,2023-01-03 05:00:00,131121.0,28.0,1.0,18.0,1.0,0.016,1.0,0.002,1.0,0.5,1.0,0.002,1.0,0.023,1.0,0.024,1.0,0.0,0.0,0.0,0.0,0.0,0.0,0.0,0.0
2023-01-03 06:00:00,DATAR1,2023-01-03 06:00:00,131121.0,32.0,1.0,19.0,1.0,0.005,1.0,0.002,1.0,0.6,1.0,0.005,1.0,0.036,1.0,0.041,1.0,0.0,0.0,0.0,0.0,0.0,0.0,0.0,0.0
2023-01-03 07:00:00,DATAR1,2023-01-03 07:00:00,131121.0,25.0,1.0,19.0,1.0,0.002,1.0,0.002,1.0,0.7,1.0,0.032,1.0,0.044,1.0,0.076,1.0,0.0,0.0,0.0,0.0,0.0,0.0,0.0,0.0
2023-01-03 08:00:00,DATAR1,2023-01-03 08:00:00,131121.0,24.0,1.0,19.0,1.0,0.001,1.0,0.002,1.0,0.8,1.0,0.031,1.0,0.045,1.0,0.076,1.0,0.0,0.0,0.0,0.0,0.0,0.0,0.0,0.0
2023-01-03 09:00:00,DATAR1,2023-01-03 09:00:00,131121.0,30.0,1.0,19.0,1.0,0.003,1.0,0.002,1.0,1.0,1.0,0.045,1.0,0.048,1.0,0.093,1.0,0.0,0.0,0.0,0.0,0.0,0.0,0.0,0.0
2023-01-03 10:00:00,DATAR1,2023-01-03 10:00:00,131121.0,21.0,1.0,22.0,1.0,0.007,1.0,0.003,1.0,0.9,1.0,0.048,1.0,0.043,1.0,0.091,1.0,0.0,0.0,0.0,0.0,0.0,0.0,0.0,0.0
2023-01-03 11:00:00,DATAR1,2023-01-03 11:00:00,131121.0,39.0,1.0,22.0,1.0,0.008,1.0,0.003,1.0,0.8,1.0,0.064,1.0,0.044,1.0,0.108,1.0,0.0,0.0,0.0,0.0,0.0,0.0,0.0,0.0
2023-01-03 12:00:00,DATAR1,2023-01-03 12:00:00,131121.0,29.0,1.0,26.0,1.0,0.01,1.0,0.003,1.0,0.7,1.0,0.06,1.0,0.042,1.0,0.102,1.0,0.0,0.0,0.0,0.0,0.0,0.0,0.0,0.0
2023-01-03 13:00:00,DATAR1,2023-01-03 13:00:00,131121.0,39.0,1.0,27.0,1.0,0.014,1.0,0.003,1.0,0.6,1.0,0.041,1.0,0.036,1.0,0.076,1.0,0.0,0.0,0.0,0.0,0.0,0.0,0.0,0.0
2023-01-03 14:00:00,DATAR1,2023-01-03 14:00:00,131121.0,20.0,1.0,18.0,1.0,0.026,1.0,0.002,1.0,0.4,1.0,0.011,1.0,0.02,1.0,0.031,1.0,0.0,0.0,0.0,0.0,0.0,0.0,0.0,0.0
2023-01-03 15:00:00,DATAR1,2023-01-03 15:00:00,131121.0,23.0,1.0,12.0,1.0,0.026,1.0,0.002,1.0,0.4,1.0,0.01,1.0,0.02,1.0,0.029,1.0,0.0,0.0,0.0,0.0,0.0,0.0,0.0,0.0
2023-01-03 16:00:00,DATAR1,2023-01-03 16:00:00,131121.0,20.0,1.0,10.0,1.0,0.029,1.0,0.002,1.0,0.4,1.0,0.006,1.0,0.018,1.0,0.025,1.0,0.0,0.0,0.0,0.0,0.0,0.0,0.0,0.0
2023-01-03 17:00:00,DATAR1,2023-01-03 17:00:00,131121.0,36.0,1.0,10.0,1.0,0.027,1.0,0.002,1.0,0.5,1.0,0.004,1.0,0.02,1.0,0.024,1.0,0.0,0.0,0.0,0.0,0.0,0.0,0.0,0.0
2023-01-03 18:00:00,DATAR1,2023-01-03 18:00:00,131121.0,31.0,1.0,12.0,1.0,0.022,1.0,0.002,1.0,0.5,1.0,0.002,1.0,0.024,1.0,0.026,1.0,0.0,0.0,0.0,0.0,0.0,0.0,0.0,0.0
2023-01-03 19:00:00,DATAR1,2023-01-03 19:00:00,131121.0,28.0,1.0,11.0,1.0,0.015,1.0,0.002,1.0,0.4,1.0,0.009,1.0,0.034,1.0,0.043,1.0,0.0,0.0,0.0,0.0,0.0,0.0,0.0,0.0
2023-01-03 20:00:00,DATAR1,2023-01-03 20:00:00,131121.0,23.0,1.0,13.0,1.0,0.012,1.0,0.002,1.0,0.5,1.0,0.009,1.0,0.035,1.0,0.044,1.0,0.0,0.0,0.0,0.0,0.0,0.0,0.0,0.0
2023-01-03 21:00:00,DATAR1,2023-01-03 21:00:00,131121.0,21.0,1.0,15.0,1.0,0.013,1.0,0.002,1.0,0.5,1.0,0.004,1.0,0.034,1.0,0.038,1.0,0.0,0.0,0.0,0.0,0.0,0.0,0.0,0.0
2023-01-03 22:00:00,DATAR1,2023-01-03 22:00:00,131121.0,25.0,1.0,12.0,1.0,0.011,1.0,0.002,1.0,0.6,1.0,0.003,1.0,0.037,1.0,0.04,1.0,0.0,0.0,0.0,0.0,0.0,0.0,0.0,0.0
2023-01-03 23:00:00,DATAR1,2023-01-03 23:00:00,131121.0,27.0,1.0,13.0,1.0,0.01,1.0,0.002,1.0,0.5,1.0,0.002,1.0,0.038,1.0,0.04,1.0,0.0,0.0,0.0,0.0,0.0,0.0,0.0,0.0
2023-01-04 00:00:00,DATAR1,2023-01-04 00:00:00,131121.0,25.0,1.0,16.0,1.0,0.004,1.0,0.002,1.0,0.6,1.0,0.008,1.0,0.047,1.0,0.054,1.0,0.0,0.0,0.0,0.0,0.0,0.0,0.0,0.0
2023-01-04 01:00:00,DATAR1,2023-01-04 01:00:00,131121.0,39.0,1.0,16.0,1.0,0.003,1.0,0.002,1.0,0.6,1.0,0.008,1.0,0.048,1.0,0.056,1.0,0.0,0.0,0.0,0.0,0.0,0.0,0.0,0.0
2023-01-04 02:00:00,DATAR1,2023-01-04 02:00:00,131121.0,22.0,1.0,16.0,1.0,0.002,1.0,0.002,1.0,0.6,1.0,0.009,1.0,0.048,1.0,0.057,1.0,0.0,0.0,0.0,0.0,0.0,0.0,0.0,0.0
2023-01-04 03:00:00,DATAR1,2023-01-04 03:00:00,131121.0,29.0,1.0,18.0,1.0,0.002,1.0,0.002,1.0,0.6,1.0,0.008,1.0,0.047,1.0,0.055,1.0,0.0,0.0,0.0,0.0,0.0,0.0,0.0,0.0
2023-01-04 04:00:00,DATAR1,2023-01-04 04:00:00,131121.0,25.0,1.0,21.0,1.0,0.001,1.0,0.002,1.0,0.7,1.0,0.026,1.0,0.052,1.0,0.078,1.0,0.0,0.0,0.0,0.0,0.0,0.0,0.0,0.0
2023-01-04 05:00:00,DATAR1,2023-01-04 05:00:00,131121.0,21.0,1.0,20.0,1.0,0.001,1.0,0.002,1.0,0.8,1.0,0.031,1.0,0.052,1.0,0.083,1.0,0.0,0.0,0.0,0.0,0.0,0.0,0.0,0.0
2023-01-04 06:00:00,DATAR1,2023-01-04 06:00:00,131121.0,25.0,1.0,16.0,1.0,0.001,1.0,0.002,1.0,0.8,1.0,0.037,1.0,0.049,1.0,0.085,1.0,0.0,0.0,0.0,0.0,0.0,0.0,0.0,0.0
2023-01-04 07:00:00,DATAR1,2023-01-04 07:00:00,131121.0,29.0,1.0,16.0,1.0,0.002,1.0,0.003,1.0,0.6,1.0,0.046,1.0,0.051,1.0,0.098,1.0,0.0,0.0,0.0,0.0,0.0,0.0,0.0,0.0
2023-01-04 08:00:00,DATAR1,2023-01-04 08:00:00,131121.0,27.0,1.0,19.0,1.0,0.001,1.0,0.003,1.0,0.6,1.0,0.057,1.0,0.053,1.0,0.11,1.0,0.0,0.0,0.0,0.0,0.0,0.0,0.0,0.0
2023-01-04 09:00:00,DATAR1,2023-01-04 09:00:00,131121.0,39.0,1.0,22.0,1.0,0.002,1.0,0.004,1.0,0.8,1.0,0.146,1.0,0.061,1.0,0.207,1.0,0.0,0.0,0.0,0.0,0.0,0.0,0.0,0.0
2023-01-04 10:00:00,DATAR1,2023-01-04 10:00:00,131121.0,54.0,1.0,23.0,1.0,0.005,1.0,0.004,1.0,0.8,1.0,0.115,1.0,0.056,1.0,0.171,1.0,0.0,0.0,0.0,0.0,0.0,0.0,0.0,0.0
2023-01-04 11:00:00,DATAR1,2023-01-04 11:00:00,131121.0,30.0,1.0,24.0,1.0,0.01,1.0,0.004,1.0,0.7,1.0,0.061,1.0,0.048,1.0,0.109,1.0,0.0,0.0,0.0,0.0,0.0,0.0,0.0,0.0
2023-01-04 12:00:00,DATAR1,2023-01-04 12:00:00,131121.0,35.0,1.0,25.0,1.0,0.01,1.0,0.004,1.0,0.7,1.0,0.057,1.0,0.044,1.0,0.102,1.0,0.0,0.0,0.0,0.0,0.0,0.0,0.0,0.0
2023-01-04 13:00:00,DATAR1,2023-01-04 13:00:00,131121.0,39.0,1.0,27.0,1.0,0.016,1.0,0.003,1.0,0.6,1.0,0.03,1.0,0.038,1.0,0.067,1.0,0.0,0.0,0.0,0.0,0.0,0.0,0.0,0.0
2023-01-04 14:00:00,DATAR1,2023-01-04 14:00:00,131121.0,32.0,1.0,24.0,1.0,0.024,1.0,0.003,1.0,0.5,1.0,0.015,1.0,0.028,1.0,0.042,1.0,0.0,0.0,0.0,0.0,0.0,0.0,0.0,0.0
2023-01-04 15:00:00,DATAR1,2023-01-04 15:00:00,131121.0,24.0,1.0,19.0,1.0,0.028,1.0,0.002,1.0,0.5,1.0,0.009,1.0,0.022,1.0,0.031,1.0,0.0,0.0,0.0,0.0,0.0,0.0,0.0,0.0
2023-01-04 16:00:00,DATAR1,2023-01-04 16:00:00,131121.0,31.0,1.0,16.0,1.0,0.026,1.0,0.002,1.0,0.5,1.0,0.009,1.0,0.028,1.0,0.037,1.0,0.0,0.0,0.0,0.0,0.0,0.0,0.0,0.0
2023-01-04 17:00:00,DATAR1,2023-01-04 17:00:00,131121.0,47.0,1.0,17.0,1.0,0.023,1.0,0.002,1.0,0.5,1.0,0.005,1.0,0.031,1.0,0.036,1.0,0.0,0.0,0.0,0.0,0.0,0.0,0.0,0.0
2023-01-04 18:00:00,DATAR1,2023-01-04 18:00:00,131121.0,49.0,1.0,22.0,1.0,0.013,1.0,0.002,1.0,0.5,1.0,0.005,1.0,0.043,1.0,0.048,1.0,0.0,0.0,0.0,0.0,0.0,0.0,0.0,0.0
2023-01-04 19:00:00,DATAR1,2023-01-04 19:00:00,131121.0,40.0,1.0,24.0,1.0,0.01,1.0,0.002,1.0,0.6,1.0,0.005,1.0,0.045,1.0,0.05,1.0,0.0,0.0,0.0,0.0,0.0,0.0,0.0,0.0
2023-01-04 20:00:00,DATAR1,2023-01-04 20:00:00,131121.0,23.0,1.0,25.0,1.0,0.01,1.0,0.002,1.0,0.6,1.0,0.007,1.0,0.044,1.0,0.051,1.0,0.0,0.0,0.0,0.0,0.0,0.0,0.0,0.0
2023-01-04 21:00:00,DATAR1,2023-01-04 21:00:00,131121.0,32.0,1.0,24.0,1.0,0.002,1.0,0.002,1.0,0.7,1.0,0.016,1.0,0.057,1.0,0.074,1.0,0.0,0.0,0.0,0.0,0.0,0.0,0.0,0.0
2023-01-04 22:00:00,DATAR1,2023-01-04 22:00:00,131121.0,22.0,1.0,28.0,1.0,0.001,1.0,0.002,1.0,0.8,1.0,0.022,1.0,0.059,1.0,0.081,1.0,0.0,0.0,0.0,0.0,0.0,0.0,0.0,0.0
2023-01-04 23:00:00,DATAR1,2023-01-04 23:00:00,131121.0,33.0,1.0,34.0,1.0,0.001,1.0,0.002,1.0,0.7,1.0,0.022,1.0,0.059,1.0,0.081,1.0,0.0,0.0,0.0,0.0,0.0,0.0,0.0,0.0
2023-01-05 00:00:00,DATAR1,2023-01-05 00:00:00,131121.0,27.0,1.0,32.0,1.0,0.001,1.0,0.002,1.0,0.8,1.0,0.024,1.0,0.059,1.0,0.083,1.0,0.0,0.0,0.0,0.0,0.0,0.0,0.0,0.0
2023-01-05 01:00:00,DATAR1,2023-01-05 01:00:00,131121.0,33.0,1.0,34.0,1.0,0.001,1.0,0.002,1.0,0.8,1.0,0.04,1.0,0.061,1.0,0.102,1.0,0.0,0.0,0.0,0.0,0.0,0.0,0.0,0.0
2023-01-05 02:00:00,DATAR1,2023-01-05 02:00:00,131121.0,39.0,1.0,36.0,1.0,0.001,1.0,0.002,1.0,0.8,1.0,0.026,1.0,0.06,1.0,0.086,1.0,0.0,0.0,0.0,0.0,0.0,0.0,0.0,0.0
2023-01-05 03:00:00,DATAR1,2023-01-05 03:00:00,131121.0,37.0,1.0,35.0,1.0,0.002,1.0,0.002,1.0,0.7,1.0,0.022,1.0,0.056,1.0,0.078,1.0,0.0,0.0,0.0,0.0,0.0,0.0,0.0,0.0
2023-01-05 04:00:00,DATAR1,2023-01-05 04:00:00,131121.0,36.0,1.0,34.0,1.0,0.001,1.0,0.002,1.0,0.8,1.0,0.042,1.0,0.056,1.0,0.098,1.0,0.0,0.0,0.0,0.0,0.0,0.0,0.0,0.0
2023-01-05 05:00:00,DATAR1,2023-01-05 05:00:00,131121.0,35.0,1.0,33.0,1.0,0.001,1.0,0.003,1.0,0.8,1.0,0.078,1.0,0.059,1.0,0.137,1.0,0.0,0.0,0.0,0.0,0.0,0.0,0.0,0.0
2023-01-05 06:00:00,DATAR1,2023-01-05 06:00:00,131121.0,31.0,1.0,32.0,1.0,0.001,1.0,0.003,1.0,0.8,1.0,0.09,1.0,0.06,1.0,0.15,1.0,0.0,0.0,0.0,0.0,0.0,0.0,0.0,0.0
2023-01-05 07:00:00,DATAR1,2023-01-05 07:00:00,131121.0,33.0,1.0,26.0,1.0,0.001,1.0,0.003,1.0,0.9,1.0,0.075,1.0,0.06,1.0,0.135,1.0,0.0,0.0,0.0,0.0,0.0,0.0,0.0,0.0
2023-01-05 08:00:00,DATAR1,2023-01-05 08:00:00,131121.0,32.0,1.0,29.0,1.0,0.001,1.0,0.004,1.0,1.1,1.0,0.172,1.0,0.068,1.0,0.24,1.0,0.0,0.0,0.0,0.0,0.0,0.0,0.0,0.0
2023-01-05 09:00:00,DATAR1,2023-01-05 09:00:00,131121.0,38.0,1.0,32.0,1.0,0.002,1.0,0.005,1.0,1.3,1.0,0.228,1.0,0.076,1.0,0.304,1.0,0.0,0.0,0.0,0.0,0.0,0.0,0.0,0.0
2023-01-05 10:00:00,DATAR1,2023-01-05 10:00:00,131121.0,39.0,1.0,34.0,1.0,0.002,1.0,0.005,1.0,1.2,1.0,0.198,1.0,0.072,1.0,0.27,1.0,0.0,0.0,0.0,0.0,0.0,0.0,0.0,0.0
2023-01-05 11:00:00,DATAR1,2023-01-05 11:00:00,131121.0,57.0,1.0,38.0,1.0,0.002,1.0,0.005,1.0,1.2,1.0,0.203,1.0,0.076,1.0,0.279,1.0,0.0,0.0,0.0,0.0,0.0,0.0,0.0,0.0
2023-01-05 12:00:00,DATAR1,2023-01-05 12:00:00,131121.0,50.0,1.0,44.0,1.0,0.006,1.0,0.003,1.0,0.8,1.0,0.063,1.0,0.053,1.0,0.116,1.0,0.0,0.0,0.0,0.0,0.0,0.0,0.0,0.0
2023-01-05 13:00:00,DATAR1,2023-01-05 13:00:00,131121.0,51.0,1.0,38.0,1.0,0.005,1.0,0.003,1.0,0.7,1.0,0.065,1.0,0.056,1.0,0.122,1.0,0.0,0.0,0.0,0.0,0.0,0.0,0.0,0.0
2023-01-05 14:00:00,DATAR1,2023-01-05 14:00:00,131121.0,,3.0,,3.0,,3.0,,3.0,,3.0,,3.0,,3.0,,3.0,0.0,0.0,0.0,0.0,0.0,0.0,0.0,0.0
2023-01-05 15:00:00,DATAR1,2023-01-05 15:00:00,131121.0,,3.0,,3.0,,3.0,,3.0,,3.0,,3.0,,3.0,,3.0,0.0,0.0,0.0,0.0,0.0,0.0,0.0,0.0
2023-01-05 16:00:00,DATAR1,2023-01-05 16:00:00,131121.0,52.0,1.0,38.0,1.0,0.008,1.0,0.003,1.0,0.6,1.0,0.025,1.0,0.05,1.0,0.074,1.0,0.0,0.0,0.0,0.0,0.0,0.0,0.0,0.0
2023-01-05 17:00:00,DATAR1,2023-01-05 17:00:00,131121.0,55.0,1.0,41.0,1.0,0.01,1.0,0.003,1.0,0.6,1.0,0.015,1.0,0.05,1.0,0.065,1.0,0.0,0.0,0.0,0.0,0.0,0.0,0.0,0.0
2023-01-05 18:00:00,DATAR1,2023-01-05 18:00:00,131121.0,65.0,1.0,47.0,1.0,0.014,1.0,0.003,1.0,0.6,1.0,0.004,1.0,0.046,1.0,0.049,1.0,0.0,0.0,0.0,0.0,0.0,0.0,0.0,0.0
2023-01-05 19:00:00,DATAR1,2023-01-05 19:00:00,131121.0,47.0,1.0,44.0,1.0,0.004,1.0,0.003,1.0,0.8,1.0,0.012,1.0,0.061,1.0,0.073,1.0,0.0,0.0,0.0,0.0,0.0,0.0,0.0,0.0
2023-01-05 20:00:00,DATAR1,2023-01-05 20:00:00,131121.0,53.0,1.0,47.0,1.0,0.002,1.0,0.003,1.0,0.9,1.0,0.03,1.0,0.067,1.0,0.096,1.0,0.0,0.0,0.0,0.0,0.0,0.0,0.0,0.0
2023-01-05 21:00:00,DATAR1,2023-01-05 21:00:00,131121.0,49.0,1.0,48.0,1.0,0.002,1.0,0.003,1.0,0.8,1.0,0.023,1.0,0.065,1.0,0.088,1.0,0.0,0.0,0.0,0.0,0.0,0.0,0.0,0.0
2023-01-05 22:00:00,DATAR1,2023-01-05 22:00:00,131121.0,61.0,1.0,37.0,1.0,0.001,1.0,0.003,1.0,0.8,1.0,0.041,1.0,0.067,1.0,0.107,1.0,0.0,0.0,0.0,0.0,0.0,0.0,0.0,0.0
2023-01-05 23:00:00,DATAR1,2023-01-05 23:00:00,131121.0,51.0,1.0,40.0,1.0,0.002,1.0,0.002,1.0,0.4,1.0,0.021,1.0,0.062,1.0,0.083,1.0,0.0,0.0,0.0,0.0,0.0,0.0,0.0,0.0
2023-01-06 00:00:00,DATAR1,2023-01-06 00:00:00,131121.0,46.0,1.0,38.0,1.0,0.001,1.0,0.002,1.0,0.4,1.0,0.021,1.0,0.062,1.0,0.083,1.0,0.0,0.0,0.0,0.0,0.0,0.0,0.0,0.0
2023-01-06 01:00:00,DATAR1,2023-01-06 01:00:00,131121.0,51.0,1.0,47.0,1.0,0.001,1.0,0.002,1.0,0.5,1.0,0.021,1.0,0.062,1.0,0.083,1.0,0.0,0.0,0.0,0.0,0.0,0.0,0.0,0.0
2023-01-06 02:00:00,DATAR1,2023-01-06 02:00:00,131121.0,46.0,1.0,47.0,1.0,0.001,1.0,0.003,1.0,0.6,1.0,0.028,1.0,0.063,1.0,0.091,1.0,0.0,0.0,0.0,0.0,0.0,0.0,0.0,0.0
2023-01-06 03:00:00,DATAR1,2023-01-06 03:00:00,131121.0,51.0,1.0,44.0,1.0,0.001,1.0,0.002,1.0,0.7,1.0,0.03,1.0,0.061,1.0,0.092,1.0,0.0,0.0,0.0,0.0,0.0,0.0,0.0,0.0
2023-01-06 04:00:00,DATAR1,2023-01-06 04:00:00,131121.0,49.0,1.0,45.0,1.0,0.001,1.0,0.003,1.0,0.8,1.0,0.047,1.0,0.065,1.0,0.112,1.0,0.0,0.0,0.0,0.0,0.0,0.0,0.0,0.0
2023-01-06 05:00:00,DATAR1,2023-01-06 05:00:00,131121.0,46.0,1.0,40.0,1.0,0.001,1.0,0.003,1.0,0.7,1.0,0.055,1.0,0.061,1.0,0.116,1.0,0.0,0.0,0.0,0.0,0.0,0.0,0.0,0.0
2023-01-06 06:00:00,DATAR1,2023-01-06 06:00:00,131121.0,46.0,1.0,39.0,1.0,0.001,1.0,0.003,1.0,0.7,1.0,0.058,1.0,0.06,1.0,0.118,1.0,0.0,0.0,0.0,0.0,0.0,0.0,0.0,0.0
2023-01-06 07:00:00,DATAR1,2023-01-06 07:00:00,131121.0,39.0,1.0,39.0,1.0,0.001,1.0,0.003,1.0,1.0,1.0,0.089,1.0,0.061,1.0,0.15,1.0,0.0,0.0,0.0,0.0,0.0,0.0,0.0,0.0
2023-01-06 08:00:00,DATAR1,2023-01-06 08:00:00,131121.0,42.0,1.0,44.0,1.0,0.001,1.0,0.004,1.0,1.1,1.0,0.13,1.0,0.066,1.0,0.197,1.0,0.0,0.0,0.0,0.0,0.0,0.0,0.0,0.0
2023-01-06 09:00:00,DATAR1,2023-01-06 09:00:00,131121.0,50.0,1.0,47.0,1.0,0.002,1.0,0.004,1.0,1.1,1.0,0.128,1.0,0.065,1.0,0.193,1.0,0.0,0.0,0.0,0.0,0.0,0.0,0.0,0.0
2023-01-06 10:00:00,DATAR1,2023-01-06 10:00:00,131121.0,53.0,1.0,51.0,1.0,0.004,1.0,0.004,1.0,0.9,1.0,0.092,1.0,0.054,1.0,0.146,1.0,0.0,0.0,0.0,0.0,0.0,0.0,0.0,0.0
2023-01-06 11:00:00,DATAR1,2023-01-06 11:00:00,131121.0,83.0,1.0,61.0,1.0,0.01,1.0,0.003,1.0,0.7,1.0,0.038,1.0,0.042,1.0,0.08,1.0,0.0,0.0,0.0,0.0,0.0,0.0,0.0,0.0
2023-01-06 12:00:00,DATAR1,2023-01-06 12:00:00,131121.0,82.0,1.0,69.0,1.0,0.016,1.0,0.003,1.0,0.6,1.0,0.023,1.0,0.036,1.0,0.059,1.0,0.0,0.0,0.0,0.0,0.0,0.0,0.0,0.0
2023-01-06 13:00:00,DATAR1,2023-01-06 13:00:00,131121.0,,2.0,66.0,1.0,0.027,1.0,0.003,1.0,0.6,1.0,0.01,1.0,0.03,1.0,0.04,1.0,0.0,0.0,0.0,0.0,0.0,0.0,0.0,0.0
2023-01-06 14:00:00,DATAR1,2023-01-06 14:00:00,131121.0,,2.0,60.0,1.0,0.027,1.0,0.004,1.0,0.6,1.0,0.009,1.0,0.033,1.0,0.042,1.0,0.0,0.0,0.0,0.0,0.0,0.0,0.0,0.0
2023-01-06 15:00:00,DATAR1,2023-01-06 15:00:00,131121.0,68.0,1.0,62.0,1.0,0.037,1.0,0.004,1.0,0.7,1.0,0.008,1.0,0.03,1.0,0.038,1.0,0.0,0.0,0.0,0.0,0.0,0.0,0.0,0.0
2023-01-06 16:00:00,DATAR1,2023-01-06 16:00:00,131121.0,80.0,1.0,68.0,1.0,0.039,1.0,0.003,1.0,0.8,1.0,0.004,1.0,0.029,1.0,0.033,1.0,0.0,0.0,0.0,0.0,0.0,0.0,0.0,0.0
2023-01-06 17:00:00,DATAR1,2023-01-06 17:00:00,131121.0,91.0,1.0,77.0,1.0,0.036,1.0,0.003,1.0,0.7,1.0,0.003,1.0,0.033,1.0,0.036,1.0,0.0,0.0,0.0,0.0,0.0,0.0,0.0,0.0
2023-01-06 18:00:00,DATAR1,2023-01-06 18:00:00,131121.0,101.0,1.0,73.0,1.0,0.023,1.0,0.003,1.0,0.8,1.0,0.004,1.0,0.046,1.0,0.05,1.0,0.0,0.0,0.0,0.0,0.0,0.0,0.0,0.0
2023-01-06 19:00:00,DATAR1,2023-01-06 19:00:00,131121.0,94.0,1.0,79.0,1.0,0.026,1.0,0.002,1.0,0.9,1.0,0.003,1.0,0.04,1.0,0.043,1.0,0.0,0.0,0.0,0.0,0.0,0.0,0.0,0.0
2023-01-06 20:00:00,DATAR1,2023-01-06 20:00:00,131121.0,99.0,1.0,89.0,1.0,0.028,1.0,0.002,1.0,0.8,1.0,0.004,1.0,0.037,1.0,0.041,1.0,0.0,0.0,0.0,0.0,0.0,0.0,0.0,0.0
2023-01-06 21:00:00,DATAR1,2023-01-06 21:00:00,131121.0,97.0,1.0,91.0,1.0,0.023,1.0,0.002,1.0,0.8,1.0,0.004,1.0,0.041,1.0,0.044,1.0,0.0,0.0,0.0,0.0,0.0,0.0,0.0,0.0
2023-01-06 22:00:00,DATAR1,2023-01-06 22:00:00,131121.0,108.0,1.0,96.0,1.0,0.026,1.0,0.002,1.0,0.8,1.0,0.002,1.0,0.035,1.0,0.037,1.0,0.0,0.0,0.0,0.0,0.0,0.0,0.0,0.0
2023-01-06 23:00:00,DATAR1,2023-01-06 23:00:00,131121.0,99.0,1.0,95.0,1.0,0.031,1.0,0.002,1.0,0.7,1.0,0.001,1.0,0.029,1.0,0.03,1.0,0.0,0.0,0.0,0.0,0.0,0.0,0.0,0.0
2023-01-07 00:00:00,DATAR1,2023-01-07 00:00:00,131121.0,,2.0,95.0,1.0,0.026,1.0,0.002,1.0,0.7,1.0,0.001,1.0,0.031,1.0,0.032,1.0,0.0,0.0,0.0,0.0,0.0,0.0,0.0,0.0
2023-01-07 01:00:00,DATAR1,2023-01-07 01:00:00,131121.0,,2.0,80.0,1.0,0.021,1.0,0.001,1.0,0.9,1.0,0.001,1.0,0.034,1.0,0.036,1.0,0.0,0.0,0.0,0.0,0.0,0.0,0.0,0.0
2023-01-07 02:00:00,DATAR1,2023-01-07 02:00:00,131121.0,,2.0,72.0,1.0,0.022,1.0,0.001,1.0,1.0,1.0,0.001,1.0,0.033,1.0,0.034,1.0,0.0,0.0,0.0,0.0,0.0,0.0,0.0,0.0
2023-01-07 03:00:00,DATAR1,2023-01-07 03:00:00,131121.0,102.0,1.0,77.0,1.0,0.019,1.0,0.001,1.0,1.0,1.0,0.001,1.0,0.038,1.0,0.04,1.0,0.0,0.0,0.0,0.0,0.0,0.0,0.0,0.0
2023-01-07 04:00:00,DATAR1,2023-01-07 04:00:00,131121.0,108.0,1.0,89.0,1.0,0.008,1.0,0.001,1.0,1.2,1.0,0.003,1.0,0.051,1.0,0.054,1.0,0.0,0.0,0.0,0.0,0.0,0.0,0.0,0.0
2023-01-07 05:00:00,DATAR1,2023-01-07 05:00:00,131121.0,118.0,1.0,98.0,1.0,0.008,1.0,0.001,1.0,1.2,1.0,0.003,1.0,0.048,1.0,0.051,1.0,0.0,0.0,0.0,0.0,0.0,0.0,0.0,0.0
2023-01-07 06:00:00,DATAR1,2023-01-07 06:00:00,131121.0,139.0,1.0,110.0,1.0,0.018,1.0,0.002,1.0,1.2,1.0,0.002,1.0,0.034,1.0,0.036,1.0,0.0,0.0,0.0,0.0,0.0,0.0,0.0,0.0
2023-01-07 07:00:00,DATAR1,2023-01-07 07:00:00,131121.0,146.0,1.0,113.0,1.0,0.025,1.0,0.002,1.0,0.8,1.0,0.001,1.0,0.026,1.0,0.027,1.0,0.0,0.0,0.0,0.0,0.0,0.0,0.0,0.0
2023-01-07 08:00:00,DATAR1,2023-01-07 08:00:00,131121.0,120.0,1.0,115.0,1.0,0.02,1.0,0.002,1.0,0.8,1.0,0.002,1.0,0.032,1.0,0.034,1.0,0.0,0.0,0.0,0.0,0.0,0.0,0.0,0.0
2023-01-07 09:00:00,DATAR1,2023-01-07 09:00:00,131121.0,,2.0,103.0,1.0,0.02,1.0,0.002,1.0,0.7,1.0,0.002,1.0,0.032,1.0,0.034,1.0,0.0,0.0,0.0,0.0,0.0,0.0,0.0,0.0
2023-01-07 10:00:00,DATAR1,2023-01-07 10:00:00,131121.0,,2.0,98.0,1.0,0.019,1.0,0.002,1.0,0.8,1.0,0.006,1.0,0.035,1.0,0.041,1.0,0.0,0.0,0.0,0.0,0.0,0.0,0.0,0.0
2023-01-07 11:00:00,DATAR1,2023-01-07 11:00:00,131121.0,104.0,1.0,93.0,1.0,0.022,1.0,0.002,1.0,0.9,1.0,0.006,1.0,0.035,1.0,0.042,1.0,0.0,0.0,0.0,0.0,0.0,0.0,0.0,0.0
2023-01-07 12:00:00,DATAR1,2023-01-07 12:00:00,131121.0,120.0,1.0,93.0,1.0,0.023,1.0,0.002,1.0,0.8,1.0,0.006,1.0,0.032,1.0,0.038,1.0,0.0,0.0,0.0,0.0,0.0,0.0,0.0,0.0
2023-01-07 13:00:00,DATAR1,2023-01-07 13:00:00,131121.0,130.0,1.0,97.0,1.0,0.027,1.0,0.002,1.0,0.9,1.0,0.004,1.0,0.027,1.0,0.031,1.0,0.0,0.0,0.0,0.0,0.0,0.0,0.0,0.0
2023-01-07 14:00:00,DATAR1,2023-01-07 14:00:00,131121.0,149.0,1.0,100.0,1.0,0.03,1.0,0.002,1.0,0.8,1.0,0.004,1.0,0.028,1.0,0.032,1.0,0.0,0.0,0.0,0.0,0.0,0.0,0.0,0.0
2023-01-07 15:00:00,DATAR1,2023-01-07 15:00:00,131121.0,168.0,1.0,104.0,1.0,0.033,1.0,0.003,1.0,0.9,1.0,0.004,1.0,0.029,1.0,0.033,1.0,0.0,0.0,0.0,0.0,0.0,0.0,0.0,0.0
2023-01-07 16:00:00,DATAR1,2023-01-07 16:00:00,131121.0,150.0,1.0,108.0,1.0,0.036,1.0,0.003,1.0,0.9,1.0,0.002,1.0,0.028,1.0,0.031,1.0,0.0,0.0,0.0,0.0,0.0,0.0,0.0,0.0
2023-01-07 17:00:00,DATAR1,2023-01-07 17:00:00,131121.0,142.0,1.0,108.0,1.0,0.032,1.0,0.003,1.0,1.1,1.0,0.003,1.0,0.034,1.0,0.037,1.0,0.0,0.0,0.0,0.0,0.0,0.0,0.0,0.0
2023-01-07 18:00:00,DATAR1,2023-01-07 18:00:00,131121.0,137.0,1.0,107.0,1.0,0.034,1.0,0.002,1.0,1.0,1.0,0.002,1.0,0.031,1.0,0.033,1.0,0.0,0.0,0.0,0.0,0.0,0.0,0.0,0.0
2023-01-07 19:00:00,DATAR1,2023-01-07 19:00:00,131121.0,113.0,1.0,100.0,1.0,0.03,1.0,0.002,1.0,0.8,1.0,0.001,1.0,0.035,1.0,0.036,1.0,0.0,0.0,0.0,0.0,0.0,0.0,0.0,0.0
2023-01-07 20:00:00,DATAR1,2023-01-07 20:00:00,131121.0,,2.0,106.0,1.0,0.022,1.0,0.002,1.0,0.8,1.0,0.001,1.0,0.041,1.0,0.042,1.0,0.0,0.0,0.0,0.0,0.0,0.0,0.0,0.0
2023-01-07 21:00:00,DATAR1,2023-01-07 21:00:00,131121.0,,2.0,89.0,1.0,0.01,1.0,0.002,1.0,0.9,1.0,0.002,1.0,0.052,1.0,0.054,1.0,0.0,0.0,0.0,0.0,0.0,0.0,0.0,0.0
2023-01-07 22:00:00,DATAR1,2023-01-07 22:00:00,131121.0,86.0,1.0,78.0,1.0,0.008,1.0,0.002,1.0,1.0,1.0,0.003,1.0,0.053,1.0,0.056,1.0,0.0,0.0,0.0,0.0,0.0,0.0,0.0,0.0
2023-01-07 23:00:00,DATAR1,2023-01-07 23:00:00,131121.0,90.0,1.0,73.0,1.0,0.008,1.0,0.002,1.0,0.8,1.0,0.003,1.0,0.052,1.0,0.055,1.0,0.0,0.0,0.0,0.0,0.0,0.0,0.0,0.0
2023-01-08 00:00:00,DATAR1,2023-01-08 00:00:00,131121.0,92.0,1.0,70.0,1.0,0.002,1.0,0.002,1.0,1.0,1.0,0.011,1.0,0.058,1.0,0.07,1.0,0.0,0.0,0.0,0.0,0.0,0.0,0.0,0.0
2023-01-08 01:00:00,DATAR1,2023-01-08 01:00:00,131121.0,106.0,1.0,72.0,1.0,0.006,1.0,0.002,1.0,0.8,1.0,0.004,1.0,0.05,1.0,0.054,1.0,0.0,0.0,0.0,0.0,0.0,0.0,0.0,0.0
2023-01-08 02:00:00,DATAR1,2023-01-08 02:00:00,131121.0,111.0,1.0,75.0,1.0,0.004,1.0,0.002,1.0,1.0,1.0,0.009,1.0,0.052,1.0,0.061,1.0,0.0,0.0,0.0,0.0,0.0,0.0,0.0,0.0
2023-01-08 03:00:00,DATAR1,2023-01-08 03:00:00,131121.0,110.0,1.0,75.0,1.0,0.004,1.0,0.002,1.0,1.1,1.0,0.007,1.0,0.049,1.0,0.056,1.0,0.0,0.0,0.0,0.0,0.0,0.0,0.0,0.0
2023-01-08 04:00:00,DATAR1,2023-01-08 04:00:00,131121.0,113.0,1.0,73.0,1.0,0.002,1.0,0.002,1.0,1.1,1.0,0.01,1.0,0.052,1.0,0.061,1.0,0.0,0.0,0.0,0.0,0.0,0.0,0.0,0.0
2023-01-08 05:00:00,DATAR1,2023-01-08 05:00:00,131121.0,119.0,1.0,70.0,1.0,0.001,1.0,0.002,1.0,1.0,1.0,0.016,1.0,0.052,1.0,0.068,1.0,0.0,0.0,0.0,0.0,0.0,0.0,0.0,0.0
2023-01-08 06:00:00,DATAR1,2023-01-08 06:00:00,131121.0,122.0,1.0,72.0,1.0,0.002,1.0,0.002,1.0,0.9,1.0,0.016,1.0,0.05,1.0,0.066,1.0,0.0,0.0,0.0,0.0,0.0,0.0,0.0,0.0
2023-01-08 07:00:00,DATAR1,2023-01-08 07:00:00,131121.0,121.0,1.0,76.0,1.0,0.003,1.0,0.002,1.0,1.1,1.0,0.007,1.0,0.046,1.0,0.053,1.0,0.0,0.0,0.0,0.0,0.0,0.0,0.0,0.0
2023-01-08 08:00:00,DATAR1,2023-01-08 08:00:00,131121.0,120.0,1.0,84.0,1.0,0.001,1.0,0.002,1.0,1.3,1.0,0.036,1.0,0.052,1.0,0.088,1.0,0.0,0.0,0.0,0.0,0.0,0.0,0.0,0.0
2023-01-08 09:00:00,DATAR1,2023-01-08 09:00:00,131121.0,116.0,1.0,79.0,1.0,0.003,1.0,0.002,1.0,1.3,1.0,0.051,1.0,0.05,1.0,0.101,1.0,0.0,0.0,0.0,0.0,0.0,0.0,0.0,0.0
2023-01-08 10:00:00,DATAR1,2023-01-08 10:00:00,131121.0,130.0,1.0,80.0,1.0,0.009,1.0,0.002,1.0,1.1,1.0,0.037,1.0,0.043,1.0,0.08,1.0,0.0,0.0,0.0,0.0,0.0,0.0,0.0,0.0
2023-01-08 11:00:00,DATAR1,2023-01-08 11:00:00,131121.0,135.0,1.0,87.0,1.0,0.018,1.0,0.002,1.0,0.9,1.0,0.021,1.0,0.035,1.0,0.056,1.0,0.0,0.0,0.0,0.0,0.0,0.0,0.0,0.0
2023-01-08 12:00:00,DATAR1,2023-01-08 12:00:00,131121.0,147.0,1.0,87.0,1.0,0.029,1.0,0.002,1.0,0.8,1.0,0.009,1.0,0.024,1.0,0.033,1.0,0.0,0.0,0.0,0.0,0.0,0.0,0.0,0.0
2023-01-08 13:00:00,DATAR1,2023-01-08 13:00:00,131121.0,161.0,1.0,83.0,1.0,0.031,1.0,0.002,1.0,0.7,1.0,0.006,1.0,0.02,1.0,0.026,1.0,0.0,0.0,0.0,0.0,0.0,0.0,0.0,0.0
2023-01-08 14:00:00,DATAR1,2023-01-08 14:00:00,131121.0,132.0,1.0,72.0,1.0,0.032,1.0,0.002,1.0,0.7,1.0,0.005,1.0,0.019,1.0,0.024,1.0,0.0,0.0,0.0,0.0,0.0,0.0,0.0,0.0
2023-01-08 15:00:00,DATAR1,2023-01-08 15:00:00,131121.0,125.0,1.0,64.0,1.0,0.032,1.0,0.002,1.0,0.8,1.0,0.005,1.0,0.022,1.0,0.026,1.0,0.0,0.0,0.0,0.0,0.0,0.0,0.0,0.0
2023-01-08 16:00:00,DATAR1,2023-01-08 16:00:00,131121.0,130.0,1.0,63.0,1.0,0.03,1.0,0.002,1.0,0.8,1.0,0.004,1.0,0.024,1.0,0.028,1.0,0.0,0.0,0.0,0.0,0.0,0.0,0.0,0.0
2023-01-08 17:00:00,DATAR1,2023-01-08 17:00:00,131121.0,133.0,1.0,58.0,1.0,0.027,1.0,0.002,1.0,0.7,1.0,0.002,1.0,0.027,1.0,0.029,1.0,0.0,0.0,0.0,0.0,0.0,0.0,0.0,0.0
2023-01-08 18:00:00,DATAR1,2023-01-08 18:00:00,131121.0,116.0,1.0,59.0,1.0,0.021,1.0,0.002,1.0,0.7,1.0,0.003,1.0,0.034,1.0,0.037,1.0,0.0,0.0,0.0,0.0,0.0,0.0,0.0,0.0
2023-01-08 19:00:00,DATAR1,2023-01-08 19:00:00,131121.0,106.0,1.0,56.0,1.0,0.017,1.0,0.002,1.0,0.7,1.0,0.002,1.0,0.037,1.0,0.04,1.0,0.0,0.0,0.0,0.0,0.0,0.0,0.0,0.0
2023-01-08 20:00:00,DATAR1,2023-01-08 20:00:00,131121.0,97.0,1.0,53.0,1.0,0.017,1.0,0.002,1.0,0.8,1.0,0.002,1.0,0.034,1.0,0.036,1.0,0.0,0.0,0.0,0.0,0.0,0.0,0.0,0.0
2023-01-08 21:00:00,DATAR1,2023-01-08 21:00:00,131121.0,107.0,1.0,53.0,1.0,0.017,1.0,0.002,1.0,0.8,1.0,0.002,1.0,0.035,1.0,0.037,1.0,0.0,0.0,0.0,0.0,0.0,0.0,0.0,0.0
2023-01-08 22:00:00,DATAR1,2023-01-08 22:00:00,131121.0,105.0,1.0,56.0,1.0,0.008,1.0,0.002,1.0,0.9,1.0,0.01,1.0,0.044,1.0,0.054,1.0,0.0,0.0,0.0,0.0,0.0,0.0,0.0,0.0
2023-01-08 23:00:00,DATAR1,2023-01-08 23:00:00,131121.0,109.0,1.0,61.0,1.0,0.001,1.0,0.002,1.0,1.0,1.0,0.013,1.0,0.051,1.0,0.064,1.0,0.0,0.0,0.0,0.0,0.0,0.0,0.0,0.0
2023-01-09 00:00:00,DATAR1,2023-01-09 00:00:00,131121.0,107.0,1.0,63.0,1.0,0.009,1.0,0.002,1.0,0.8,1.0,0.003,1.0,0.042,1.0,0.045,1.0,0.0,0.0,0.0,0.0,0.0,0.0,0.0,0.0
2023-01-09 01:00:00,DATAR1,2023-01-09 01:00:00,131121.0,88.0,1.0,62.0,1.0,0.021,1.0,0.002,1.0,0.7,1.0,0.002,1.0,0.027,1.0,0.029,1.0,0.0,0.0,0.0,0.0,0.0,0.0,0.0,0.0
2023-01-09 02:00:00,DATAR1,2023-01-09 02:00:00,131121.0,105.0,1.0,62.0,1.0,0.02,1.0,0.003,1.0,0.7,1.0,0.001,1.0,0.027,1.0,0.028,1.0,0.0,0.0,0.0,0.0,0.0,0.0,0.0,0.0
2023-01-09 03:00:00,DATAR1,2023-01-09 03:00:00,131121.0,103.0,1.0,58.0,1.0,0.019,1.0,0.003,1.0,0.7,1.0,0.001,1.0,0.027,1.0,0.028,1.0,0.0,0.0,0.0,0.0,0.0,0.0,0.0,0.0
2023-01-09 04:00:00,DATAR1,2023-01-09 04:00:00,131121.0,97.0,1.0,53.0,1.0,0.016,1.0,0.003,1.0,0.8,1.0,0.001,1.0,0.03,1.0,0.031,1.0,0.0,0.0,0.0,0.0,0.0,0.0,0.0,0.0
2023-01-09 05:00:00,DATAR1,2023-01-09 05:00:00,131121.0,95.0,1.0,52.0,1.0,0.008,1.0,0.002,1.0,0.8,1.0,0.002,1.0,0.038,1.0,0.04,1.0,0.0,0.0,0.0,0.0,0.0,0.0,0.0,0.0
2023-01-09 06:00:00,DATAR1,2023-01-09 06:00:00,131121.0,100.0,1.0,52.0,1.0,0.006,1.0,0.003,1.0,0.8,1.0,0.006,1.0,0.041,1.0,0.047,1.0,0.0,0.0,0.0,0.0,0.0,0.0,0.0,0.0
2023-01-09 07:00:00,DATAR1,2023-01-09 07:00:00,131121.0,103.0,1.0,56.0,1.0,0.002,1.0,0.002,1.0,0.8,1.0,0.018,1.0,0.045,1.0,0.063,1.0,0.0,0.0,0.0,0.0,0.0,0.0,0.0,0.0
2023-01-09 08:00:00,DATAR1,2023-01-09 08:00:00,131121.0,104.0,1.0,59.0,1.0,0.004,1.0,0.002,1.0,0.7,1.0,0.019,1.0,0.041,1.0,0.06,1.0,0.0,0.0,0.0,0.0,0.0,0.0,0.0,0.0
2023-01-09 09:00:00,DATAR1,2023-01-09 09:00:00,131121.0,116.0,1.0,54.0,1.0,0.009,1.0,0.002,1.0,0.8,1.0,0.007,1.0,0.034,1.0,0.041,1.0,0.0,0.0,0.0,0.0,0.0,0.0,0.0,0.0
2023-01-09 10:00:00,DATAR1,2023-01-09 10:00:00,131121.0,144.0,1.0,55.0,1.0,0.006,1.0,0.002,1.0,0.8,1.0,0.024,1.0,0.04,1.0,0.064,1.0,0.0,0.0,0.0,0.0,0.0,0.0,0.0,0.0
2023-01-09 11:00:00,DATAR1,2023-01-09 11:00:00,131121.0,135.0,1.0,59.0,1.0,0.012,1.0,0.003,1.0,0.7,1.0,0.021,1.0,0.035,1.0,0.056,1.0,0.0,0.0,0.0,0.0,0.0,0.0,0.0,0.0
2023-01-09 12:00:00,DATAR1,2023-01-09 12:00:00,131121.0,124.0,1.0,59.0,1.0,0.015,1.0,0.003,1.0,0.8,1.0,0.025,1.0,0.039,1.0,0.064,1.0,0.0,0.0,0.0,0.0,0.0,0.0,0.0,0.0
2023-01-09 13:00:00,DATAR1,2023-01-09 13:00:00,131121.0,131.0,1.0,60.0,1.0,0.016,1.0,0.003,1.0,0.5,1.0,0.023,1.0,0.038,1.0,0.061,1.0,0.0,0.0,0.0,0.0,0.0,0.0,0.0,0.0
2023-01-09 14:00:00,DATAR1,2023-01-09 14:00:00,131121.0,141.0,1.0,58.0,1.0,0.024,1.0,0.003,1.0,0.4,1.0,0.011,1.0,0.03,1.0,0.042,1.0,0.0,0.0,0.0,0.0,0.0,0.0,0.0,0.0
2023-01-09 15:00:00,DATAR1,2023-01-09 15:00:00,131121.0,124.0,1.0,53.0,1.0,0.034,1.0,0.003,1.0,0.7,1.0,0.005,1.0,0.022,1.0,0.028,1.0,0.0,0.0,0.0,0.0,0.0,0.0,0.0,0.0
2023-01-09 16:00:00,DATAR1,2023-01-09 16:00:00,131121.0,108.0,1.0,47.0,1.0,0.036,1.0,0.003,1.0,0.7,1.0,0.003,1.0,0.021,1.0,0.024,1.0,0.0,0.0,0.0,0.0,0.0,0.0,0.0,0.0
2023-01-09 17:00:00,DATAR1,2023-01-09 17:00:00,131121.0,97.0,1.0,43.0,1.0,0.034,1.0,0.002,1.0,0.6,1.0,0.003,1.0,0.021,1.0,0.024,1.0,0.0,0.0,0.0,0.0,0.0,0.0,0.0,0.0
2023-01-09 18:00:00,DATAR1,2023-01-09 18:00:00,131121.0,79.0,1.0,35.0,1.0,0.029,1.0,0.002,1.0,0.6,1.0,0.002,1.0,0.025,1.0,0.027,1.0,0.0,0.0,0.0,0.0,0.0,0.0,0.0,0.0
2023-01-09 19:00:00,DATAR1,2023-01-09 19:00:00,131121.0,61.0,1.0,27.0,1.0,0.021,1.0,0.002,1.0,0.6,1.0,0.002,1.0,0.031,1.0,0.033,1.0,0.0,0.0,0.0,0.0,0.0,0.0,0.0,0.0
2023-01-09 20:00:00,DATAR1,2023-01-09 20:00:00,131121.0,49.0,1.0,32.0,1.0,0.017,1.0,0.002,1.0,0.6,1.0,0.004,1.0,0.034,1.0,0.038,1.0,0.0,0.0,0.0,0.0,0.0,0.0,0.0,0.0
2023-01-09 21:00:00,DATAR1,2023-01-09 21:00:00,131121.0,51.0,1.0,38.0,1.0,0.018,1.0,0.002,1.0,0.6,1.0,0.002,1.0,0.032,1.0,0.034,1.0,0.0,0.0,0.0,0.0,0.0,0.0,0.0,0.0
2023-01-09 22:00:00,DATAR1,2023-01-09 22:00:00,131121.0,52.0,1.0,30.0,1.0,0.032,1.0,0.003,1.0,0.6,1.0,0.001,1.0,0.018,1.0,0.019,1.0,0.0,0.0,0.0,0.0,0.0,0.0,0.0,0.0
2023-01-09 23:00:00,DATAR1,2023-01-09 23:00:00,131121.0,56.0,1.0,28.0,1.0,0.029,1.0,0.003,1.0,0.6,1.0,0.001,1.0,0.02,1.0,0.02,1.0,0.0,0.0,0.0,0.0,0.0,0.0,0.0,0.0
2023-01-10 00:00:00,DATAR1,2023-01-10 00:00:00,131121.0,58.0,1.0,30.0,1.0,0.029,1.0,0.003,1.0,0.6,1.0,0.001,1.0,0.018,1.0,0.019,1.0,0.0,0.0,0.0,0.0,0.0,0.0,0.0,0.0
2023-01-10 01:00:00,DATAR1,2023-01-10 01:00:00,131121.0,62.0,1.0,29.0,1.0,0.026,1.0,0.002,1.0,0.6,1.0,0.001,1.0,0.019,1.0,0.02,1.0,0.0,0.0,0.0,0.0,0.0,0.0,0.0,0.0
2023-01-10 02:00:00,DATAR1,2023-01-10 02:00:00,131121.0,61.0,1.0,28.0,1.0,0.027,1.0,0.002,1.0,0.5,1.0,0.001,1.0,0.017,1.0,0.018,1.0,0.0,0.0,0.0,0.0,0.0,0.0,0.0,0.0
2023-01-10 03:00:00,DATAR1,2023-01-10 03:00:00,131121.0,56.0,1.0,30.0,1.0,0.028,1.0,0.002,1.0,0.5,1.0,0.001,1.0,0.016,1.0,0.017,1.0,0.0,0.0,0.0,0.0,0.0,0.0,0.0,0.0
2023-01-10 04:00:00,DATAR1,2023-01-10 04:00:00,131121.0,55.0,1.0,32.0,1.0,0.017,1.0,0.002,1.0,0.6,1.0,0.001,1.0,0.027,1.0,0.028,1.0,0.0,0.0,0.0,0.0,0.0,0.0,0.0,0.0
2023-01-10 05:00:00,DATAR1,2023-01-10 05:00:00,131121.0,58.0,1.0,34.0,1.0,0.02,1.0,0.002,1.0,0.5,1.0,0.001,1.0,0.022,1.0,0.023,1.0,0.0,0.0,0.0,0.0,0.0,0.0,0.0,0.0
2023-01-10 06:00:00,DATAR1,2023-01-10 06:00:00,131121.0,51.0,1.0,31.0,1.0,0.024,1.0,0.002,1.0,0.5,1.0,0.001,1.0,0.019,1.0,0.02,1.0,0.0,0.0,0.0,0.0,0.0,0.0,0.0,0.0
2023-01-10 07:00:00,DATAR1,2023-01-10 07:00:00,131121.0,56.0,1.0,32.0,1.0,0.014,1.0,0.002,1.0,0.8,1.0,0.006,1.0,0.03,1.0,0.036,1.0,0.0,0.0,0.0,0.0,0.0,0.0,0.0,0.0
2023-01-10 08:00:00,DATAR1,2023-01-10 08:00:00,131121.0,58.0,1.0,29.0,1.0,0.002,1.0,0.002,1.0,0.9,1.0,0.06,1.0,0.048,1.0,0.108,1.0,0.0,0.0,0.0,0.0,0.0,0.0,0.0,0.0
2023-01-10 09:00:00,DATAR1,2023-01-10 09:00:00,131121.0,40.0,1.0,29.0,1.0,0.002,1.0,0.002,1.0,0.8,1.0,0.064,1.0,0.048,1.0,0.112,1.0,0.0,0.0,0.0,0.0,0.0,0.0,0.0,0.0
2023-01-10 10:00:00,DATAR1,2023-01-10 10:00:00,131121.0,55.0,1.0,32.0,1.0,0.004,1.0,0.003,1.0,0.9,1.0,0.099,1.0,0.056,1.0,0.155,1.0,0.0,0.0,0.0,0.0,0.0,0.0,0.0,0.0
2023-01-10 11:00:00,DATAR1,2023-01-10 11:00:00,131121.0,72.0,1.0,40.0,1.0,0.006,1.0,0.003,1.0,1.0,1.0,0.094,1.0,0.051,1.0,0.145,1.0,0.0,0.0,0.0,0.0,0.0,0.0,0.0,0.0
2023-01-10 12:00:00,DATAR1,2023-01-10 12:00:00,131121.0,69.0,1.0,44.0,1.0,0.008,1.0,0.003,1.0,1.0,1.0,0.077,1.0,0.05,1.0,0.126,1.0,0.0,0.0,0.0,0.0,0.0,0.0,0.0,0.0
2023-01-10 13:00:00,DATAR1,2023-01-10 13:00:00,131121.0,70.0,1.0,43.0,1.0,0.012,1.0,0.003,1.0,0.8,1.0,0.047,1.0,0.044,1.0,0.092,1.0,0.0,0.0,0.0,0.0,0.0,0.0,0.0,0.0
2023-01-10 14:00:00,DATAR1,2023-01-10 14:00:00,131121.0,66.0,1.0,43.0,1.0,0.014,1.0,0.003,1.0,0.8,1.0,0.036,1.0,0.042,1.0,0.078,1.0,0.0,0.0,0.0,0.0,0.0,0.0,0.0,0.0
2023-01-10 15:00:00,DATAR1,2023-01-10 15:00:00,131121.0,54.0,1.0,48.0,1.0,0.019,1.0,0.002,1.0,0.7,1.0,0.021,1.0,0.037,1.0,0.058,1.0,0.0,0.0,0.0,0.0,0.0,0.0,0.0,0.0
2023-01-10 16:00:00,DATAR1,2023-01-10 16:00:00,131121.0,56.0,1.0,40.0,1.0,0.016,1.0,0.002,1.0,0.7,1.0,0.019,1.0,0.041,1.0,0.06,1.0,0.0,0.0,0.0,0.0,0.0,0.0,0.0,0.0
2023-01-10 17:00:00,DATAR1,2023-01-10 17:00:00,131121.0,65.0,1.0,33.0,1.0,0.015,1.0,0.002,1.0,0.6,1.0,0.012,1.0,0.042,1.0,0.054,1.0,0.0,0.0,0.0,0.0,0.0,0.0,0.0,0.0
2023-01-10 18:00:00,DATAR1,2023-01-10 18:00:00,131121.0,62.0,1.0,32.0,1.0,0.009,1.0,0.002,1.0,0.6,1.0,0.009,1.0,0.05,1.0,0.06,1.0,0.0,0.0,0.0,0.0,0.0,0.0,0.0,0.0
2023-01-10 19:00:00,DATAR1,2023-01-10 19:00:00,131121.0,52.0,1.0,30.0,1.0,0.002,1.0,0.002,1.0,0.6,1.0,0.03,1.0,0.061,1.0,0.09,1.0,0.0,0.0,0.0,0.0,0.0,0.0,0.0,0.0
2023-01-10 20:00:00,DATAR1,2023-01-10 20:00:00,131121.0,52.0,1.0,36.0,1.0,0.001,1.0,0.002,1.0,0.7,1.0,0.041,1.0,0.064,1.0,0.104,1.0,0.0,0.0,0.0,0.0,0.0,0.0,0.0,0.0
2023-01-10 21:00:00,DATAR1,2023-01-10 21:00:00,131121.0,62.0,1.0,39.0,1.0,0.002,1.0,0.003,1.0,0.9,1.0,0.057,1.0,0.071,1.0,0.128,1.0,0.0,0.0,0.0,0.0,0.0,0.0,0.0,0.0
2023-01-10 22:00:00,DATAR1,2023-01-10 22:00:00,131121.0,74.0,1.0,46.0,1.0,0.001,1.0,0.003,1.0,1.0,1.0,0.056,1.0,0.072,1.0,0.129,1.0,0.0,0.0,0.0,0.0,0.0,0.0,0.0,0.0
2023-01-10 23:00:00,DATAR1,2023-01-10 23:00:00,131121.0,70.0,1.0,53.0,1.0,0.001,1.0,0.003,1.0,0.8,1.0,0.048,1.0,0.071,1.0,0.119,1.0,0.0,0.0,0.0,0.0,0.0,0.0,0.0,0.0
2023-01-11 00:00:00,DATAR1,2023-01-11 00:00:00,131121.0,82.0,1.0,54.0,1.0,0.001,1.0,0.003,1.0,0.9,1.0,0.063,1.0,0.072,1.0,0.135,1.0,0.0,0.0,0.0,0.0,0.0,0.0,0.0,0.0
2023-01-11 01:00:00,DATAR1,2023-01-11 01:00:00,131121.0,82.0,1.0,55.0,1.0,0.001,1.0,0.003,1.0,1.0,1.0,0.058,1.0,0.068,1.0,0.126,1.0,0.0,0.0,0.0,0.0,0.0,0.0,0.0,0.0
2023-01-11 02:00:00,DATAR1,2023-01-11 02:00:00,131121.0,76.0,1.0,58.0,1.0,0.001,1.0,0.002,1.0,0.9,1.0,0.032,1.0,0.064,1.0,0.096,1.0,0.0,0.0,0.0,0.0,0.0,0.0,0.0,0.0
2023-01-11 03:00:00,DATAR1,2023-01-11 03:00:00,131121.0,69.0,1.0,60.0,1.0,0.001,1.0,0.002,1.0,1.0,1.0,0.047,1.0,0.065,1.0,0.112,1.0,0.0,0.0,0.0,0.0,0.0,0.0,0.0,0.0
2023-01-11 04:00:00,DATAR1,2023-01-11 04:00:00,131121.0,66.0,1.0,56.0,1.0,0.001,1.0,0.002,1.0,1.0,1.0,0.048,1.0,0.064,1.0,0.113,1.0,0.0,0.0,0.0,0.0,0.0,0.0,0.0,0.0
2023-01-11 05:00:00,DATAR1,2023-01-11 05:00:00,131121.0,64.0,1.0,55.0,1.0,0.001,1.0,0.002,1.0,1.0,1.0,0.066,1.0,0.064,1.0,0.13,1.0,0.0,0.0,0.0,0.0,0.0,0.0,0.0,0.0
2023-01-11 06:00:00,DATAR1,2023-01-11 06:00:00,131121.0,64.0,1.0,55.0,1.0,0.001,1.0,0.003,1.0,1.0,1.0,0.078,1.0,0.064,1.0,0.142,1.0,0.0,0.0,0.0,0.0,0.0,0.0,0.0,0.0
2023-01-11 07:00:00,DATAR1,2023-01-11 07:00:00,131121.0,63.0,1.0,57.0,1.0,0.001,1.0,0.003,1.0,0.9,1.0,0.082,1.0,0.066,1.0,0.147,1.0,0.0,0.0,0.0,0.0,0.0,0.0,0.0,0.0
2023-01-11 08:00:00,DATAR1,2023-01-11 08:00:00,131121.0,77.0,1.0,59.0,1.0,0.001,1.0,0.003,1.0,1.0,1.0,0.118,1.0,0.067,1.0,0.185,1.0,0.0,0.0,0.0,0.0,0.0,0.0,0.0,0.0
2023-01-11 09:00:00,DATAR1,2023-01-11 09:00:00,131121.0,79.0,1.0,60.0,1.0,0.002,1.0,0.004,1.0,1.4,1.0,0.2,1.0,0.076,1.0,0.276,1.0,0.0,0.0,0.0,0.0,0.0,0.0,0.0,0.0
2023-01-11 10:00:00,DATAR1,2023-01-11 10:00:00,131121.0,78.0,1.0,63.0,1.0,0.002,1.0,0.005,1.0,1.5,1.0,0.216,1.0,0.081,1.0,0.297,1.0,0.0,0.0,0.0,0.0,0.0,0.0,0.0,0.0
2023-01-11 11:00:00,DATAR1,2023-01-11 11:00:00,131121.0,90.0,1.0,75.0,1.0,0.005,1.0,0.004,1.0,1.3,1.0,0.135,1.0,0.072,1.0,0.208,1.0,0.0,0.0,0.0,0.0,0.0,0.0,0.0,0.0
2023-01-11 12:00:00,DATAR1,2023-01-11 12:00:00,131121.0,91.0,1.0,77.0,1.0,0.012,1.0,0.004,1.0,0.9,1.0,0.054,1.0,0.06,1.0,0.114,1.0,0.0,0.0,0.0,0.0,0.0,0.0,0.0,0.0
2023-01-11 13:00:00,DATAR1,2023-01-11 13:00:00,131121.0,79.0,1.0,74.0,1.0,0.022,1.0,0.004,1.0,0.5,1.0,0.023,1.0,0.048,1.0,0.072,1.0,0.0,0.0,0.0,0.0,0.0,0.0,0.0,0.0
2023-01-11 14:00:00,DATAR1,2023-01-11 14:00:00,131121.0,78.0,1.0,66.0,1.0,0.025,1.0,0.004,1.0,0.5,1.0,0.018,1.0,0.047,1.0,0.066,1.0,0.0,0.0,0.0,0.0,0.0,0.0,0.0,0.0
2023-01-11 15:00:00,DATAR1,2023-01-11 15:00:00,131121.0,,3.0,,3.0,,3.0,,3.0,,3.0,,3.0,,3.0,,3.0,0.0,0.0,0.0,0.0,0.0,0.0,0.0,0.0
2023-01-11 16:00:00,DATAR1,2023-01-11 16:00:00,131121.0,86.0,1.0,56.0,1.0,0.016,1.0,0.004,1.0,0.7,1.0,0.019,1.0,0.057,1.0,0.076,1.0,0.0,0.0,0.0,0.0,0.0,0.0,0.0,0.0
2023-01-11 17:00:00,DATAR1,2023-01-11 17:00:00,131121.0,80.0,1.0,57.0,1.0,0.006,1.0,0.003,1.0,0.8,1.0,0.034,1.0,0.073,1.0,0.106,1.0,0.0,0.0,0.0,0.0,0.0,0.0,0.0,0.0
2023-01-11 18:00:00,DATAR1,2023-01-11 18:00:00,131121.0,84.0,1.0,59.0,1.0,0.002,1.0,0.003,1.0,0.8,1.0,0.031,1.0,0.076,1.0,0.107,1.0,0.0,0.0,0.0,0.0,0.0,0.0,0.0,0.0
2023-01-11 19:00:00,DATAR1,2023-01-11 19:00:00,131121.0,65.0,1.0,54.0,1.0,0.001,1.0,0.002,1.0,0.8,1.0,0.038,1.0,0.078,1.0,0.116,1.0,0.0,0.0,0.0,0.0,0.0,0.0,0.0,0.0
2023-01-11 20:00:00,DATAR1,2023-01-11 20:00:00,131121.0,58.0,1.0,55.0,1.0,0.001,1.0,0.003,1.0,0.9,1.0,0.057,1.0,0.081,1.0,0.138,1.0,0.0,0.0,0.0,0.0,0.0,0.0,0.0,0.0
2023-01-11 21:00:00,DATAR1,2023-01-11 21:00:00,131121.0,63.0,1.0,56.0,1.0,0.001,1.0,0.003,1.0,0.8,1.0,0.08,1.0,0.081,1.0,0.161,1.0,0.0,0.0,0.0,0.0,0.0,0.0,0.0,0.0
2023-01-11 22:00:00,DATAR1,2023-01-11 22:00:00,131121.0,80.0,1.0,57.0,1.0,0.002,1.0,0.003,1.0,0.6,1.0,0.039,1.0,0.072,1.0,0.112,1.0,0.0,0.0,0.0,0.0,0.0,0.0,0.0,0.0
2023-01-11 23:00:00,DATAR1,2023-01-11 23:00:00,131121.0,74.0,1.0,58.0,1.0,0.002,1.0,0.002,1.0,0.8,1.0,0.053,1.0,0.073,1.0,0.126,1.0,0.0,0.0,0.0,0.0,0.0,0.0,0.0,0.0
2023-01-12 00:00:00,DATAR1,2023-01-12 00:00:00,131121.0,74.0,1.0,55.0,1.0,0.001,1.0,0.003,1.0,1.0,1.0,0.09,1.0,0.078,1.0,0.167,1.0,0.0,0.0,0.0,0.0,0.0,0.0,0.0,0.0
2023-01-12 01:00:00,DATAR1,2023-01-12 01:00:00,131121.0,74.0,1.0,51.0,1.0,0.001,1.0,0.003,1.0,0.9,1.0,0.054,1.0,0.069,1.0,0.123,1.0,0.0,0.0,0.0,0.0,0.0,0.0,0.0,0.0
2023-01-12 02:00:00,DATAR1,2023-01-12 02:00:00,131121.0,71.0,1.0,51.0,1.0,0.001,1.0,0.003,1.0,1.0,1.0,0.078,1.0,0.072,1.0,0.151,1.0,0.0,0.0,0.0,0.0,0.0,0.0,0.0,0.0
2023-01-12 03:00:00,DATAR1,2023-01-12 03:00:00,131121.0,72.0,1.0,56.0,1.0,0.002,1.0,0.003,1.0,1.1,1.0,0.085,1.0,0.073,1.0,0.158,1.0,0.0,0.0,0.0,0.0,0.0,0.0,0.0,0.0
2023-01-12 04:00:00,DATAR1,2023-01-12 04:00:00,131121.0,64.0,1.0,57.0,1.0,0.001,1.0,0.003,1.0,1.1,1.0,0.087,1.0,0.07,1.0,0.157,1.0,0.0,0.0,0.0,0.0,0.0,0.0,0.0,0.0
2023-01-12 05:00:00,DATAR1,2023-01-12 05:00:00,131121.0,62.0,1.0,57.0,1.0,0.001,1.0,0.003,1.0,1.2,1.0,0.104,1.0,0.072,1.0,0.176,1.0,0.0,0.0,0.0,0.0,0.0,0.0,0.0,0.0
2023-01-12 06:00:00,DATAR1,2023-01-12 06:00:00,131121.0,63.0,1.0,60.0,1.0,0.001,1.0,0.003,1.0,1.2,1.0,0.101,1.0,0.07,1.0,0.171,1.0,0.0,0.0,0.0,0.0,0.0,0.0,0.0,0.0
2023-01-12 07:00:00,DATAR1,2023-01-12 07:00:00,131121.0,,2.0,64.0,1.0,0.001,1.0,0.003,1.0,1.1,1.0,0.096,1.0,0.068,1.0,0.164,1.0,0.0,0.0,0.0,0.0,0.0,0.0,0.0,0.0
2023-01-12 08:00:00,DATAR1,2023-01-12 08:00:00,131121.0,72.0,1.0,60.0,1.0,0.001,1.0,0.004,1.0,1.1,1.0,0.13,1.0,0.071,1.0,0.201,1.0,0.0,0.0,0.0,0.0,0.0,0.0,0.0,0.0
2023-01-12 09:00:00,DATAR1,2023-01-12 09:00:00,131121.0,79.0,1.0,65.0,1.0,0.002,1.0,0.005,1.0,1.3,1.0,0.194,1.0,0.078,1.0,0.272,1.0,0.0,0.0,0.0,0.0,0.0,0.0,0.0,0.0
2023-01-12 10:00:00,DATAR1,2023-01-12 10:00:00,131121.0,73.0,1.0,68.0,1.0,0.003,1.0,0.004,1.0,1.2,1.0,0.132,1.0,0.069,1.0,0.201,1.0,0.0,0.0,0.0,0.0,0.0,0.0,0.0,0.0
2023-01-12 11:00:00,DATAR1,2023-01-12 11:00:00,131121.0,79.0,1.0,70.0,1.0,0.006,1.0,0.004,1.0,0.8,1.0,0.082,1.0,0.061,1.0,0.143,1.0,0.0,0.0,0.0,0.0,0.0,0.0,0.0,0.0
2023-01-12 12:00:00,DATAR1,2023-01-12 12:00:00,131121.0,72.0,1.0,68.0,1.0,0.016,1.0,0.003,1.0,0.6,1.0,0.03,1.0,0.044,1.0,0.074,1.0,0.0,0.0,0.0,0.0,0.0,0.0,0.0,0.0
2023-01-12 13:00:00,DATAR1,2023-01-12 13:00:00,131121.0,,2.0,60.0,1.0,0.026,1.0,0.002,1.0,0.4,1.0,0.014,1.0,0.033,1.0,0.047,1.0,0.0,0.0,0.0,0.0,0.0,0.0,0.0,0.0
2023-01-12 14:00:00,DATAR1,2023-01-12 14:00:00,131121.0,,2.0,48.0,1.0,0.031,1.0,0.002,1.0,0.4,1.0,0.009,1.0,0.03,1.0,0.039,1.0,0.0,0.0,0.0,0.0,0.0,0.0,0.0,0.0
2023-01-12 15:00:00,DATAR1,2023-01-12 15:00:00,131121.0,,2.0,40.0,1.0,0.033,1.0,0.002,1.0,0.3,1.0,0.007,1.0,0.029,1.0,0.036,1.0,0.0,0.0,0.0,0.0,0.0,0.0,0.0,0.0
2023-01-12 16:00:00,DATAR1,2023-01-12 16:00:00,131121.0,45.0,1.0,33.0,1.0,0.032,1.0,0.002,1.0,0.3,1.0,0.007,1.0,0.03,1.0,0.037,1.0,0.0,0.0,0.0,0.0,0.0,0.0,0.0,0.0
2023-01-12 17:00:00,DATAR1,2023-01-12 17:00:00,131121.0,31.0,1.0,24.0,1.0,0.03,1.0,0.002,1.0,0.4,1.0,0.005,1.0,0.03,1.0,0.035,1.0,0.0,0.0,0.0,0.0,0.0,0.0,0.0,0.0
2023-01-12 18:00:00,DATAR1,2023-01-12 18:00:00,131121.0,39.0,1.0,19.0,1.0,0.021,1.0,0.002,1.0,0.5,1.0,0.004,1.0,0.041,1.0,0.045,1.0,0.0,0.0,0.0,0.0,0.0,0.0,0.0,0.0
2023-01-12 19:00:00,DATAR1,2023-01-12 19:00:00,131121.0,35.0,1.0,20.0,1.0,0.009,1.0,0.002,1.0,0.4,1.0,0.003,1.0,0.05,1.0,0.053,1.0,0.0,0.0,0.0,0.0,0.0,0.0,0.0,0.0
2023-01-12 20:00:00,DATAR1,2023-01-12 20:00:00,131121.0,19.0,1.0,22.0,1.0,0.003,1.0,0.002,1.0,0.6,1.0,0.039,1.0,0.065,1.0,0.103,1.0,0.0,0.0,0.0,0.0,0.0,0.0,0.0,0.0
2023-01-12 21:00:00,DATAR1,2023-01-12 21:00:00,131121.0,31.0,1.0,23.0,1.0,0.002,1.0,0.002,1.0,0.9,1.0,0.045,1.0,0.066,1.0,0.111,1.0,0.0,0.0,0.0,0.0,0.0,0.0,0.0,0.0
2023-01-12 22:00:00,DATAR1,2023-01-12 22:00:00,131121.0,33.0,1.0,26.0,1.0,0.001,1.0,0.003,1.0,0.9,1.0,0.053,1.0,0.066,1.0,0.119,1.0,0.0,0.0,0.0,0.0,0.0,0.0,0.0,0.0
2023-01-12 23:00:00,DATAR1,2023-01-12 23:00:00,131121.0,39.0,1.0,34.0,1.0,0.002,1.0,0.003,1.0,0.8,1.0,0.056,1.0,0.065,1.0,0.121,1.0,0.0,0.0,0.0,0.0,0.0,0.0,0.0,0.0
2023-01-13 00:00:00,DATAR1,2023-01-13 00:00:00,131121.0,41.0,1.0,39.0,1.0,0.002,1.0,0.003,1.0,0.8,1.0,0.051,1.0,0.062,1.0,0.113,1.0,0.0,0.0,0.0,0.0,0.0,0.0,0.0,0.0
2023-01-13 01:00:00,DATAR1,2023-01-13 01:00:00,131121.0,35.0,1.0,32.0,1.0,0.003,1.0,0.002,1.0,0.7,1.0,0.024,1.0,0.054,1.0,0.078,1.0,0.0,0.0,0.0,0.0,0.0,0.0,0.0,0.0
2023-01-13 02:00:00,DATAR1,2023-01-13 02:00:00,131121.0,46.0,1.0,22.0,1.0,0.009,1.0,0.002,1.0,0.6,1.0,0.011,1.0,0.04,1.0,0.051,1.0,0.0,0.0,0.0,0.0,0.0,0.0,0.0,0.0
2023-01-13 03:00:00,DATAR1,2023-01-13 03:00:00,131121.0,36.0,1.0,25.0,1.0,0.01,1.0,0.001,1.0,0.7,1.0,0.015,1.0,0.039,1.0,0.054,1.0,0.0,0.0,0.0,0.0,0.0,0.0,0.0,0.0
2023-01-13 04:00:00,DATAR1,2023-01-13 04:00:00,131121.0,,2.0,29.0,1.0,0.003,1.0,0.001,1.0,0.7,1.0,0.011,1.0,0.044,1.0,0.055,1.0,0.0,0.0,0.0,0.0,0.0,0.0,0.0,0.0
2023-01-13 05:00:00,DATAR1,2023-01-13 05:00:00,131121.0,26.0,1.0,26.0,1.0,0.002,1.0,0.001,1.0,0.8,1.0,0.014,1.0,0.046,1.0,0.059,1.0,0.0,0.0,0.0,0.0,0.0,0.0,0.0,0.0
2023-01-13 06:00:00,DATAR1,2023-01-13 06:00:00,131121.0,23.0,1.0,27.0,1.0,0.003,1.0,0.001,1.0,0.7,1.0,0.014,1.0,0.043,1.0,0.057,1.0,0.0,0.0,0.0,0.0,0.0,0.0,0.0,0.0
2023-01-13 07:00:00,DATAR1,2023-01-13 07:00:00,131121.0,,2.0,26.0,1.0,0.002,1.0,0.002,1.0,0.6,1.0,0.023,1.0,0.044,1.0,0.066,1.0,0.0,0.0,0.0,0.0,0.0,0.0,0.0,0.0
2023-01-13 08:00:00,DATAR1,2023-01-13 08:00:00,131121.0,,2.0,21.0,1.0,0.001,1.0,0.002,1.0,0.7,1.0,0.054,1.0,0.048,1.0,0.101,1.0,0.0,0.0,0.0,0.0,0.0,0.0,0.0,0.0
2023-01-13 09:00:00,DATAR1,2023-01-13 09:00:00,131121.0,10.0,1.0,18.0,1.0,0.001,1.0,0.003,1.0,0.9,1.0,0.1,1.0,0.054,1.0,0.154,1.0,0.0,0.0,0.0,0.0,0.0,0.0,0.0,0.0
2023-01-13 10:00:00,DATAR1,2023-01-13 10:00:00,131121.0,8.0,1.0,12.0,1.0,0.001,1.0,0.003,1.0,0.8,1.0,0.108,1.0,0.052,1.0,0.16,1.0,0.0,0.0,0.0,0.0,0.0,0.0,0.0,0.0
2023-01-13 11:00:00,DATAR1,2023-01-13 11:00:00,131121.0,10.0,1.0,9.0,1.0,0.002,1.0,0.002,1.0,0.8,1.0,0.076,1.0,0.048,1.0,0.124,1.0,0.0,0.0,0.0,0.0,0.0,0.0,0.0,0.0
2023-01-13 12:00:00,DATAR1,2023-01-13 12:00:00,131121.0,34.0,1.0,8.0,1.0,0.002,1.0,0.002,1.0,0.9,1.0,0.076,1.0,0.048,1.0,0.123,1.0,0.0,0.0,0.0,0.0,0.0,0.0,0.0,0.0
2023-01-13 13:00:00,DATAR1,2023-01-13 13:00:00,131121.0,21.0,1.0,8.0,1.0,0.001,1.0,0.003,1.0,0.9,1.0,0.088,1.0,0.049,1.0,0.137,1.0,0.0,0.0,0.0,0.0,0.0,0.0,0.0,0.0
2023-01-13 14:00:00,DATAR1,2023-01-13 14:00:00,131121.0,17.0,1.0,5.0,1.0,0.002,1.0,0.002,1.0,0.9,1.0,0.072,1.0,0.047,1.0,0.119,1.0,0.0,0.0,0.0,0.0,0.0,0.0,0.0,0.0
2023-01-13 15:00:00,DATAR1,2023-01-13 15:00:00,131121.0,11.0,1.0,2.0,1.0,0.002,1.0,0.002,1.0,0.8,1.0,0.055,1.0,0.044,1.0,0.098,1.0,0.0,0.0,0.0,0.0,0.0,0.0,0.0,0.0
2023-01-13 16:00:00,DATAR1,2023-01-13 16:00:00,131121.0,3.0,1.0,1.0,1.0,0.002,1.0,0.002,1.0,0.8,1.0,0.082,1.0,0.046,1.0,0.127,1.0,0.0,0.0,0.0,0.0,0.0,0.0,0.0,0.0
2023-01-13 17:00:00,DATAR1,2023-01-13 17:00:00,131121.0,30.0,1.0,0.0,1.0,0.001,1.0,0.003,1.0,0.9,1.0,0.089,1.0,0.047,1.0,0.137,1.0,0.0,0.0,0.0,0.0,0.0,0.0,0.0,0.0
2023-01-13 18:00:00,DATAR1,2023-01-13 18:00:00,131121.0,21.0,1.0,2.0,1.0,0.001,1.0,0.003,1.0,0.9,1.0,0.098,1.0,0.049,1.0,0.147,1.0,0.0,0.0,0.0,0.0,0.0,0.0,0.0,0.0
2023-01-13 19:00:00,DATAR1,2023-01-13 19:00:00,131121.0,16.0,1.0,3.0,1.0,0.001,1.0,0.003,1.0,1.0,1.0,0.141,1.0,0.052,1.0,0.193,1.0,0.0,0.0,0.0,0.0,0.0,0.0,0.0,0.0
2023-01-13 20:00:00,DATAR1,2023-01-13 20:00:00,131121.0,,2.0,3.0,1.0,0.001,1.0,0.003,1.0,1.1,1.0,0.143,1.0,0.053,1.0,0.196,1.0,0.0,0.0,0.0,0.0,0.0,0.0,0.0,0.0
2023-01-13 21:00:00,DATAR1,2023-01-13 21:00:00,131121.0,24.0,1.0,6.0,1.0,0.001,1.0,0.002,1.0,0.8,1.0,0.056,1.0,0.044,1.0,0.1,1.0,0.0,0.0,0.0,0.0,0.0,0.0,0.0,0.0
2023-01-13 22:00:00,DATAR1,2023-01-13 22:00:00,131121.0,21.0,1.0,2.0,1.0,0.001,1.0,0.002,1.0,0.6,1.0,0.014,1.0,0.037,1.0,0.051,1.0,0.0,0.0,0.0,0.0,0.0,0.0,0.0,0.0
2023-01-13 23:00:00,DATAR1,2023-01-13 23:00:00,131121.0,8.0,1.0,6.0,1.0,0.001,1.0,0.002,1.0,0.6,1.0,0.035,1.0,0.039,1.0,0.074,1.0,0.0,0.0,0.0,0.0,0.0,0.0,0.0,0.0
2023-01-14 00:00:00,DATAR1,2023-01-14 00:00:00,131121.0,15.0,1.0,9.0,1.0,0.001,1.0,0.002,1.0,0.5,1.0,0.016,1.0,0.035,1.0,0.05,1.0,0.0,0.0,0.0,0.0,0.0,0.0,0.0,0.0
2023-01-14 01:00:00,DATAR1,2023-01-14 01:00:00,131121.0,18.0,1.0,10.0,1.0,0.001,1.0,0.002,1.0,0.8,1.0,0.072,1.0,0.041,1.0,0.113,1.0,0.0,0.0,0.0,0.0,0.0,0.0,0.0,0.0
2023-01-14 02:00:00,DATAR1,2023-01-14 02:00:00,131121.0,16.0,1.0,12.0,1.0,0.001,1.0,0.002,1.0,0.8,1.0,0.064,1.0,0.041,1.0,0.105,1.0,0.0,0.0,0.0,0.0,0.0,0.0,0.0,0.0
2023-01-14 03:00:00,DATAR1,2023-01-14 03:00:00,131121.0,13.0,1.0,13.0,1.0,0.001,1.0,0.002,1.0,0.9,1.0,0.062,1.0,0.041,1.0,0.103,1.0,0.0,0.0,0.0,0.0,0.0,0.0,0.0,0.0
2023-01-14 04:00:00,DATAR1,2023-01-14 04:00:00,131121.0,16.0,1.0,14.0,1.0,0.001,1.0,0.002,1.0,0.8,1.0,0.056,1.0,0.041,1.0,0.097,1.0,0.0,0.0,0.0,0.0,0.0,0.0,0.0,0.0
2023-01-14 05:00:00,DATAR1,2023-01-14 05:00:00,131121.0,15.0,1.0,12.0,1.0,0.001,1.0,0.002,1.0,0.5,1.0,0.055,1.0,0.04,1.0,0.095,1.0,0.0,0.0,0.0,0.0,0.0,0.0,0.0,0.0
2023-01-14 06:00:00,DATAR1,2023-01-14 06:00:00,131121.0,10.0,1.0,11.0,1.0,0.001,1.0,0.002,1.0,0.5,1.0,0.057,1.0,0.038,1.0,0.094,1.0,0.0,0.0,0.0,0.0,0.0,0.0,0.0,0.0
2023-01-14 07:00:00,DATAR1,2023-01-14 07:00:00,131121.0,12.0,1.0,8.0,1.0,0.001,1.0,0.002,1.0,0.6,1.0,0.05,1.0,0.036,1.0,0.086,1.0,0.0,0.0,0.0,0.0,0.0,0.0,0.0,0.0
2023-01-14 08:00:00,DATAR1,2023-01-14 08:00:00,131121.0,,2.0,8.0,1.0,0.001,1.0,0.002,1.0,0.5,1.0,0.047,1.0,0.034,1.0,0.081,1.0,0.0,0.0,0.0,0.0,0.0,0.0,0.0,0.0
2023-01-14 09:00:00,DATAR1,2023-01-14 09:00:00,131121.0,17.0,1.0,6.0,1.0,0.001,1.0,0.002,1.0,0.5,1.0,0.04,1.0,0.033,1.0,0.074,1.0,0.0,0.0,0.0,0.0,0.0,0.0,0.0,0.0
2023-01-14 10:00:00,DATAR1,2023-01-14 10:00:00,131121.0,11.0,1.0,10.0,1.0,0.001,1.0,0.002,1.0,0.6,1.0,0.056,1.0,0.036,1.0,0.092,1.0,0.0,0.0,0.0,0.0,0.0,0.0,0.0,0.0
2023-01-14 11:00:00,DATAR1,2023-01-14 11:00:00,131121.0,22.0,1.0,11.0,1.0,0.002,1.0,0.002,1.0,0.7,1.0,0.049,1.0,0.036,1.0,0.085,1.0,0.0,0.0,0.0,0.0,0.0,0.0,0.0,0.0
2023-01-14 12:00:00,DATAR1,2023-01-14 12:00:00,131121.0,7.0,1.0,13.0,1.0,0.002,1.0,0.002,1.0,0.7,1.0,0.036,1.0,0.038,1.0,0.073,1.0,0.0,0.0,0.0,0.0,0.0,0.0,0.0,0.0
2023-01-14 13:00:00,DATAR1,2023-01-14 13:00:00,131121.0,7.0,1.0,7.0,1.0,0.011,1.0,0.001,1.0,0.4,1.0,0.012,1.0,0.03,1.0,0.042,1.0,0.0,0.0,0.0,0.0,0.0,0.0,0.0,0.0
2023-01-14 14:00:00,DATAR1,2023-01-14 14:00:00,131121.0,4.0,1.0,5.0,1.0,0.025,1.0,0.001,1.0,0.4,1.0,0.002,1.0,0.015,1.0,0.018,1.0,0.0,0.0,0.0,0.0,0.0,0.0,0.0,0.0
2023-01-14 15:00:00,DATAR1,2023-01-14 15:00:00,131121.0,3.0,1.0,1.0,1.0,0.025,1.0,0.001,1.0,0.6,1.0,0.002,1.0,0.014,1.0,0.015,1.0,0.0,0.0,0.0,0.0,0.0,0.0,0.0,0.0
2023-01-14 16:00:00,DATAR1,2023-01-14 16:00:00,131121.0,6.0,1.0,1.0,1.0,0.022,1.0,0.001,1.0,0.6,1.0,0.002,1.0,0.015,1.0,0.017,1.0,0.0,0.0,0.0,0.0,0.0,0.0,0.0,0.0
2023-01-14 17:00:00,DATAR1,2023-01-14 17:00:00,131121.0,3.0,1.0,1.0,1.0,0.023,1.0,0.001,1.0,0.4,1.0,0.002,1.0,0.013,1.0,0.014,1.0,0.0,0.0,0.0,0.0,0.0,0.0,0.0,0.0
2023-01-14 18:00:00,DATAR1,2023-01-14 18:00:00,131121.0,6.0,1.0,4.0,1.0,0.022,1.0,0.001,1.0,0.4,1.0,0.002,1.0,0.013,1.0,0.015,1.0,0.0,0.0,0.0,0.0,0.0,0.0,0.0,0.0
2023-01-14 19:00:00,DATAR1,2023-01-14 19:00:00,131121.0,1.0,1.0,2.0,1.0,0.022,1.0,0.001,1.0,0.4,1.0,0.001,1.0,0.014,1.0,0.015,1.0,0.0,0.0,0.0,0.0,0.0,0.0,0.0,0.0
2023-01-14 20:00:00,DATAR1,2023-01-14 20:00:00,131121.0,4.0,1.0,1.0,1.0,0.026,1.0,0.001,1.0,0.3,1.0,0.002,1.0,0.009,1.0,0.01,1.0,0.0,0.0,0.0,0.0,0.0,0.0,0.0,0.0
2023-01-14 21:00:00,DATAR1,2023-01-14 21:00:00,131121.0,6.0,1.0,2.0,1.0,0.026,1.0,0.001,1.0,0.3,1.0,0.001,1.0,0.008,1.0,0.01,1.0,0.0,0.0,0.0,0.0,0.0,0.0,0.0,0.0
2023-01-14 22:00:00,DATAR1,2023-01-14 22:00:00,131121.0,2.0,1.0,2.0,1.0,0.026,1.0,0.001,1.0,0.3,1.0,0.001,1.0,0.009,1.0,0.01,1.0,0.0,0.0,0.0,0.0,0.0,0.0,0.0,0.0
2023-01-14 23:00:00,DATAR1,2023-01-14 23:00:00,131121.0,0.0,1.0,2.0,1.0,0.027,1.0,0.001,1.0,0.5,1.0,0.001,1.0,0.01,1.0,0.011,1.0,0.0,0.0,0.0,0.0,0.0,0.0,0.0,0.0
2023-01-15 00:00:00,DATAR1,2023-01-15 00:00:00,131121.0,3.0,1.0,0.0,1.0,0.03,1.0,0.001,1.0,0.4,1.0,0.001,1.0,0.007,1.0,0.008,1.0,0.0,0.0,0.0,0.0,0.0,0.0,0.0,0.0
2023-01-15 01:00:00,DATAR1,2023-01-15 01:00:00,131121.0,16.0,1.0,2.0,1.0,0.03,1.0,0.001,1.0,0.4,1.0,0.001,1.0,0.007,1.0,0.008,1.0,0.0,0.0,0.0,0.0,0.0,0.0,0.0,0.0
2023-01-15 02:00:00,DATAR1,2023-01-15 02:00:00,131121.0,2.0,1.0,3.0,1.0,0.029,1.0,0.001,1.0,0.4,1.0,0.001,1.0,0.008,1.0,0.008,1.0,0.0,0.0,0.0,0.0,0.0,0.0,0.0,0.0
2023-01-15 03:00:00,DATAR1,2023-01-15 03:00:00,131121.0,5.0,1.0,4.0,1.0,0.028,1.0,0.001,1.0,0.4,1.0,0.001,1.0,0.008,1.0,0.009,1.0,0.0,0.0,0.0,0.0,0.0,0.0,0.0,0.0
2023-01-15 04:00:00,DATAR1,2023-01-15 04:00:00,131121.0,2.0,1.0,3.0,1.0,0.023,1.0,0.001,1.0,0.4,1.0,0.001,1.0,0.011,1.0,0.012,1.0,0.0,0.0,0.0,0.0,0.0,0.0,0.0,0.0
2023-01-15 05:00:00,DATAR1,2023-01-15 05:00:00,131121.0,7.0,1.0,1.0,1.0,0.025,1.0,0.001,1.0,0.4,1.0,0.001,1.0,0.009,1.0,0.01,1.0,0.0,0.0,0.0,0.0,0.0,0.0,0.0,0.0
2023-01-15 06:00:00,DATAR1,2023-01-15 06:00:00,131121.0,1.0,1.0,2.0,1.0,0.023,1.0,0.001,1.0,0.4,1.0,0.001,1.0,0.011,1.0,0.012,1.0,0.0,0.0,0.0,0.0,0.0,0.0,0.0,0.0
2023-01-15 07:00:00,DATAR1,2023-01-15 07:00:00,131121.0,2.0,1.0,3.0,1.0,0.02,1.0,0.001,1.0,0.4,1.0,0.001,1.0,0.013,1.0,0.014,1.0,0.0,0.0,0.0,0.0,0.0,0.0,0.0,0.0
2023-01-15 08:00:00,DATAR1,2023-01-15 08:00:00,131121.0,3.0,1.0,3.0,1.0,0.018,1.0,0.001,1.0,0.4,1.0,0.001,1.0,0.014,1.0,0.016,1.0,0.0,0.0,0.0,0.0,0.0,0.0,0.0,0.0
2023-01-15 09:00:00,DATAR1,2023-01-15 09:00:00,131121.0,6.0,1.0,1.0,1.0,0.012,1.0,0.001,1.0,0.5,1.0,0.002,1.0,0.018,1.0,0.02,1.0,0.0,0.0,0.0,0.0,0.0,0.0,0.0,0.0
2023-01-15 10:00:00,DATAR1,2023-01-15 10:00:00,131121.0,2.0,1.0,4.0,1.0,0.008,1.0,0.001,1.0,0.6,1.0,0.007,1.0,0.024,1.0,0.03,1.0,0.0,0.0,0.0,0.0,0.0,0.0,0.0,0.0
2023-01-15 11:00:00,DATAR1,2023-01-15 11:00:00,131121.0,7.0,1.0,5.0,1.0,0.008,1.0,0.001,1.0,0.5,1.0,0.01,1.0,0.024,1.0,0.035,1.0,0.0,0.0,0.0,0.0,0.0,0.0,0.0,0.0
2023-01-15 12:00:00,DATAR1,2023-01-15 12:00:00,131121.0,7.0,1.0,6.0,1.0,0.013,1.0,0.001,1.0,0.5,1.0,0.006,1.0,0.02,1.0,0.025,1.0,0.0,0.0,0.0,0.0,0.0,0.0,0.0,0.0
2023-01-15 13:00:00,DATAR1,2023-01-15 13:00:00,131121.0,11.0,1.0,8.0,1.0,0.016,1.0,0.001,1.0,0.5,1.0,0.006,1.0,0.018,1.0,0.024,1.0,0.0,0.0,0.0,0.0,0.0,0.0,0.0,0.0
2023-01-15 14:00:00,DATAR1,2023-01-15 14:00:00,131121.0,21.0,1.0,12.0,1.0,0.018,1.0,0.001,1.0,0.4,1.0,0.003,1.0,0.016,1.0,0.018,1.0,0.0,0.0,0.0,0.0,0.0,0.0,0.0,0.0
2023-01-15 15:00:00,DATAR1,2023-01-15 15:00:00,131121.0,15.0,1.0,17.0,1.0,0.017,1.0,0.001,1.0,0.5,1.0,0.003,1.0,0.017,1.0,0.02,1.0,0.0,0.0,0.0,0.0,0.0,0.0,0.0,0.0
2023-01-15 16:00:00,DATAR1,2023-01-15 16:00:00,131121.0,22.0,1.0,17.0,1.0,0.018,1.0,0.001,1.0,0.5,1.0,0.002,1.0,0.016,1.0,0.018,1.0,0.0,0.0,0.0,0.0,0.0,0.0,0.0,0.0
2023-01-15 17:00:00,DATAR1,2023-01-15 17:00:00,131121.0,26.0,1.0,17.0,1.0,0.016,1.0,0.001,1.0,0.5,1.0,0.003,1.0,0.017,1.0,0.02,1.0,0.0,0.0,0.0,0.0,0.0,0.0,0.0,0.0
2023-01-15 18:00:00,DATAR1,2023-01-15 18:00:00,131121.0,25.0,1.0,21.0,1.0,0.016,1.0,0.001,1.0,0.5,1.0,0.002,1.0,0.017,1.0,0.019,1.0,0.0,0.0,0.0,0.0,0.0,0.0,0.0,0.0
2023-01-15 19:00:00,DATAR1,2023-01-15 19:00:00,131121.0,25.0,1.0,20.0,1.0,0.016,1.0,0.001,1.0,0.5,1.0,0.002,1.0,0.017,1.0,0.019,1.0,0.0,0.0,0.0,0.0,0.0,0.0,0.0,0.0
2023-01-15 20:00:00,DATAR1,2023-01-15 20:00:00,131121.0,24.0,1.0,19.0,1.0,0.014,1.0,0.001,1.0,0.5,1.0,0.002,1.0,0.019,1.0,0.02,1.0,0.0,0.0,0.0,0.0,0.0,0.0,0.0,0.0
2023-01-15 21:00:00,DATAR1,2023-01-15 21:00:00,131121.0,22.0,1.0,20.0,1.0,0.016,1.0,0.001,1.0,0.5,1.0,0.001,1.0,0.017,1.0,0.018,1.0,0.0,0.0,0.0,0.0,0.0,0.0,0.0,0.0
2023-01-15 22:00:00,DATAR1,2023-01-15 22:00:00,131121.0,25.0,1.0,20.0,1.0,0.018,1.0,0.001,1.0,0.5,1.0,0.001,1.0,0.014,1.0,0.015,1.0,0.0,0.0,0.0,0.0,0.0,0.0,0.0,0.0
2023-01-15 23:00:00,DATAR1,2023-01-15 23:00:00,131121.0,24.0,1.0,20.0,1.0,0.022,1.0,0.001,1.0,0.5,1.0,0.001,1.0,0.012,1.0,0.013,1.0,0.0,0.0,0.0,0.0,0.0,0.0,0.0,0.0
2023-01-16 00:00:00,DATAR1,2023-01-16 00:00:00,131121.0,18.0,1.0,16.0,1.0,0.024,1.0,0.001,1.0,0.5,1.0,0.001,1.0,0.01,1.0,0.011,1.0,0.0,0.0,0.0,0.0,0.0,0.0,0.0,0.0
2023-01-16 01:00:00,DATAR1,2023-01-16 01:00:00,131121.0,26.0,1.0,16.0,1.0,0.023,1.0,0.001,1.0,0.5,1.0,0.001,1.0,0.01,1.0,0.011,1.0,0.0,0.0,0.0,0.0,0.0,0.0,0.0,0.0
2023-01-16 02:00:00,DATAR1,2023-01-16 02:00:00,131121.0,24.0,1.0,17.0,1.0,0.024,1.0,0.001,1.0,0.5,1.0,0.001,1.0,0.009,1.0,0.01,1.0,0.0,0.0,0.0,0.0,0.0,0.0,0.0,0.0
2023-01-16 03:00:00,DATAR1,2023-01-16 03:00:00,131121.0,26.0,1.0,19.0,1.0,0.025,1.0,0.001,1.0,0.5,1.0,0.001,1.0,0.008,1.0,0.009,1.0,0.0,0.0,0.0,0.0,0.0,0.0,0.0,0.0
2023-01-16 04:00:00,DATAR1,2023-01-16 04:00:00,131121.0,25.0,1.0,18.0,1.0,0.027,1.0,0.001,1.0,0.5,1.0,0.001,1.0,0.008,1.0,0.008,1.0,0.0,0.0,0.0,0.0,0.0,0.0,0.0,0.0
2023-01-16 05:00:00,DATAR1,2023-01-16 05:00:00,131121.0,19.0,1.0,16.0,1.0,0.027,1.0,0.001,1.0,0.5,1.0,0.001,1.0,0.008,1.0,0.009,1.0,0.0,0.0,0.0,0.0,0.0,0.0,0.0,0.0
2023-01-16 06:00:00,DATAR1,2023-01-16 06:00:00,131121.0,19.0,1.0,16.0,1.0,0.025,1.0,0.001,1.0,0.5,1.0,0.001,1.0,0.011,1.0,0.012,1.0,0.0,0.0,0.0,0.0,0.0,0.0,0.0,0.0
2023-01-16 07:00:00,DATAR1,2023-01-16 07:00:00,131121.0,20.0,1.0,14.0,1.0,0.021,1.0,0.001,1.0,0.4,1.0,0.001,1.0,0.015,1.0,0.016,1.0,0.0,0.0,0.0,0.0,0.0,0.0,0.0,0.0
2023-01-16 08:00:00,DATAR1,2023-01-16 08:00:00,131121.0,22.0,1.0,14.0,1.0,0.018,1.0,0.001,1.0,0.5,1.0,0.003,1.0,0.019,1.0,0.022,1.0,0.0,0.0,0.0,0.0,0.0,0.0,0.0,0.0
2023-01-16 09:00:00,DATAR1,2023-01-16 09:00:00,131121.0,18.0,1.0,16.0,1.0,0.017,1.0,0.001,1.0,0.6,1.0,0.005,1.0,0.021,1.0,0.026,1.0,0.0,0.0,0.0,0.0,0.0,0.0,0.0,0.0
2023-01-16 10:00:00,DATAR1,2023-01-16 10:00:00,131121.0,23.0,1.0,17.0,1.0,0.015,1.0,0.002,1.0,0.6,1.0,0.012,1.0,0.024,1.0,0.036,1.0,0.0,0.0,0.0,0.0,0.0,0.0,0.0,0.0
2023-01-16 11:00:00,DATAR1,2023-01-16 11:00:00,131121.0,16.0,1.0,12.0,1.0,0.022,1.0,0.002,1.0,0.4,1.0,0.01,1.0,0.017,1.0,0.027,1.0,0.0,0.0,0.0,0.0,0.0,0.0,0.0,0.0
2023-01-16 12:00:00,DATAR1,2023-01-16 12:00:00,131121.0,,3.0,,3.0,,3.0,,3.0,,3.0,,3.0,,3.0,,3.0,0.0,0.0,0.0,0.0,0.0,0.0,0.0,0.0
2023-01-16 13:00:00,DATAR1,2023-01-16 13:00:00,131121.0,,3.0,,3.0,,3.0,,3.0,,3.0,,3.0,,3.0,,3.0,0.0,0.0,0.0,0.0,0.0,0.0,0.0,0.0
2023-01-16 14:00:00,DATAR1,2023-01-16 14:00:00,131121.0,,3.0,,3.0,,3.0,,3.0,,3.0,,3.0,,3.0,,3.0,0.0,0.0,0.0,0.0,0.0,0.0,0.0,0.0
2023-01-16 15:00:00,DATAR1,2023-01-16 15:00:00,131121.0,,3.0,,3.0,,3.0,,3.0,,3.0,,3.0,,3.0,,3.0,0.0,0.0,0.0,0.0,0.0,0.0,0.0,0.0
2023-01-16 16:00:00,DATAR1,2023-01-16 16:00:00,131121.0,,3.0,,3.0,,3.0,,3.0,,3.0,,3.0,,3.0,,3.0,0.0,0.0,0.0,0.0,0.0,0.0,0.0,0.0
2023-01-16 17:00:00,DATAR1,2023-01-16 17:00:00,131121.0,,3.0,,3.0,,3.0,,3.0,,3.0,,3.0,,3.0,,3.0,0.0,0.0,0.0,0.0,0.0,0.0,0.0,0.0
2023-01-16 18:00:00,DATAR1,2023-01-16 18:00:00,131121.0,,3.0,,3.0,,3.0,,3.0,,3.0,,3.0,,3.0,,3.0,0.0,0.0,0.0,0.0,0.0,0.0,0.0,0.0
2023-01-16 19:00:00,DATAR1,2023-01-16 19:00:00,131121.0,,3.0,,3.0,,3.0,,3.0,,3.0,,3.0,,3.0,,3.0,0.0,0.0,0.0,0.0,0.0,0.0,0.0,0.0
2023-01-16 20:00:00,DATAR1,2023-01-16 20:00:00,131121.0,,3.0,,3.0,,3.0,,3.0,,3.0,,3.0,,3.0,,3.0,0.0,0.0,0.0,0.0,0.0,0.0,0.0,0.0
2023-01-16 21:00:00,DATAR1,2023-01-16 21:00:00,131121.0,,3.0,,3.0,,3.0,,3.0,,3.0,,3.0,,3.0,,3.0,0.0,0.0,0.0,0.0,0.0,0.0,0.0,0.0
2023-01-16 22:00:00,DATAR1,2023-01-16 22:00:00,131121.0,,3.0,,3.0,,3.0,,3.0,,3.0,,3.0,,3.0,,3.0,0.0,0.0,0.0,0.0,0.0,0.0,0.0,0.0
2023-01-16 23:00:00,DATAR1,2023-01-16 23:00:00,131121.0,,3.0,,3.0,,3.0,,3.0,,3.0,,3.0,,3.0,,3.0,0.0,0.0,0.0,0.0,0.0,0.0,0.0,0.0
2023-01-17 00:00:00,DATAR1,2023-01-17 00:00:00,131121.0,,3.0,,3.0,,3.0,,3.0,,3.0,,3.0,,3.0,,3.0,0.0,0.0,0.0,0.0,0.0,0.0,0.0,0.0
2023-01-17 01:00:00,DATAR1,2023-01-17 01:00:00,131121.0,,3.0,,3.0,,3.0,,3.0,,3.0,,3.0,,3.0,,3.0,0.0,0.0,0.0,0.0,0.0,0.0,0.0,0.0
2023-01-17 02:00:00,DATAR1,2023-01-17 02:00:00,131121.0,,3.0,,3.0,,3.0,,3.0,,3.0,,3.0,,3.0,,3.0,0.0,0.0,0.0,0.0,0.0,0.0,0.0,0.0
2023-01-17 03:00:00,DATAR1,2023-01-17 03:00:00,131121.0,,3.0,,3.0,,3.0,,3.0,,3.0,,3.0,,3.0,,3.0,0.0,0.0,0.0,0.0,0.0,0.0,0.0,0.0
2023-01-17 04:00:00,DATAR1,2023-01-17 04:00:00,131121.0,,3.0,,3.0,,3.0,,3.0,,3.0,,3.0,,3.0,,3.0,0.0,0.0,0.0,0.0,0.0,0.0,0.0,0.0
2023-01-17 05:00:00,DATAR1,2023-01-17 05:00:00,131121.0,,3.0,,3.0,,3.0,,3.0,,3.0,,3.0,,3.0,,3.0,0.0,0.0,0.0,0.0,0.0,0.0,0.0,0.0
2023-01-17 06:00:00,DATAR1,2023-01-17 06:00:00,131121.0,,3.0,,3.0,,3.0,,3.0,,3.0,,3.0,,3.0,,3.0,0.0,0.0,0.0,0.0,0.0,0.0,0.0,0.0
2023-01-17 07:00:00,DATAR1,2023-01-17 07:00:00,131121.0,,3.0,,3.0,,3.0,,3.0,,3.0,,3.0,,3.0,,3.0,0.0,0.0,0.0,0.0,0.0,0.0,0.0,0.0
2023-01-17 08:00:00,DATAR1,2023-01-17 08:00:00,131121.0,,3.0,,3.0,,3.0,,3.0,,3.0,,3.0,,3.0,,3.0,0.0,0.0,0.0,0.0,0.0,0.0,0.0,0.0
2023-01-17 09:00:00,DATAR1,2023-01-17 09:00:00,131121.0,,3.0,,3.0,,3.0,,3.0,,3.0,,3.0,,3.0,,3.0,0.0,0.0,0.0,0.0,0.0,0.0,0.0,0.0
2023-01-17 10:00:00,DATAR1,2023-01-17 10:00:00,131121.0,,3.0,,3.0,,3.0,,3.0,,3.0,,3.0,,3.0,,3.0,0.0,0.0,0.0,0.0,0.0,0.0,0.0,0.0
2023-01-17 11:00:00,DATAR1,2023-01-17 11:00:00,131121.0,,3.0,,3.0,,3.0,,3.0,,3.0,,3.0,,3.0,,3.0,0.0,0.0,0.0,0.0,0.0,0.0,0.0,0.0
2023-01-17 12:00:00,DATAR1,2023-01-17 12:00:00,131121.0,,3.0,,3.0,,3.0,,3.0,,3.0,,3.0,,3.0,,3.0,0.0,0.0,0.0,0.0,0.0,0.0,0.0,0.0
2023-01-17 13:00:00,DATAR1,2023-01-17 13:00:00,131121.0,,3.0,,3.0,,3.0,,3.0,,3.0,,3.0,,3.0,,3.0,0.0,0.0,0.0,0.0,0.0,0.0,0.0,0.0
2023-01-17 14:00:00,DATAR1,2023-01-17 14:00:00,131121.0,,3.0,,3.0,,3.0,,3.0,,3.0,,3.0,,3.0,,3.0,0.0,0.0,0.0,0.0,0.0,0.0,0.0,0.0
2023-01-17 15:00:00,DATAR1,2023-01-17 15:00:00,131121.0,,3.0,,3.0,,3.0,,3.0,,3.0,,3.0,,3.0,,3.0,0.0,0.0,0.0,0.0,0.0,0.0,0.0,0.0
2023-01-17 16:00:00,DATAR1,2023-01-17 16:00:00,131121.0,,3.0,,3.0,,3.0,,3.0,,3.0,,3.0,,3.0,,3.0,0.0,0.0,0.0,0.0,0.0,0.0,0.0,0.0
2023-01-17 17:00:00,DATAR1,2023-01-17 17:00:00,131121.0,,3.0,,3.0,,3.0,,3.0,,3.0,,3.0,,3.0,,3.0,0.0,0.0,0.0,0.0,0.0,0.0,0.0,0.0
2023-01-17 18:00:00,DATAR1,2023-01-17 18:00:00,131121.0,,3.0,,3.0,,3.0,,3.0,,3.0,,3.0,,3.0,,3.0,0.0,0.0,0.0,0.0,0.0,0.0,0.0,0.0
2023-01-17 19:00:00,DATAR1,2023-01-17 19:00:00,131121.0,32.0,1.0,20.0,1.0,0.002,1.0,0.002,1.0,0.5,1.0,0.018,1.0,0.05,1.0,0.068,1.0,0.0,0.0,0.0,0.0,0.0,0.0,0.0,0.0
2023-01-17 20:00:00,DATAR1,2023-01-17 20:00:00,131121.0,42.0,1.0,21.0,1.0,0.002,1.0,0.002,1.0,0.4,1.0,0.013,1.0,0.051,1.0,0.064,1.0,0.0,0.0,0.0,0.0,0.0,0.0,0.0,0.0
2023-01-17 21:00:00,DATAR1,2023-01-17 21:00:00,131121.0,33.0,1.0,22.0,1.0,0.004,1.0,0.002,1.0,0.4,1.0,0.007,1.0,0.047,1.0,0.054,1.0,0.0,0.0,0.0,0.0,0.0,0.0,0.0,0.0
2023-01-17 22:00:00,DATAR1,2023-01-17 22:00:00,131121.0,31.0,1.0,21.0,1.0,0.004,1.0,0.002,1.0,0.4,1.0,0.006,1.0,0.047,1.0,0.053,1.0,0.0,0.0,0.0,0.0,0.0,0.0,0.0,0.0
2023-01-17 23:00:00,DATAR1,2023-01-17 23:00:00,131121.0,32.0,1.0,22.0,1.0,0.005,1.0,0.002,1.0,0.5,1.0,0.006,1.0,0.044,1.0,0.05,1.0,0.0,0.0,0.0,0.0,0.0,0.0,0.0,0.0
2023-01-18 00:00:00,DATAR1,2023-01-18 00:00:00,131121.0,32.0,1.0,22.0,1.0,0.009,1.0,0.002,1.0,0.5,1.0,0.004,1.0,0.038,1.0,0.042,1.0,0.0,0.0,0.0,0.0,0.0,0.0,0.0,0.0
2023-01-18 01:00:00,DATAR1,2023-01-18 01:00:00,131121.0,32.0,1.0,25.0,1.0,0.005,1.0,0.002,1.0,0.6,1.0,0.006,1.0,0.043,1.0,0.049,1.0,0.0,0.0,0.0,0.0,0.0,0.0,0.0,0.0
2023-01-18 02:00:00,DATAR1,2023-01-18 02:00:00,131121.0,40.0,1.0,27.0,1.0,0.001,1.0,0.002,1.0,0.7,1.0,0.02,1.0,0.047,1.0,0.066,1.0,0.0,0.0,0.0,0.0,0.0,0.0,0.0,0.0
2023-01-18 03:00:00,DATAR1,2023-01-18 03:00:00,131121.0,40.0,1.0,24.0,1.0,0.001,1.0,0.002,1.0,0.7,1.0,0.031,1.0,0.046,1.0,0.077,1.0,0.0,0.0,0.0,0.0,0.0,0.0,0.0,0.0
2023-01-18 04:00:00,DATAR1,2023-01-18 04:00:00,131121.0,36.0,1.0,27.0,1.0,0.001,1.0,0.002,1.0,0.7,1.0,0.026,1.0,0.045,1.0,0.072,1.0,0.0,0.0,0.0,0.0,0.0,0.0,0.0,0.0
2023-01-18 05:00:00,DATAR1,2023-01-18 05:00:00,131121.0,36.0,1.0,26.0,1.0,0.001,1.0,0.002,1.0,0.7,1.0,0.029,1.0,0.047,1.0,0.075,1.0,0.0,0.0,0.0,0.0,0.0,0.0,0.0,0.0
2023-01-18 06:00:00,DATAR1,2023-01-18 06:00:00,131121.0,35.0,1.0,26.0,1.0,0.003,1.0,0.002,1.0,0.7,1.0,0.019,1.0,0.042,1.0,0.062,1.0,0.0,0.0,0.0,0.0,0.0,0.0,0.0,0.0
2023-01-18 07:00:00,DATAR1,2023-01-18 07:00:00,131121.0,42.0,1.0,30.0,1.0,0.005,1.0,0.002,1.0,0.6,1.0,0.008,1.0,0.04,1.0,0.048,1.0,0.0,0.0,0.0,0.0,0.0,0.0,0.0,0.0
2023-01-18 08:00:00,DATAR1,2023-01-18 08:00:00,131121.0,36.0,1.0,29.0,1.0,0.002,1.0,0.002,1.0,0.7,1.0,0.011,1.0,0.043,1.0,0.054,1.0,0.0,0.0,0.0,0.0,0.0,0.0,0.0,0.0
2023-01-18 09:00:00,DATAR1,2023-01-18 09:00:00,131121.0,34.0,1.0,31.0,1.0,0.005,1.0,0.002,1.0,0.7,1.0,0.021,1.0,0.041,1.0,0.062,1.0,0.0,0.0,0.0,0.0,0.0,0.0,0.0,0.0
2023-01-18 10:00:00,DATAR1,2023-01-18 10:00:00,131121.0,34.0,1.0,33.0,1.0,0.017,1.0,0.002,1.0,0.6,1.0,0.011,1.0,0.029,1.0,0.04,1.0,0.0,0.0,0.0,0.0,0.0,0.0,0.0,0.0
2023-01-18 11:00:00,DATAR1,2023-01-18 11:00:00,131121.0,45.0,1.0,28.0,1.0,0.019,1.0,0.002,1.0,0.7,1.0,0.018,1.0,0.032,1.0,0.05,1.0,0.0,0.0,0.0,0.0,0.0,0.0,0.0,0.0
2023-01-18 12:00:00,DATAR1,2023-01-18 12:00:00,131121.0,62.0,1.0,28.0,1.0,0.014,1.0,0.003,1.0,0.7,1.0,0.034,1.0,0.041,1.0,0.075,1.0,0.0,0.0,0.0,0.0,0.0,0.0,0.0,0.0
2023-01-18 13:00:00,DATAR1,2023-01-18 13:00:00,131121.0,75.0,1.0,31.0,1.0,0.014,1.0,0.002,1.0,0.7,1.0,0.036,1.0,0.043,1.0,0.079,1.0,0.0,0.0,0.0,0.0,0.0,0.0,0.0,0.0
2023-01-18 14:00:00,DATAR1,2023-01-18 14:00:00,131121.0,67.0,1.0,30.0,1.0,0.024,1.0,0.002,1.0,0.6,1.0,0.019,1.0,0.031,1.0,0.05,1.0,0.0,0.0,0.0,0.0,0.0,0.0,0.0,0.0
2023-01-18 15:00:00,DATAR1,2023-01-18 15:00:00,131121.0,57.0,1.0,22.0,1.0,0.033,1.0,0.002,1.0,0.4,1.0,0.008,1.0,0.022,1.0,0.03,1.0,0.0,0.0,0.0,0.0,0.0,0.0,0.0,0.0
2023-01-18 16:00:00,DATAR1,2023-01-18 16:00:00,131121.0,,3.0,,3.0,0.037,1.0,0.002,1.0,0.3,1.0,0.006,1.0,0.019,1.0,0.024,1.0,0.0,0.0,0.0,0.0,0.0,0.0,0.0,0.0
2023-01-18 17:00:00,DATAR1,2023-01-18 17:00:00,131121.0,57.0,1.0,22.0,1.0,0.034,1.0,0.002,1.0,0.3,1.0,0.005,1.0,0.024,1.0,0.029,1.0,0.0,0.0,0.0,0.0,0.0,0.0,0.0,0.0
2023-01-18 18:00:00,DATAR1,2023-01-18 18:00:00,131121.0,61.0,1.0,21.0,1.0,0.031,1.0,0.002,1.0,0.4,1.0,0.004,1.0,0.024,1.0,0.028,1.0,0.0,0.0,0.0,0.0,0.0,0.0,0.0,0.0
2023-01-18 19:00:00,DATAR1,2023-01-18 19:00:00,131121.0,48.0,1.0,17.0,1.0,0.024,1.0,0.002,1.0,0.5,1.0,0.004,1.0,0.03,1.0,0.034,1.0,0.0,0.0,0.0,0.0,0.0,0.0,0.0,0.0
2023-01-18 20:00:00,DATAR1,2023-01-18 20:00:00,131121.0,32.0,1.0,14.0,1.0,0.017,1.0,0.002,1.0,0.4,1.0,0.01,1.0,0.037,1.0,0.046,1.0,0.0,0.0,0.0,0.0,0.0,0.0,0.0,0.0
2023-01-18 21:00:00,DATAR1,2023-01-18 21:00:00,131121.0,36.0,1.0,14.0,1.0,0.015,1.0,0.002,1.0,0.5,1.0,0.004,1.0,0.039,1.0,0.042,1.0,0.0,0.0,0.0,0.0,0.0,0.0,0.0,0.0
2023-01-18 22:00:00,DATAR1,2023-01-18 22:00:00,131121.0,49.0,1.0,18.0,1.0,0.02,1.0,0.002,1.0,0.6,1.0,0.003,1.0,0.034,1.0,0.037,1.0,0.0,0.0,0.0,0.0,0.0,0.0,0.0,0.0
2023-01-18 23:00:00,DATAR1,2023-01-18 23:00:00,131121.0,48.0,1.0,20.0,1.0,0.02,1.0,0.002,1.0,0.6,1.0,0.003,1.0,0.034,1.0,0.038,1.0,0.0,0.0,0.0,0.0,0.0,0.0,0.0,0.0
2023-01-19 00:00:00,DATAR1,2023-01-19 00:00:00,131121.0,42.0,1.0,20.0,1.0,0.012,1.0,0.002,1.0,0.6,1.0,0.004,1.0,0.042,1.0,0.046,1.0,0.0,0.0,0.0,0.0,0.0,0.0,0.0,0.0
2023-01-19 01:00:00,DATAR1,2023-01-19 01:00:00,131121.0,50.0,1.0,18.0,1.0,0.014,1.0,0.002,1.0,,2.0,0.003,1.0,0.038,1.0,0.041,1.0,0.0,0.0,0.0,0.0,0.0,0.0,0.0,0.0
2023-01-19 02:00:00,DATAR1,2023-01-19 02:00:00,131121.0,45.0,1.0,18.0,1.0,0.007,1.0,0.002,1.0,,2.0,0.005,1.0,0.044,1.0,0.049,1.0,0.0,0.0,0.0,0.0,0.0,0.0,0.0,0.0
2023-01-19 03:00:00,DATAR1,2023-01-19 03:00:00,131121.0,47.0,1.0,22.0,1.0,0.003,1.0,0.002,1.0,,2.0,0.007,1.0,0.048,1.0,0.055,1.0,0.0,0.0,0.0,0.0,0.0,0.0,0.0,0.0
2023-01-19 04:00:00,DATAR1,2023-01-19 04:00:00,131121.0,44.0,1.0,23.0,1.0,0.002,1.0,0.002,1.0,,2.0,0.018,1.0,0.051,1.0,0.069,1.0,0.0,0.0,0.0,0.0,0.0,0.0,0.0,0.0
2023-01-19 05:00:00,DATAR1,2023-01-19 05:00:00,131121.0,45.0,1.0,21.0,1.0,0.001,1.0,0.002,1.0,,2.0,0.032,1.0,0.052,1.0,0.083,1.0,0.0,0.0,0.0,0.0,0.0,0.0,0.0,0.0
2023-01-19 06:00:00,DATAR1,2023-01-19 06:00:00,131121.0,45.0,1.0,22.0,1.0,0.001,1.0,0.002,1.0,,2.0,0.034,1.0,0.052,1.0,0.086,1.0,0.0,0.0,0.0,0.0,0.0,0.0,0.0,0.0
2023-01-19 07:00:00,DATAR1,2023-01-19 07:00:00,131121.0,55.0,1.0,22.0,1.0,0.001,1.0,0.002,1.0,,2.0,0.027,1.0,0.051,1.0,0.077,1.0,0.0,0.0,0.0,0.0,0.0,0.0,0.0,0.0
2023-01-19 08:00:00,DATAR1,2023-01-19 08:00:00,131121.0,51.0,1.0,23.0,1.0,0.002,1.0,0.002,1.0,,2.0,0.034,1.0,0.05,1.0,0.085,1.0,0.0,0.0,0.0,0.0,0.0,0.0,0.0,0.0
2023-01-19 09:00:00,DATAR1,2023-01-19 09:00:00,131121.0,52.0,1.0,23.0,1.0,0.003,1.0,0.002,1.0,,2.0,0.046,1.0,0.048,1.0,0.094,1.0,0.0,0.0,0.0,0.0,0.0,0.0,0.0,0.0
2023-01-19 10:00:00,DATAR1,2023-01-19 10:00:00,131121.0,48.0,1.0,22.0,1.0,0.012,1.0,0.002,1.0,,2.0,0.026,1.0,0.038,1.0,0.064,1.0,0.0,0.0,0.0,0.0,0.0,0.0,0.0,0.0
2023-01-19 11:00:00,DATAR1,2023-01-19 11:00:00,131121.0,62.0,1.0,26.0,1.0,,3.0,,3.0,,3.0,,3.0,,3.0,,3.0,0.0,0.0,0.0,0.0,0.0,0.0,0.0,0.0
2023-01-19 12:00:00,DATAR1,2023-01-19 12:00:00,131121.0,59.0,1.0,28.0,1.0,,3.0,,3.0,,3.0,,3.0,,3.0,,3.0,0.0,0.0,0.0,0.0,0.0,0.0,0.0,0.0
2023-01-19 13:00:00,DATAR1,2023-01-19 13:00:00,131121.0,57.0,1.0,29.0,1.0,0.014,1.0,0.003,1.0,0.6,1.0,0.025,1.0,0.036,1.0,0.061,1.0,0.0,0.0,0.0,0.0,0.0,0.0,0.0,0.0
2023-01-19 14:00:00,DATAR1,2023-01-19 14:00:00,131121.0,60.0,1.0,27.0,1.0,0.024,1.0,0.003,1.0,0.6,1.0,0.011,1.0,0.029,1.0,0.039,1.0,0.0,0.0,0.0,0.0,0.0,0.0,0.0,0.0
2023-01-19 15:00:00,DATAR1,2023-01-19 15:00:00,131121.0,55.0,1.0,27.0,1.0,0.026,1.0,0.003,1.0,0.6,1.0,0.011,1.0,0.029,1.0,0.039,1.0,0.0,0.0,0.0,0.0,0.0,0.0,0.0,0.0
2023-01-19 16:00:00,DATAR1,2023-01-19 16:00:00,131121.0,73.0,1.0,24.0,1.0,0.032,1.0,0.003,1.0,0.5,1.0,0.007,1.0,0.026,1.0,0.033,1.0,0.0,0.0,0.0,0.0,0.0,0.0,0.0,0.0
2023-01-19 17:00:00,DATAR1,2023-01-19 17:00:00,131121.0,84.0,1.0,27.0,1.0,0.03,1.0,0.003,1.0,0.6,1.0,0.007,1.0,0.031,1.0,0.038,1.0,0.0,0.0,0.0,0.0,0.0,0.0,0.0,0.0
2023-01-19 18:00:00,DATAR1,2023-01-19 18:00:00,131121.0,90.0,1.0,29.0,1.0,0.028,1.0,0.003,1.0,0.6,1.0,0.006,1.0,0.033,1.0,0.038,1.0,0.0,0.0,0.0,0.0,0.0,0.0,0.0,0.0
2023-01-19 19:00:00,DATAR1,2023-01-19 19:00:00,131121.0,79.0,1.0,30.0,1.0,0.02,1.0,0.003,1.0,0.5,1.0,0.024,1.0,0.042,1.0,0.066,1.0,0.0,0.0,0.0,0.0,0.0,0.0,0.0,0.0
2023-01-19 20:00:00,DATAR1,2023-01-19 20:00:00,131121.0,78.0,1.0,29.0,1.0,0.022,1.0,0.002,1.0,0.5,1.0,0.015,1.0,0.038,1.0,0.053,1.0,0.0,0.0,0.0,0.0,0.0,0.0,0.0,0.0
2023-01-19 21:00:00,DATAR1,2023-01-19 21:00:00,131121.0,72.0,1.0,28.0,1.0,0.026,1.0,0.002,1.0,0.4,1.0,0.011,1.0,0.033,1.0,0.044,1.0,0.0,0.0,0.0,0.0,0.0,0.0,0.0,0.0
2023-01-19 22:00:00,DATAR1,2023-01-19 22:00:00,131121.0,74.0,1.0,26.0,1.0,0.031,1.0,0.002,1.0,0.4,1.0,0.006,1.0,0.027,1.0,0.033,1.0,0.0,0.0,0.0,0.0,0.0,0.0,0.0,0.0
2023-01-19 23:00:00,DATAR1,2023-01-19 23:00:00,131121.0,68.0,1.0,24.0,1.0,0.035,1.0,0.002,1.0,0.4,1.0,0.003,1.0,0.022,1.0,0.024,1.0,0.0,0.0,0.0,0.0,0.0,0.0,0.0,0.0
2023-01-20 00:00:00,DATAR1,2023-01-20 00:00:00,131121.0,76.0,1.0,20.0,1.0,0.035,1.0,0.002,1.0,0.4,1.0,0.002,1.0,0.02,1.0,0.022,1.0,0.0,0.0,0.0,0.0,0.0,0.0,0.0,0.0
2023-01-20 01:00:00,DATAR1,2023-01-20 01:00:00,131121.0,66.0,1.0,26.0,1.0,0.035,1.0,0.001,1.0,0.5,1.0,0.002,1.0,0.018,1.0,0.021,1.0,0.0,0.0,0.0,0.0,0.0,0.0,0.0,0.0
2023-01-20 02:00:00,DATAR1,2023-01-20 02:00:00,131121.0,45.0,1.0,27.0,1.0,0.031,1.0,0.001,1.0,0.6,1.0,0.002,1.0,0.021,1.0,0.024,1.0,0.0,0.0,0.0,0.0,0.0,0.0,0.0,0.0
2023-01-20 03:00:00,DATAR1,2023-01-20 03:00:00,131121.0,112.0,1.0,33.0,1.0,0.04,1.0,0.002,1.0,0.6,1.0,0.002,1.0,0.018,1.0,0.02,1.0,0.0,0.0,0.0,0.0,0.0,0.0,0.0,0.0
2023-01-20 04:00:00,DATAR1,2023-01-20 04:00:00,131121.0,164.0,1.0,46.0,1.0,0.038,1.0,0.002,1.0,0.6,1.0,0.002,1.0,0.017,1.0,0.019,1.0,0.0,0.0,0.0,0.0,0.0,0.0,0.0,0.0
2023-01-20 05:00:00,DATAR1,2023-01-20 05:00:00,131121.0,159.0,1.0,48.0,1.0,0.033,1.0,0.002,1.0,0.5,1.0,0.002,1.0,0.016,1.0,0.018,1.0,0.0,0.0,0.0,0.0,0.0,0.0,0.0,0.0
2023-01-20 06:00:00,DATAR1,2023-01-20 06:00:00,131121.0,178.0,1.0,44.0,1.0,0.029,1.0,0.002,1.0,0.5,1.0,0.002,1.0,0.017,1.0,0.019,1.0,0.0,0.0,0.0,0.0,0.0,0.0,0.0,0.0
2023-01-20 07:00:00,DATAR1,2023-01-20 07:00:00,131121.0,176.0,1.0,44.0,1.0,0.025,1.0,0.002,1.0,0.5,1.0,0.003,1.0,0.018,1.0,0.02,1.0,0.0,0.0,0.0,0.0,0.0,0.0,0.0,0.0
2023-01-20 08:00:00,DATAR1,2023-01-20 08:00:00,131121.0,165.0,1.0,43.0,1.0,0.022,1.0,0.002,1.0,0.4,1.0,0.003,1.0,0.019,1.0,0.022,1.0,0.0,0.0,0.0,0.0,0.0,0.0,0.0,0.0
2023-01-20 09:00:00,DATAR1,2023-01-20 09:00:00,131121.0,125.0,1.0,38.0,1.0,0.023,1.0,0.002,1.0,0.4,1.0,0.006,1.0,0.02,1.0,0.026,1.0,0.0,0.0,0.0,0.0,0.0,0.0,0.0,0.0
2023-01-20 10:00:00,DATAR1,2023-01-20 10:00:00,131121.0,83.0,1.0,26.0,1.0,0.024,1.0,0.002,1.0,0.3,1.0,0.005,1.0,0.016,1.0,0.022,1.0,0.0,0.0,0.0,0.0,0.0,0.0,0.0,0.0
2023-01-20 11:00:00,DATAR1,2023-01-20 11:00:00,131121.0,35.0,1.0,15.0,1.0,0.029,1.0,0.002,1.0,0.3,1.0,0.005,1.0,0.013,1.0,0.018,1.0,0.0,0.0,0.0,0.0,0.0,0.0,0.0,0.0
2023-01-20 12:00:00,DATAR1,2023-01-20 12:00:00,131121.0,34.0,1.0,10.0,1.0,0.031,1.0,0.002,1.0,0.3,1.0,0.005,1.0,0.012,1.0,0.018,1.0,0.0,0.0,0.0,0.0,0.0,0.0,0.0,0.0
2023-01-20 13:00:00,DATAR1,2023-01-20 13:00:00,131121.0,30.0,1.0,6.0,1.0,0.032,1.0,0.002,1.0,0.3,1.0,0.005,1.0,0.012,1.0,0.017,1.0,0.0,0.0,0.0,0.0,0.0,0.0,0.0,0.0
2023-01-20 14:00:00,DATAR1,2023-01-20 14:00:00,131121.0,32.0,1.0,4.0,1.0,0.033,1.0,0.002,1.0,0.3,1.0,0.005,1.0,0.013,1.0,0.018,1.0,0.0,0.0,0.0,0.0,0.0,0.0,0.0,0.0
2023-01-20 15:00:00,DATAR1,2023-01-20 15:00:00,131121.0,27.0,1.0,6.0,1.0,0.032,1.0,0.002,1.0,0.3,1.0,0.005,1.0,0.015,1.0,0.02,1.0,0.0,0.0,0.0,0.0,0.0,0.0,0.0,0.0
2023-01-20 16:00:00,DATAR1,2023-01-20 16:00:00,131121.0,33.0,1.0,5.0,1.0,0.033,1.0,0.002,1.0,0.3,1.0,0.005,1.0,0.014,1.0,0.02,1.0,0.0,0.0,0.0,0.0,0.0,0.0,0.0,0.0
2023-01-20 17:00:00,DATAR1,2023-01-20 17:00:00,131121.0,32.0,1.0,5.0,1.0,0.032,1.0,0.002,1.0,0.3,1.0,0.004,1.0,0.016,1.0,0.02,1.0,0.0,0.0,0.0,0.0,0.0,0.0,0.0,0.0
2023-01-20 18:00:00,DATAR1,2023-01-20 18:00:00,131121.0,29.0,1.0,5.0,1.0,0.029,1.0,0.002,1.0,0.3,1.0,0.003,1.0,0.019,1.0,0.022,1.0,0.0,0.0,0.0,0.0,0.0,0.0,0.0,0.0
2023-01-20 19:00:00,DATAR1,2023-01-20 19:00:00,131121.0,21.0,1.0,5.0,1.0,0.023,1.0,0.002,1.0,0.4,1.0,0.005,1.0,0.026,1.0,0.031,1.0,0.0,0.0,0.0,0.0,0.0,0.0,0.0,0.0
2023-01-20 20:00:00,DATAR1,2023-01-20 20:00:00,131121.0,12.0,1.0,5.0,1.0,0.017,1.0,0.002,1.0,0.4,1.0,0.009,1.0,0.03,1.0,0.039,1.0,0.0,0.0,0.0,0.0,0.0,0.0,0.0,0.0
2023-01-20 21:00:00,DATAR1,2023-01-20 21:00:00,131121.0,15.0,1.0,7.0,1.0,0.017,1.0,0.002,1.0,0.4,1.0,0.006,1.0,0.03,1.0,0.035,1.0,0.0,0.0,0.0,0.0,0.0,0.0,0.0,0.0
2023-01-20 22:00:00,DATAR1,2023-01-20 22:00:00,131121.0,21.0,1.0,7.0,1.0,0.018,1.0,0.002,1.0,0.4,1.0,0.004,1.0,0.027,1.0,0.031,1.0,0.0,0.0,0.0,0.0,0.0,0.0,0.0,0.0
2023-01-20 23:00:00,DATAR1,2023-01-20 23:00:00,131121.0,22.0,1.0,6.0,1.0,0.014,1.0,0.002,1.0,0.4,1.0,0.003,1.0,0.031,1.0,0.034,1.0,0.0,0.0,0.0,0.0,0.0,0.0,0.0,0.0
2023-01-21 00:00:00,DATAR1,2023-01-21 00:00:00,131121.0,25.0,1.0,6.0,1.0,0.015,1.0,0.002,1.0,0.4,1.0,0.003,1.0,0.029,1.0,0.033,1.0,0.0,0.0,0.0,0.0,0.0,0.0,0.0,0.0
2023-01-21 01:00:00,DATAR1,2023-01-21 01:00:00,131121.0,20.0,1.0,6.0,1.0,0.017,1.0,0.002,1.0,0.4,1.0,0.003,1.0,0.026,1.0,0.029,1.0,0.0,0.0,0.0,0.0,0.0,0.0,0.0,0.0
2023-01-21 02:00:00,DATAR1,2023-01-21 02:00:00,131121.0,28.0,1.0,4.0,1.0,0.022,1.0,0.002,1.0,0.4,1.0,0.003,1.0,0.021,1.0,0.024,1.0,0.0,0.0,0.0,0.0,0.0,0.0,0.0,0.0
2023-01-21 03:00:00,DATAR1,2023-01-21 03:00:00,131121.0,24.0,1.0,9.0,1.0,0.02,1.0,0.002,1.0,0.4,1.0,0.003,1.0,0.022,1.0,0.026,1.0,0.0,0.0,0.0,0.0,0.0,0.0,0.0,0.0
2023-01-21 04:00:00,DATAR1,2023-01-21 04:00:00,131121.0,23.0,1.0,8.0,1.0,0.025,1.0,0.002,1.0,0.4,1.0,0.002,1.0,0.018,1.0,0.02,1.0,0.0,0.0,0.0,0.0,0.0,0.0,0.0,0.0
2023-01-21 05:00:00,DATAR1,2023-01-21 05:00:00,131121.0,18.0,1.0,8.0,1.0,0.023,1.0,0.002,1.0,0.4,1.0,0.003,1.0,0.019,1.0,0.022,1.0,0.0,0.0,0.0,0.0,0.0,0.0,0.0,0.0
2023-01-21 06:00:00,DATAR1,2023-01-21 06:00:00,131121.0,21.0,1.0,8.0,1.0,0.018,1.0,0.002,1.0,0.4,1.0,0.003,1.0,0.024,1.0,0.027,1.0,0.0,0.0,0.0,0.0,0.0,0.0,0.0,0.0
2023-01-21 07:00:00,DATAR1,2023-01-21 07:00:00,131121.0,20.0,1.0,8.0,1.0,0.015,1.0,0.002,1.0,0.4,1.0,0.003,1.0,0.026,1.0,0.029,1.0,0.0,0.0,0.0,0.0,0.0,0.0,0.0,0.0
2023-01-21 08:00:00,DATAR1,2023-01-21 08:00:00,131121.0,23.0,1.0,9.0,1.0,0.01,1.0,0.001,1.0,0.4,1.0,0.004,1.0,0.03,1.0,0.034,1.0,0.0,0.0,0.0,0.0,0.0,0.0,0.0,0.0
2023-01-21 09:00:00,DATAR1,2023-01-21 09:00:00,131121.0,21.0,1.0,10.0,1.0,0.01,1.0,0.002,1.0,0.5,1.0,0.01,1.0,0.032,1.0,0.042,1.0,0.0,0.0,0.0,0.0,0.0,0.0,0.0,0.0
2023-01-21 10:00:00,DATAR1,2023-01-21 10:00:00,131121.0,15.0,1.0,10.0,1.0,0.02,1.0,0.002,1.0,0.5,1.0,0.011,1.0,0.023,1.0,0.034,1.0,0.0,0.0,0.0,0.0,0.0,0.0,0.0,0.0
2023-01-21 11:00:00,DATAR1,2023-01-21 11:00:00,131121.0,21.0,1.0,11.0,1.0,0.024,1.0,0.002,1.0,0.5,1.0,0.011,1.0,0.022,1.0,0.033,1.0,0.0,0.0,0.0,0.0,0.0,0.0,0.0,0.0
2023-01-21 12:00:00,DATAR1,2023-01-21 12:00:00,131121.0,14.0,1.0,12.0,1.0,0.028,1.0,0.002,1.0,0.5,1.0,0.011,1.0,0.022,1.0,0.032,1.0,0.0,0.0,0.0,0.0,0.0,0.0,0.0,0.0
2023-01-21 13:00:00,DATAR1,2023-01-21 13:00:00,131121.0,12.0,1.0,10.0,1.0,0.032,1.0,0.002,1.0,0.3,1.0,0.008,1.0,0.018,1.0,0.025,1.0,0.0,0.0,0.0,0.0,0.0,0.0,0.0,0.0
2023-01-21 14:00:00,DATAR1,2023-01-21 14:00:00,131121.0,11.0,1.0,9.0,1.0,0.029,1.0,0.002,1.0,0.4,1.0,0.009,1.0,0.02,1.0,0.029,1.0,0.0,0.0,0.0,0.0,0.0,0.0,0.0,0.0
2023-01-21 15:00:00,DATAR1,2023-01-21 15:00:00,131121.0,24.0,1.0,10.0,1.0,0.028,1.0,0.002,1.0,0.4,1.0,0.009,1.0,0.021,1.0,0.03,1.0,0.0,0.0,0.0,0.0,0.0,0.0,0.0,0.0
2023-01-21 16:00:00,DATAR1,2023-01-21 16:00:00,131121.0,22.0,1.0,10.0,1.0,0.029,1.0,0.002,1.0,0.4,1.0,0.007,1.0,0.021,1.0,0.028,1.0,0.0,0.0,0.0,0.0,0.0,0.0,0.0,0.0
2023-01-21 17:00:00,DATAR1,2023-01-21 17:00:00,131121.0,20.0,1.0,11.0,1.0,0.028,1.0,0.002,1.0,0.4,1.0,0.006,1.0,0.022,1.0,0.028,1.0,0.0,0.0,0.0,0.0,0.0,0.0,0.0,0.0
2023-01-21 18:00:00,DATAR1,2023-01-21 18:00:00,131121.0,28.0,1.0,11.0,1.0,0.024,1.0,0.002,1.0,0.4,1.0,0.004,1.0,0.026,1.0,0.029,1.0,0.0,0.0,0.0,0.0,0.0,0.0,0.0,0.0
2023-01-21 19:00:00,DATAR1,2023-01-21 19:00:00,131121.0,20.0,1.0,12.0,1.0,0.017,1.0,0.002,1.0,0.5,1.0,0.004,1.0,0.034,1.0,0.037,1.0,0.0,0.0,0.0,0.0,0.0,0.0,0.0,0.0
2023-01-21 20:00:00,DATAR1,2023-01-21 20:00:00,131121.0,18.0,1.0,13.0,1.0,0.02,1.0,0.002,1.0,0.5,1.0,0.004,1.0,0.029,1.0,0.033,1.0,0.0,0.0,0.0,0.0,0.0,0.0,0.0,0.0
2023-01-21 21:00:00,DATAR1,2023-01-21 21:00:00,131121.0,,2.0,12.0,1.0,0.021,1.0,0.002,1.0,0.4,1.0,0.003,1.0,0.028,1.0,0.031,1.0,0.0,0.0,0.0,0.0,0.0,0.0,0.0,0.0
2023-01-21 22:00:00,DATAR1,2023-01-21 22:00:00,131121.0,20.0,1.0,12.0,1.0,0.025,1.0,0.001,1.0,0.4,1.0,0.003,1.0,0.022,1.0,0.025,1.0,0.0,0.0,0.0,0.0,0.0,0.0,0.0,0.0
2023-01-21 23:00:00,DATAR1,2023-01-21 23:00:00,131121.0,16.0,1.0,12.0,1.0,0.026,1.0,0.002,1.0,0.4,1.0,0.003,1.0,0.021,1.0,0.024,1.0,0.0,0.0,0.0,0.0,0.0,0.0,0.0,0.0
2023-01-22 00:00:00,DATAR1,2023-01-22 00:00:00,131121.0,23.0,1.0,13.0,1.0,0.026,1.0,0.002,1.0,0.4,1.0,0.003,1.0,0.021,1.0,0.024,1.0,0.0,0.0,0.0,0.0,0.0,0.0,0.0,0.0
2023-01-22 01:00:00,DATAR1,2023-01-22 01:00:00,131121.0,23.0,1.0,8.0,1.0,0.029,1.0,0.002,1.0,0.4,1.0,0.003,1.0,0.017,1.0,0.02,1.0,0.0,0.0,0.0,0.0,0.0,0.0,0.0,0.0
2023-01-22 02:00:00,DATAR1,2023-01-22 02:00:00,131121.0,19.0,1.0,9.0,1.0,0.025,1.0,0.002,1.0,0.4,1.0,0.002,1.0,0.02,1.0,0.023,1.0,0.0,0.0,0.0,0.0,0.0,0.0,0.0,0.0
2023-01-22 03:00:00,DATAR1,2023-01-22 03:00:00,131121.0,27.0,1.0,11.0,1.0,0.015,1.0,0.002,1.0,0.4,1.0,0.003,1.0,0.028,1.0,0.031,1.0,0.0,0.0,0.0,0.0,0.0,0.0,0.0,0.0
2023-01-22 04:00:00,DATAR1,2023-01-22 04:00:00,131121.0,19.0,1.0,15.0,1.0,0.017,1.0,0.002,1.0,0.4,1.0,0.003,1.0,0.024,1.0,0.027,1.0,0.0,0.0,0.0,0.0,0.0,0.0,0.0,0.0
2023-01-22 05:00:00,DATAR1,2023-01-22 05:00:00,131121.0,22.0,1.0,15.0,1.0,0.012,1.0,0.002,1.0,0.5,1.0,0.004,1.0,0.03,1.0,0.033,1.0,0.0,0.0,0.0,0.0,0.0,0.0,0.0,0.0
2023-01-22 06:00:00,DATAR1,2023-01-22 06:00:00,131121.0,16.0,1.0,15.0,1.0,0.012,1.0,0.002,1.0,0.6,1.0,0.003,1.0,0.03,1.0,0.033,1.0,0.0,0.0,0.0,0.0,0.0,0.0,0.0,0.0
2023-01-22 07:00:00,DATAR1,2023-01-22 07:00:00,131121.0,20.0,1.0,15.0,1.0,0.019,1.0,0.002,1.0,0.4,1.0,0.003,1.0,0.025,1.0,0.028,1.0,0.0,0.0,0.0,0.0,0.0,0.0,0.0,0.0
2023-01-22 08:00:00,DATAR1,2023-01-22 08:00:00,131121.0,14.0,1.0,13.0,1.0,0.01,1.0,0.002,1.0,0.5,1.0,0.004,1.0,0.032,1.0,0.037,1.0,0.0,0.0,0.0,0.0,0.0,0.0,0.0,0.0
2023-01-22 09:00:00,DATAR1,2023-01-22 09:00:00,131121.0,21.0,1.0,14.0,1.0,0.018,1.0,0.002,1.0,0.4,1.0,0.005,1.0,0.026,1.0,0.03,1.0,0.0,0.0,0.0,0.0,0.0,0.0,0.0,0.0
2023-01-22 10:00:00,DATAR1,2023-01-22 10:00:00,131121.0,14.0,1.0,12.0,1.0,0.023,1.0,0.002,1.0,0.4,1.0,0.004,1.0,0.022,1.0,0.027,1.0,0.0,0.0,0.0,0.0,0.0,0.0,0.0,0.0
2023-01-22 11:00:00,DATAR1,2023-01-22 11:00:00,131121.0,21.0,1.0,14.0,1.0,0.012,1.0,0.002,1.0,0.5,1.0,0.01,1.0,0.032,1.0,0.043,1.0,0.0,0.0,0.0,0.0,0.0,0.0,0.0,0.0
2023-01-22 12:00:00,DATAR1,2023-01-22 12:00:00,131121.0,20.0,1.0,13.0,1.0,0.024,1.0,0.002,1.0,0.4,1.0,0.007,1.0,0.022,1.0,0.029,1.0,0.0,0.0,0.0,0.0,0.0,0.0,0.0,0.0
2023-01-22 13:00:00,DATAR1,2023-01-22 13:00:00,131121.0,20.0,1.0,13.0,1.0,0.026,1.0,0.002,1.0,0.4,1.0,0.007,1.0,0.021,1.0,0.028,1.0,0.0,0.0,0.0,0.0,0.0,0.0,0.0,0.0
2023-01-22 14:00:00,DATAR1,2023-01-22 14:00:00,131121.0,24.0,1.0,10.0,1.0,0.025,1.0,0.002,1.0,0.4,1.0,0.007,1.0,0.023,1.0,0.03,1.0,0.0,0.0,0.0,0.0,0.0,0.0,0.0,0.0
2023-01-22 15:00:00,DATAR1,2023-01-22 15:00:00,131121.0,27.0,1.0,13.0,1.0,0.026,1.0,0.002,1.0,0.4,1.0,0.006,1.0,0.021,1.0,0.028,1.0,0.0,0.0,0.0,0.0,0.0,0.0,0.0,0.0
2023-01-22 16:00:00,DATAR1,2023-01-22 16:00:00,131121.0,24.0,1.0,12.0,1.0,0.032,1.0,0.002,1.0,0.4,1.0,0.005,1.0,0.018,1.0,0.023,1.0,0.0,0.0,0.0,0.0,0.0,0.0,0.0,0.0
2023-01-22 17:00:00,DATAR1,2023-01-22 17:00:00,131121.0,41.0,1.0,12.0,1.0,0.04,1.0,0.002,1.0,0.4,1.0,0.003,1.0,0.016,1.0,0.019,1.0,0.0,0.0,0.0,0.0,0.0,0.0,0.0,0.0
2023-01-22 18:00:00,DATAR1,2023-01-22 18:00:00,131121.0,40.0,1.0,14.0,1.0,0.036,1.0,0.002,1.0,0.4,1.0,0.003,1.0,0.018,1.0,0.021,1.0,0.0,0.0,0.0,0.0,0.0,0.0,0.0,0.0
2023-01-22 19:00:00,DATAR1,2023-01-22 19:00:00,131121.0,31.0,1.0,12.0,1.0,0.029,1.0,0.002,1.0,0.4,1.0,0.003,1.0,0.02,1.0,0.024,1.0,0.0,0.0,0.0,0.0,0.0,0.0,0.0,0.0
2023-01-22 20:00:00,DATAR1,2023-01-22 20:00:00,131121.0,26.0,1.0,13.0,1.0,0.02,1.0,0.002,1.0,0.4,1.0,0.003,1.0,0.027,1.0,0.03,1.0,0.0,0.0,0.0,0.0,0.0,0.0,0.0,0.0
2023-01-22 21:00:00,DATAR1,2023-01-22 21:00:00,131121.0,28.0,1.0,16.0,1.0,0.018,1.0,0.002,1.0,0.5,1.0,0.003,1.0,0.028,1.0,0.031,1.0,0.0,0.0,0.0,0.0,0.0,0.0,0.0,0.0
2023-01-22 22:00:00,DATAR1,2023-01-22 22:00:00,131121.0,30.0,1.0,16.0,1.0,0.012,1.0,0.002,1.0,0.5,1.0,0.004,1.0,0.035,1.0,0.039,1.0,0.0,0.0,0.0,0.0,0.0,0.0,0.0,0.0
2023-01-22 23:00:00,DATAR1,2023-01-22 23:00:00,131121.0,38.0,1.0,16.0,1.0,0.011,1.0,0.002,1.0,0.4,1.0,0.004,1.0,0.036,1.0,0.041,1.0,0.0,0.0,0.0,0.0,0.0,0.0,0.0,0.0
2023-01-23 00:00:00,DATAR1,2023-01-23 00:00:00,131121.0,30.0,1.0,14.0,1.0,0.008,1.0,0.002,1.0,0.4,1.0,0.004,1.0,0.04,1.0,0.044,1.0,0.0,0.0,0.0,0.0,0.0,0.0,0.0,0.0
2023-01-23 01:00:00,DATAR1,2023-01-23 01:00:00,131121.0,39.0,1.0,17.0,1.0,0.003,1.0,0.002,1.0,0.6,1.0,0.008,1.0,0.044,1.0,0.052,1.0,0.0,0.0,0.0,0.0,0.0,0.0,0.0,0.0
2023-01-23 02:00:00,DATAR1,2023-01-23 02:00:00,131121.0,29.0,1.0,18.0,1.0,0.002,1.0,0.002,1.0,0.6,1.0,0.009,1.0,0.045,1.0,0.054,1.0,0.0,0.0,0.0,0.0,0.0,0.0,0.0,0.0
2023-01-23 03:00:00,DATAR1,2023-01-23 03:00:00,131121.0,37.0,1.0,19.0,1.0,0.001,1.0,0.002,1.0,0.6,1.0,0.017,1.0,0.048,1.0,0.065,1.0,0.0,0.0,0.0,0.0,0.0,0.0,0.0,0.0
2023-01-23 04:00:00,DATAR1,2023-01-23 04:00:00,131121.0,37.0,1.0,19.0,1.0,0.002,1.0,0.002,1.0,0.6,1.0,0.016,1.0,0.046,1.0,0.061,1.0,0.0,0.0,0.0,0.0,0.0,0.0,0.0,0.0
2023-01-23 05:00:00,DATAR1,2023-01-23 05:00:00,131121.0,31.0,1.0,17.0,1.0,0.006,1.0,0.002,1.0,0.5,1.0,0.004,1.0,0.04,1.0,0.044,1.0,0.0,0.0,0.0,0.0,0.0,0.0,0.0,0.0
2023-01-23 06:00:00,DATAR1,2023-01-23 06:00:00,131121.0,33.0,1.0,18.0,1.0,0.004,1.0,0.002,1.0,0.6,1.0,0.012,1.0,0.041,1.0,0.053,1.0,0.0,0.0,0.0,0.0,0.0,0.0,0.0,0.0
2023-01-23 07:00:00,DATAR1,2023-01-23 07:00:00,131121.0,32.0,1.0,19.0,1.0,0.001,1.0,0.002,1.0,0.7,1.0,0.02,1.0,0.043,1.0,0.063,1.0,0.0,0.0,0.0,0.0,0.0,0.0,0.0,0.0
2023-01-23 08:00:00,DATAR1,2023-01-23 08:00:00,131121.0,36.0,1.0,20.0,1.0,0.002,1.0,0.002,1.0,0.6,1.0,0.01,1.0,0.042,1.0,0.052,1.0,0.0,0.0,0.0,0.0,0.0,0.0,0.0,0.0
2023-01-23 09:00:00,DATAR1,2023-01-23 09:00:00,131121.0,32.0,1.0,22.0,1.0,0.005,1.0,0.002,1.0,0.6,1.0,0.018,1.0,0.038,1.0,0.056,1.0,0.0,0.0,0.0,0.0,0.0,0.0,0.0,0.0
2023-01-23 10:00:00,DATAR1,2023-01-23 10:00:00,131121.0,27.0,1.0,22.0,1.0,0.006,1.0,0.002,1.0,0.9,1.0,0.047,1.0,0.046,1.0,0.093,1.0,0.0,0.0,0.0,0.0,0.0,0.0,0.0,0.0
2023-01-23 11:00:00,DATAR1,2023-01-23 11:00:00,131121.0,39.0,1.0,27.0,1.0,0.015,1.0,0.002,1.0,0.6,1.0,0.025,1.0,0.034,1.0,0.059,1.0,0.0,0.0,0.0,0.0,0.0,0.0,0.0,0.0
2023-01-23 12:00:00,DATAR1,2023-01-23 12:00:00,131121.0,40.0,1.0,28.0,1.0,0.031,1.0,0.002,1.0,0.5,1.0,0.008,1.0,0.021,1.0,0.029,1.0,0.0,0.0,0.0,0.0,0.0,0.0,0.0,0.0
2023-01-23 13:00:00,DATAR1,2023-01-23 13:00:00,131121.0,51.0,1.0,30.0,1.0,0.032,1.0,0.002,1.0,0.5,1.0,0.007,1.0,0.024,1.0,0.031,1.0,0.0,0.0,0.0,0.0,0.0,0.0,0.0,0.0
2023-01-23 14:00:00,DATAR1,2023-01-23 14:00:00,131121.0,76.0,1.0,32.0,1.0,0.034,1.0,0.002,1.0,0.5,1.0,0.007,1.0,0.024,1.0,0.032,1.0,0.0,0.0,0.0,0.0,0.0,0.0,0.0,0.0
2023-01-23 15:00:00,DATAR1,2023-01-23 15:00:00,131121.0,82.0,1.0,34.0,1.0,0.035,1.0,0.002,1.0,0.5,1.0,0.006,1.0,0.022,1.0,0.028,1.0,0.0,0.0,0.0,0.0,0.0,0.0,0.0,0.0
2023-01-23 16:00:00,DATAR1,2023-01-23 16:00:00,131121.0,78.0,1.0,37.0,1.0,0.039,1.0,0.002,1.0,0.5,1.0,0.004,1.0,0.017,1.0,0.021,1.0,0.0,0.0,0.0,0.0,0.0,0.0,0.0,0.0
2023-01-23 17:00:00,DATAR1,2023-01-23 17:00:00,131121.0,72.0,1.0,36.0,1.0,0.04,1.0,0.001,1.0,0.4,1.0,0.003,1.0,0.017,1.0,0.02,1.0,0.0,0.0,0.0,0.0,0.0,0.0,0.0,0.0
2023-01-23 18:00:00,DATAR1,2023-01-23 18:00:00,131121.0,67.0,1.0,34.0,1.0,0.036,1.0,0.002,1.0,0.5,1.0,0.003,1.0,0.018,1.0,0.021,1.0,0.0,0.0,0.0,0.0,0.0,0.0,0.0,0.0
2023-01-23 19:00:00,DATAR1,2023-01-23 19:00:00,131121.0,84.0,1.0,36.0,1.0,0.034,1.0,0.002,1.0,0.6,1.0,0.002,1.0,0.018,1.0,0.02,1.0,0.0,0.0,0.0,0.0,0.0,0.0,0.0,0.0
2023-01-23 20:00:00,DATAR1,2023-01-23 20:00:00,131121.0,91.0,1.0,43.0,1.0,0.03,1.0,0.002,1.0,0.6,1.0,0.002,1.0,0.019,1.0,0.021,1.0,0.0,0.0,0.0,0.0,0.0,0.0,0.0,0.0
2023-01-23 21:00:00,DATAR1,2023-01-23 21:00:00,131121.0,63.0,1.0,45.0,1.0,0.029,1.0,0.002,1.0,0.6,1.0,0.002,1.0,0.018,1.0,0.02,1.0,0.0,0.0,0.0,0.0,0.0,0.0,0.0,0.0
2023-01-23 22:00:00,DATAR1,2023-01-23 22:00:00,131121.0,71.0,1.0,47.0,1.0,0.028,1.0,0.002,1.0,0.6,1.0,0.002,1.0,0.018,1.0,0.02,1.0,0.0,0.0,0.0,0.0,0.0,0.0,0.0,0.0
2023-01-23 23:00:00,DATAR1,2023-01-23 23:00:00,131121.0,70.0,1.0,49.0,1.0,0.027,1.0,0.002,1.0,0.6,1.0,0.002,1.0,0.017,1.0,0.019,1.0,0.0,0.0,0.0,0.0,0.0,0.0,0.0,0.0
2023-01-24 00:00:00,DATAR1,2023-01-24 00:00:00,131121.0,53.0,1.0,46.0,1.0,0.029,1.0,0.002,1.0,0.5,1.0,0.002,1.0,0.015,1.0,0.018,1.0,0.0,0.0,0.0,0.0,0.0,0.0,0.0,0.0
2023-01-24 01:00:00,DATAR1,2023-01-24 01:00:00,131121.0,37.0,1.0,36.0,1.0,0.033,1.0,0.002,1.0,0.3,1.0,0.002,1.0,0.013,1.0,0.015,1.0,0.0,0.0,0.0,0.0,0.0,0.0,0.0,0.0
2023-01-24 02:00:00,DATAR1,2023-01-24 02:00:00,131121.0,40.0,1.0,28.0,1.0,0.032,1.0,0.002,1.0,0.4,1.0,0.002,1.0,0.012,1.0,0.015,1.0,0.0,0.0,0.0,0.0,0.0,0.0,0.0,0.0
2023-01-24 03:00:00,DATAR1,2023-01-24 03:00:00,131121.0,33.0,1.0,21.0,1.0,0.032,1.0,0.001,1.0,0.4,1.0,0.002,1.0,0.012,1.0,0.014,1.0,0.0,0.0,0.0,0.0,0.0,0.0,0.0,0.0
2023-01-24 04:00:00,DATAR1,2023-01-24 04:00:00,131121.0,26.0,1.0,16.0,1.0,0.034,1.0,0.001,1.0,0.3,1.0,0.002,1.0,0.011,1.0,0.013,1.0,0.0,0.0,0.0,0.0,0.0,0.0,0.0,0.0
2023-01-24 05:00:00,DATAR1,2023-01-24 05:00:00,131121.0,27.0,1.0,14.0,1.0,0.034,1.0,0.001,1.0,0.3,1.0,0.002,1.0,0.01,1.0,0.012,1.0,0.0,0.0,0.0,0.0,0.0,0.0,0.0,0.0
2023-01-24 06:00:00,DATAR1,2023-01-24 06:00:00,131121.0,25.0,1.0,17.0,1.0,0.032,1.0,0.001,1.0,0.3,1.0,0.002,1.0,0.011,1.0,0.013,1.0,0.0,0.0,0.0,0.0,0.0,0.0,0.0,0.0
2023-01-24 07:00:00,DATAR1,2023-01-24 07:00:00,131121.0,27.0,1.0,16.0,1.0,0.03,1.0,0.001,1.0,0.4,1.0,0.002,1.0,0.012,1.0,0.014,1.0,0.0,0.0,0.0,0.0,0.0,0.0,0.0,0.0
2023-01-24 08:00:00,DATAR1,2023-01-24 08:00:00,131121.0,24.0,1.0,16.0,1.0,0.031,1.0,0.002,1.0,0.4,1.0,0.002,1.0,0.012,1.0,0.014,1.0,0.0,0.0,0.0,0.0,0.0,0.0,0.0,0.0
2023-01-24 09:00:00,DATAR1,2023-01-24 09:00:00,131121.0,26.0,1.0,13.0,1.0,0.032,1.0,0.001,1.0,0.3,1.0,0.003,1.0,0.011,1.0,0.014,1.0,0.0,0.0,0.0,0.0,0.0,0.0,0.0,0.0
2023-01-24 10:00:00,DATAR1,2023-01-24 10:00:00,131121.0,28.0,1.0,8.0,1.0,0.032,1.0,0.001,1.0,0.3,1.0,0.003,1.0,0.011,1.0,0.014,1.0,0.0,0.0,0.0,0.0,0.0,0.0,0.0,0.0
2023-01-24 11:00:00,DATAR1,2023-01-24 11:00:00,131121.0,23.0,1.0,7.0,1.0,0.033,1.0,0.001,1.0,0.3,1.0,0.004,1.0,0.012,1.0,0.017,1.0,0.0,0.0,0.0,0.0,0.0,0.0,0.0,0.0
2023-01-24 12:00:00,DATAR1,2023-01-24 12:00:00,131121.0,26.0,1.0,7.0,1.0,0.034,1.0,0.001,1.0,0.3,1.0,0.004,1.0,0.012,1.0,0.016,1.0,0.0,0.0,0.0,0.0,0.0,0.0,0.0,0.0
2023-01-24 13:00:00,DATAR1,2023-01-24 13:00:00,131121.0,33.0,1.0,6.0,1.0,0.035,1.0,0.001,1.0,0.4,1.0,0.004,1.0,0.011,1.0,0.015,1.0,0.0,0.0,0.0,0.0,0.0,0.0,0.0,0.0
2023-01-24 14:00:00,DATAR1,2023-01-24 14:00:00,131121.0,28.0,1.0,8.0,1.0,0.035,1.0,0.002,1.0,0.4,1.0,0.004,1.0,0.01,1.0,0.014,1.0,0.0,0.0,0.0,0.0,0.0,0.0,0.0,0.0
2023-01-24 15:00:00,DATAR1,2023-01-24 15:00:00,131121.0,32.0,1.0,8.0,1.0,0.034,1.0,0.002,1.0,0.3,1.0,0.004,1.0,0.011,1.0,0.016,1.0,0.0,0.0,0.0,0.0,0.0,0.0,0.0,0.0
2023-01-24 16:00:00,DATAR1,2023-01-24 16:00:00,131121.0,27.0,1.0,8.0,1.0,0.035,1.0,0.002,1.0,0.3,1.0,0.004,1.0,0.011,1.0,0.014,1.0,0.0,0.0,0.0,0.0,0.0,0.0,0.0,0.0
2023-01-24 17:00:00,DATAR1,2023-01-24 17:00:00,131121.0,31.0,1.0,7.0,1.0,0.036,1.0,0.002,1.0,0.4,1.0,0.003,1.0,0.011,1.0,0.014,1.0,0.0,0.0,0.0,0.0,0.0,0.0,0.0,0.0
2023-01-24 18:00:00,DATAR1,2023-01-24 18:00:00,131121.0,30.0,1.0,8.0,1.0,0.033,1.0,0.001,1.0,0.4,1.0,0.003,1.0,0.012,1.0,0.015,1.0,0.0,0.0,0.0,0.0,0.0,0.0,0.0,0.0
2023-01-24 19:00:00,DATAR1,2023-01-24 19:00:00,131121.0,22.0,1.0,8.0,1.0,0.031,1.0,0.001,1.0,0.3,1.0,0.003,1.0,0.014,1.0,0.017,1.0,0.0,0.0,0.0,0.0,0.0,0.0,0.0,0.0
2023-01-24 20:00:00,DATAR1,2023-01-24 20:00:00,131121.0,26.0,1.0,11.0,1.0,0.029,1.0,0.002,1.0,0.3,1.0,0.005,1.0,0.016,1.0,0.022,1.0,0.0,0.0,0.0,0.0,0.0,0.0,0.0,0.0
2023-01-24 21:00:00,DATAR1,2023-01-24 21:00:00,131121.0,23.0,1.0,10.0,1.0,0.028,1.0,0.002,1.0,0.3,1.0,0.004,1.0,0.016,1.0,0.019,1.0,0.0,0.0,0.0,0.0,0.0,0.0,0.0,0.0
2023-01-24 22:00:00,DATAR1,2023-01-24 22:00:00,131121.0,27.0,1.0,11.0,1.0,0.026,1.0,0.002,1.0,0.3,1.0,0.004,1.0,0.017,1.0,0.021,1.0,0.0,0.0,0.0,0.0,0.0,0.0,0.0,0.0
2023-01-24 23:00:00,DATAR1,2023-01-24 23:00:00,131121.0,24.0,1.0,12.0,1.0,0.027,1.0,0.002,1.0,0.3,1.0,0.003,1.0,0.016,1.0,0.019,1.0,0.0,0.0,0.0,0.0,0.0,0.0,0.0,0.0
2023-01-25 00:00:00,DATAR1,2023-01-25 00:00:00,131121.0,22.0,1.0,11.0,1.0,0.028,1.0,0.002,1.0,0.3,1.0,0.003,1.0,0.016,1.0,0.018,1.0,0.0,0.0,0.0,0.0,0.0,0.0,0.0,0.0
2023-01-25 01:00:00,DATAR1,2023-01-25 01:00:00,131121.0,21.0,1.0,11.0,1.0,0.03,1.0,0.002,1.0,0.4,1.0,0.002,1.0,0.014,1.0,0.016,1.0,0.0,0.0,0.0,0.0,0.0,0.0,0.0,0.0
2023-01-25 02:00:00,DATAR1,2023-01-25 02:00:00,131121.0,21.0,1.0,12.0,1.0,0.028,1.0,0.002,1.0,0.4,1.0,0.002,1.0,0.016,1.0,0.018,1.0,0.0,0.0,0.0,0.0,0.0,0.0,0.0,0.0
2023-01-25 03:00:00,DATAR1,2023-01-25 03:00:00,131121.0,19.0,1.0,8.0,1.0,0.029,1.0,0.002,1.0,0.4,1.0,0.002,1.0,0.015,1.0,0.017,1.0,0.0,0.0,0.0,0.0,0.0,0.0,0.0,0.0
2023-01-25 04:00:00,DATAR1,2023-01-25 04:00:00,131121.0,18.0,1.0,8.0,1.0,0.027,1.0,0.002,1.0,0.4,1.0,0.002,1.0,0.016,1.0,0.018,1.0,0.0,0.0,0.0,0.0,0.0,0.0,0.0,0.0
2023-01-25 05:00:00,DATAR1,2023-01-25 05:00:00,131121.0,21.0,1.0,10.0,1.0,0.025,1.0,0.002,1.0,0.3,1.0,0.003,1.0,0.018,1.0,0.02,1.0,0.0,0.0,0.0,0.0,0.0,0.0,0.0,0.0
2023-01-25 06:00:00,DATAR1,2023-01-25 06:00:00,131121.0,18.0,1.0,8.0,1.0,0.026,1.0,0.002,1.0,0.3,1.0,0.003,1.0,0.018,1.0,0.02,1.0,0.0,0.0,0.0,0.0,0.0,0.0,0.0,0.0
2023-01-25 07:00:00,DATAR1,2023-01-25 07:00:00,131121.0,19.0,1.0,7.0,1.0,0.022,1.0,0.002,1.0,0.4,1.0,0.003,1.0,0.021,1.0,0.024,1.0,0.0,0.0,0.0,0.0,0.0,0.0,0.0,0.0
2023-01-25 08:00:00,DATAR1,2023-01-25 08:00:00,131121.0,17.0,1.0,8.0,1.0,0.02,1.0,0.002,1.0,0.5,1.0,0.004,1.0,0.023,1.0,0.027,1.0,0.0,0.0,0.0,0.0,0.0,0.0,0.0,0.0
2023-01-25 09:00:00,DATAR1,2023-01-25 09:00:00,131121.0,23.0,1.0,8.0,1.0,0.018,1.0,0.002,1.0,0.4,1.0,0.008,1.0,0.026,1.0,0.034,1.0,0.0,0.0,0.0,0.0,0.0,0.0,0.0,0.0
2023-01-25 10:00:00,DATAR1,2023-01-25 10:00:00,131121.0,17.0,1.0,11.0,1.0,0.02,1.0,0.002,1.0,0.4,1.0,0.013,1.0,0.025,1.0,0.038,1.0,0.0,0.0,0.0,0.0,0.0,0.0,0.0,0.0
2023-01-25 11:00:00,DATAR1,2023-01-25 11:00:00,131121.0,29.0,1.0,12.0,1.0,0.02,1.0,0.002,1.0,0.5,1.0,0.019,1.0,0.027,1.0,0.045,1.0,0.0,0.0,0.0,0.0,0.0,0.0,0.0,0.0
2023-01-25 12:00:00,DATAR1,2023-01-25 12:00:00,131121.0,27.0,1.0,11.0,1.0,0.022,1.0,0.002,1.0,0.5,1.0,0.021,1.0,0.028,1.0,0.049,1.0,0.0,0.0,0.0,0.0,0.0,0.0,0.0,0.0
2023-01-25 13:00:00,DATAR1,2023-01-25 13:00:00,131121.0,20.0,1.0,9.0,1.0,0.025,1.0,0.002,1.0,0.4,1.0,0.016,1.0,0.025,1.0,0.041,1.0,0.0,0.0,0.0,0.0,0.0,0.0,0.0,0.0
2023-01-25 14:00:00,DATAR1,2023-01-25 14:00:00,131121.0,18.0,1.0,12.0,1.0,0.024,1.0,0.002,1.0,0.5,1.0,0.018,1.0,0.028,1.0,0.046,1.0,0.0,0.0,0.0,0.0,0.0,0.0,0.0,0.0
2023-01-25 15:00:00,DATAR1,2023-01-25 15:00:00,131121.0,23.0,1.0,12.0,1.0,0.03,1.0,0.002,1.0,0.4,1.0,0.011,1.0,0.023,1.0,0.034,1.0,0.0,0.0,0.0,0.0,0.0,0.0,0.0,0.0
2023-01-25 16:00:00,DATAR1,2023-01-25 16:00:00,131121.0,10.0,1.0,8.0,1.0,0.033,1.0,0.001,1.0,0.4,1.0,0.007,1.0,0.02,1.0,0.027,1.0,0.0,0.0,0.0,0.0,0.0,0.0,0.0,0.0
2023-01-25 17:00:00,DATAR1,2023-01-25 17:00:00,131121.0,9.0,1.0,8.0,1.0,0.03,1.0,0.001,1.0,0.3,1.0,0.006,1.0,0.023,1.0,0.03,1.0,0.0,0.0,0.0,0.0,0.0,0.0,0.0,0.0
2023-01-25 18:00:00,DATAR1,2023-01-25 18:00:00,131121.0,16.0,1.0,9.0,1.0,0.026,1.0,0.002,1.0,0.3,1.0,0.004,1.0,0.025,1.0,0.029,1.0,0.0,0.0,0.0,0.0,0.0,0.0,0.0,0.0
2023-01-25 19:00:00,DATAR1,2023-01-25 19:00:00,131121.0,15.0,1.0,9.0,1.0,0.015,1.0,0.002,1.0,0.4,1.0,0.009,1.0,0.039,1.0,0.048,1.0,0.0,0.0,0.0,0.0,0.0,0.0,0.0,0.0
2023-01-25 20:00:00,DATAR1,2023-01-25 20:00:00,131121.0,17.0,1.0,9.0,1.0,0.004,1.0,0.002,1.0,0.5,1.0,0.038,1.0,0.052,1.0,0.09,1.0,0.0,0.0,0.0,0.0,0.0,0.0,0.0,0.0
2023-01-25 21:00:00,DATAR1,2023-01-25 21:00:00,131121.0,13.0,1.0,8.0,1.0,0.004,1.0,0.002,1.0,0.5,1.0,0.015,1.0,0.049,1.0,0.064,1.0,0.0,0.0,0.0,0.0,0.0,0.0,0.0,0.0
2023-01-25 22:00:00,DATAR1,2023-01-25 22:00:00,131121.0,27.0,1.0,10.0,1.0,0.005,1.0,0.002,1.0,0.5,1.0,0.014,1.0,0.046,1.0,0.06,1.0,0.0,0.0,0.0,0.0,0.0,0.0,0.0,0.0
2023-01-25 23:00:00,DATAR1,2023-01-25 23:00:00,131121.0,21.0,1.0,14.0,1.0,0.008,1.0,0.002,1.0,0.4,1.0,0.006,1.0,0.041,1.0,0.047,1.0,0.0,0.0,0.0,0.0,0.0,0.0,0.0,0.0
2023-01-26 00:00:00,DATAR1,2023-01-26 00:00:00,131121.0,29.0,1.0,15.0,1.0,0.004,1.0,0.001,1.0,0.5,1.0,0.009,1.0,0.045,1.0,0.053,1.0,0.0,0.0,0.0,0.0,0.0,0.0,0.0,0.0
2023-01-26 01:00:00,DATAR1,2023-01-26 01:00:00,131121.0,32.0,1.0,12.0,1.0,0.007,1.0,0.002,1.0,0.4,1.0,0.006,1.0,0.041,1.0,0.047,1.0,0.0,0.0,0.0,0.0,0.0,0.0,0.0,0.0
2023-01-26 02:00:00,DATAR1,2023-01-26 02:00:00,131121.0,24.0,1.0,14.0,1.0,0.006,1.0,0.002,1.0,0.4,1.0,0.005,1.0,0.041,1.0,0.046,1.0,0.0,0.0,0.0,0.0,0.0,0.0,0.0,0.0
2023-01-26 03:00:00,DATAR1,2023-01-26 03:00:00,131121.0,18.0,1.0,15.0,1.0,0.011,1.0,0.002,1.0,0.4,1.0,0.004,1.0,0.035,1.0,0.039,1.0,0.0,0.0,0.0,0.0,0.0,0.0,0.0,0.0
2023-01-26 04:00:00,DATAR1,2023-01-26 04:00:00,131121.0,24.0,1.0,11.0,1.0,0.016,1.0,0.002,1.0,0.4,1.0,0.004,1.0,0.03,1.0,0.034,1.0,0.0,0.0,0.0,0.0,0.0,0.0,0.0,0.0
2023-01-26 05:00:00,DATAR1,2023-01-26 05:00:00,131121.0,29.0,1.0,9.0,1.0,0.012,1.0,0.002,1.0,0.5,1.0,0.004,1.0,0.033,1.0,0.037,1.0,0.0,0.0,0.0,0.0,0.0,0.0,0.0,0.0
2023-01-26 06:00:00,DATAR1,2023-01-26 06:00:00,131121.0,31.0,1.0,10.0,1.0,0.007,1.0,0.002,1.0,0.5,1.0,0.009,1.0,0.037,1.0,0.046,1.0,0.0,0.0,0.0,0.0,0.0,0.0,0.0,0.0
2023-01-26 07:00:00,DATAR1,2023-01-26 07:00:00,131121.0,28.0,1.0,16.0,1.0,0.008,1.0,0.002,1.0,0.5,1.0,0.011,1.0,0.036,1.0,0.047,1.0,0.0,0.0,0.0,0.0,0.0,0.0,0.0,0.0
2023-01-26 08:00:00,DATAR1,2023-01-26 08:00:00,131121.0,18.0,1.0,20.0,1.0,0.007,1.0,0.002,1.0,0.5,1.0,0.012,1.0,0.038,1.0,0.05,1.0,0.0,0.0,0.0,0.0,0.0,0.0,0.0,0.0
2023-01-26 09:00:00,DATAR1,2023-01-26 09:00:00,131121.0,22.0,1.0,24.0,1.0,0.007,1.0,0.002,1.0,0.5,1.0,0.015,1.0,0.038,1.0,0.053,1.0,0.0,0.0,0.0,0.0,0.0,0.0,0.0,0.0
2023-01-26 10:00:00,DATAR1,2023-01-26 10:00:00,131121.0,18.0,1.0,20.0,1.0,0.011,1.0,0.002,1.0,0.5,1.0,0.018,1.0,0.035,1.0,0.053,1.0,0.0,0.0,0.0,0.0,0.0,0.0,0.0,0.0
2023-01-26 11:00:00,DATAR1,2023-01-26 11:00:00,131121.0,21.0,1.0,18.0,1.0,0.014,1.0,0.002,1.0,0.5,1.0,0.017,1.0,0.032,1.0,0.049,1.0,0.0,0.0,0.0,0.0,0.0,0.0,0.0,0.0
2023-01-26 12:00:00,DATAR1,2023-01-26 12:00:00,131121.0,18.0,1.0,16.0,1.0,0.017,1.0,0.002,1.0,0.4,1.0,0.014,1.0,0.029,1.0,0.043,1.0,0.0,0.0,0.0,0.0,0.0,0.0,0.0,0.0
2023-01-26 13:00:00,DATAR1,2023-01-26 13:00:00,131121.0,19.0,1.0,18.0,1.0,0.016,1.0,0.002,1.0,0.4,1.0,0.014,1.0,0.031,1.0,0.045,1.0,0.0,0.0,0.0,0.0,0.0,0.0,0.0,0.0
2023-01-26 14:00:00,DATAR1,2023-01-26 14:00:00,131121.0,25.0,1.0,16.0,1.0,0.009,1.0,0.002,1.0,0.6,1.0,0.032,1.0,0.04,1.0,0.072,1.0,0.0,0.0,0.0,0.0,0.0,0.0,0.0,0.0
2023-01-26 15:00:00,DATAR1,2023-01-26 15:00:00,131121.0,27.0,1.0,23.0,1.0,0.006,1.0,0.002,1.0,0.6,1.0,0.035,1.0,0.042,1.0,0.077,1.0,0.0,0.0,0.0,0.0,0.0,0.0,0.0,0.0
2023-01-26 16:00:00,DATAR1,2023-01-26 16:00:00,131121.0,27.0,1.0,27.0,1.0,0.009,1.0,0.002,1.0,0.5,1.0,0.017,1.0,0.038,1.0,0.055,1.0,0.0,0.0,0.0,0.0,0.0,0.0,0.0,0.0
2023-01-26 17:00:00,DATAR1,2023-01-26 17:00:00,131121.0,,3.0,,3.0,,3.0,,3.0,,3.0,,3.0,,3.0,,3.0,0.0,0.0,0.0,0.0,0.0,0.0,0.0,0.0
2023-01-26 18:00:00,DATAR1,2023-01-26 18:00:00,131121.0,,3.0,,3.0,,3.0,,3.0,,3.0,,3.0,,3.0,,3.0,0.0,0.0,0.0,0.0,0.0,0.0,0.0,0.0
2023-01-26 19:00:00,DATAR1,2023-01-26 19:00:00,131121.0,,3.0,,3.0,,3.0,,3.0,,3.0,,3.0,,3.0,,3.0,0.0,0.0,0.0,0.0,0.0,0.0,0.0,0.0
2023-01-26 20:00:00,DATAR1,2023-01-26 20:00:00,131121.0,34.0,1.0,22.0,1.0,0.002,1.0,0.002,1.0,0.5,1.0,0.014,1.0,0.046,1.0,0.06,1.0,0.0,0.0,0.0,0.0,0.0,0.0,0.0,0.0
2023-01-26 21:00:00,DATAR1,2023-01-26 21:00:00,131121.0,31.0,1.0,26.0,1.0,0.001,1.0,0.002,1.0,0.6,1.0,0.024,1.0,0.047,1.0,0.072,1.0,0.0,0.0,0.0,0.0,0.0,0.0,0.0,0.0
2023-01-26 22:00:00,DATAR1,2023-01-26 22:00:00,131121.0,32.0,1.0,28.0,1.0,0.001,1.0,0.002,1.0,0.6,1.0,0.038,1.0,0.051,1.0,0.088,1.0,0.0,0.0,0.0,0.0,0.0,0.0,0.0,0.0
2023-01-26 23:00:00,DATAR1,2023-01-26 23:00:00,131121.0,29.0,1.0,27.0,1.0,0.001,1.0,0.002,1.0,0.7,1.0,0.037,1.0,0.051,1.0,0.088,1.0,0.0,0.0,0.0,0.0,0.0,0.0,0.0,0.0
2023-01-27 00:00:00,DATAR1,2023-01-27 00:00:00,131121.0,32.0,1.0,28.0,1.0,0.008,1.0,0.002,1.0,0.6,1.0,0.007,1.0,0.04,1.0,0.047,1.0,0.0,0.0,0.0,0.0,0.0,0.0,0.0,0.0
2023-01-27 01:00:00,DATAR1,2023-01-27 01:00:00,131121.0,45.0,1.0,32.0,1.0,0.02,1.0,0.002,1.0,0.6,1.0,0.003,1.0,0.027,1.0,0.03,1.0,0.0,0.0,0.0,0.0,0.0,0.0,0.0,0.0
2023-01-27 02:00:00,DATAR1,2023-01-27 02:00:00,131121.0,50.0,1.0,33.0,1.0,0.019,1.0,0.002,1.0,0.6,1.0,0.003,1.0,0.029,1.0,0.032,1.0,0.0,0.0,0.0,0.0,0.0,0.0,0.0,0.0
2023-01-27 03:00:00,DATAR1,2023-01-27 03:00:00,131121.0,53.0,1.0,34.0,1.0,0.019,1.0,0.002,1.0,0.6,1.0,0.003,1.0,0.028,1.0,0.031,1.0,0.0,0.0,0.0,0.0,0.0,0.0,0.0,0.0
2023-01-27 04:00:00,DATAR1,2023-01-27 04:00:00,131121.0,52.0,1.0,35.0,1.0,0.018,1.0,0.002,1.0,0.6,1.0,0.004,1.0,0.03,1.0,0.033,1.0,0.0,0.0,0.0,0.0,0.0,0.0,0.0,0.0
2023-01-27 05:00:00,DATAR1,2023-01-27 05:00:00,131121.0,50.0,1.0,36.0,1.0,0.018,1.0,0.002,1.0,0.6,1.0,0.003,1.0,0.03,1.0,0.034,1.0,0.0,0.0,0.0,0.0,0.0,0.0,0.0,0.0
2023-01-27 06:00:00,DATAR1,2023-01-27 06:00:00,131121.0,57.0,1.0,37.0,1.0,0.016,1.0,0.002,1.0,0.7,1.0,0.004,1.0,0.034,1.0,0.037,1.0,0.0,0.0,0.0,0.0,0.0,0.0,0.0,0.0
2023-01-27 07:00:00,DATAR1,2023-01-27 07:00:00,131121.0,54.0,1.0,37.0,1.0,0.014,1.0,0.002,1.0,0.7,1.0,0.004,1.0,0.037,1.0,0.041,1.0,0.0,0.0,0.0,0.0,0.0,0.0,0.0,0.0
2023-01-27 08:00:00,DATAR1,2023-01-27 08:00:00,131121.0,53.0,1.0,38.0,1.0,0.009,1.0,0.002,1.0,0.7,1.0,0.009,1.0,0.041,1.0,0.05,1.0,0.0,0.0,0.0,0.0,0.0,0.0,0.0,0.0
2023-01-27 09:00:00,DATAR1,2023-01-27 09:00:00,131121.0,42.0,1.0,33.0,1.0,0.015,1.0,0.002,1.0,0.6,1.0,0.012,1.0,0.033,1.0,0.045,1.0,0.0,0.0,0.0,0.0,0.0,0.0,0.0,0.0
2023-01-27 10:00:00,DATAR1,2023-01-27 10:00:00,131121.0,42.0,1.0,23.0,1.0,0.022,1.0,0.002,1.0,0.5,1.0,0.01,1.0,0.023,1.0,0.033,1.0,0.0,0.0,0.0,0.0,0.0,0.0,0.0,0.0
2023-01-27 11:00:00,DATAR1,2023-01-27 11:00:00,131121.0,39.0,1.0,19.0,1.0,0.025,1.0,0.002,1.0,0.5,1.0,0.009,1.0,0.02,1.0,0.03,1.0,0.0,0.0,0.0,0.0,0.0,0.0,0.0,0.0
2023-01-27 12:00:00,DATAR1,2023-01-27 12:00:00,131121.0,38.0,1.0,16.0,1.0,0.028,1.0,0.002,1.0,0.5,1.0,0.008,1.0,0.018,1.0,0.026,1.0,0.0,0.0,0.0,0.0,0.0,0.0,0.0,0.0
2023-01-27 13:00:00,DATAR1,2023-01-27 13:00:00,131121.0,25.0,1.0,16.0,1.0,0.03,1.0,0.002,1.0,0.4,1.0,0.007,1.0,0.016,1.0,0.022,1.0,0.0,0.0,0.0,0.0,0.0,0.0,0.0,0.0
2023-01-27 14:00:00,DATAR1,2023-01-27 14:00:00,131121.0,24.0,1.0,11.0,1.0,0.029,1.0,0.002,1.0,0.4,1.0,0.007,1.0,0.017,1.0,0.024,1.0,0.0,0.0,0.0,0.0,0.0,0.0,0.0,0.0
2023-01-27 15:00:00,DATAR1,2023-01-27 15:00:00,131121.0,32.0,1.0,7.0,1.0,0.031,1.0,0.002,1.0,0.3,1.0,0.005,1.0,0.014,1.0,0.02,1.0,0.0,0.0,0.0,0.0,0.0,0.0,0.0,0.0
2023-01-27 16:00:00,DATAR1,2023-01-27 16:00:00,131121.0,23.0,1.0,8.0,1.0,0.031,1.0,0.002,1.0,0.3,1.0,0.005,1.0,0.014,1.0,0.02,1.0,0.0,0.0,0.0,0.0,0.0,0.0,0.0,0.0
2023-01-27 17:00:00,DATAR1,2023-01-27 17:00:00,131121.0,38.0,1.0,6.0,1.0,0.031,1.0,0.002,1.0,0.3,1.0,0.004,1.0,0.014,1.0,0.018,1.0,0.0,0.0,0.0,0.0,0.0,0.0,0.0,0.0
2023-01-27 18:00:00,DATAR1,2023-01-27 18:00:00,131121.0,43.0,1.0,6.0,1.0,0.029,1.0,0.002,1.0,0.3,1.0,0.004,1.0,0.016,1.0,0.02,1.0,0.0,0.0,0.0,0.0,0.0,0.0,0.0,0.0
2023-01-27 19:00:00,DATAR1,2023-01-27 19:00:00,131121.0,36.0,1.0,11.0,1.0,0.027,1.0,0.002,1.0,0.3,1.0,0.005,1.0,0.019,1.0,0.024,1.0,0.0,0.0,0.0,0.0,0.0,0.0,0.0,0.0
2023-01-27 20:00:00,DATAR1,2023-01-27 20:00:00,131121.0,29.0,1.0,8.0,1.0,0.026,1.0,0.002,1.0,0.4,1.0,0.005,1.0,0.02,1.0,0.025,1.0,0.0,0.0,0.0,0.0,0.0,0.0,0.0,0.0
2023-01-27 21:00:00,DATAR1,2023-01-27 21:00:00,131121.0,34.0,1.0,11.0,1.0,0.028,1.0,0.002,1.0,0.4,1.0,0.004,1.0,0.018,1.0,0.022,1.0,0.0,0.0,0.0,0.0,0.0,0.0,0.0,0.0
2023-01-27 22:00:00,DATAR1,2023-01-27 22:00:00,131121.0,32.0,1.0,14.0,1.0,0.028,1.0,0.002,1.0,0.4,1.0,0.003,1.0,0.018,1.0,0.021,1.0,0.0,0.0,0.0,0.0,0.0,0.0,0.0,0.0
2023-01-27 23:00:00,DATAR1,2023-01-27 23:00:00,131121.0,28.0,1.0,17.0,1.0,0.025,1.0,0.002,1.0,0.5,1.0,0.002,1.0,0.021,1.0,0.023,1.0,0.0,0.0,0.0,0.0,0.0,0.0,0.0,0.0
2023-01-28 00:00:00,DATAR1,2023-01-28 00:00:00,131121.0,32.0,1.0,16.0,1.0,0.025,1.0,0.002,1.0,0.5,1.0,0.002,1.0,0.021,1.0,0.023,1.0,0.0,0.0,0.0,0.0,0.0,0.0,0.0,0.0
2023-01-28 01:00:00,DATAR1,2023-01-28 01:00:00,131121.0,33.0,1.0,17.0,1.0,0.024,1.0,0.002,1.0,0.4,1.0,0.002,1.0,0.022,1.0,0.024,1.0,0.0,0.0,0.0,0.0,0.0,0.0,0.0,0.0
2023-01-28 02:00:00,DATAR1,2023-01-28 02:00:00,131121.0,27.0,1.0,20.0,1.0,0.024,1.0,0.002,1.0,0.4,1.0,0.002,1.0,0.02,1.0,0.023,1.0,0.0,0.0,0.0,0.0,0.0,0.0,0.0,0.0
2023-01-28 03:00:00,DATAR1,2023-01-28 03:00:00,131121.0,26.0,1.0,16.0,1.0,0.025,1.0,0.002,1.0,0.5,1.0,0.003,1.0,0.018,1.0,0.021,1.0,0.0,0.0,0.0,0.0,0.0,0.0,0.0,0.0
2023-01-28 04:00:00,DATAR1,2023-01-28 04:00:00,131121.0,29.0,1.0,15.0,1.0,0.024,1.0,0.002,1.0,0.5,1.0,0.002,1.0,0.019,1.0,0.022,1.0,0.0,0.0,0.0,0.0,0.0,0.0,0.0,0.0
2023-01-28 05:00:00,DATAR1,2023-01-28 05:00:00,131121.0,27.0,1.0,14.0,1.0,0.023,1.0,0.002,1.0,0.4,1.0,0.002,1.0,0.02,1.0,0.022,1.0,0.0,0.0,0.0,0.0,0.0,0.0,0.0,0.0
2023-01-28 06:00:00,DATAR1,2023-01-28 06:00:00,131121.0,26.0,1.0,15.0,1.0,0.022,1.0,0.002,1.0,0.4,1.0,0.003,1.0,0.021,1.0,0.024,1.0,0.0,0.0,0.0,0.0,0.0,0.0,0.0,0.0
2023-01-28 07:00:00,DATAR1,2023-01-28 07:00:00,131121.0,28.0,1.0,17.0,1.0,0.02,1.0,0.002,1.0,0.5,1.0,0.003,1.0,0.024,1.0,0.026,1.0,0.0,0.0,0.0,0.0,0.0,0.0,0.0,0.0
2023-01-28 08:00:00,DATAR1,2023-01-28 08:00:00,131121.0,25.0,1.0,15.0,1.0,0.013,1.0,0.002,1.0,0.5,1.0,0.005,1.0,0.033,1.0,0.038,1.0,0.0,0.0,0.0,0.0,0.0,0.0,0.0,0.0
2023-01-28 09:00:00,DATAR1,2023-01-28 09:00:00,131121.0,23.0,1.0,16.0,1.0,0.01,1.0,0.002,1.0,0.5,1.0,0.013,1.0,0.036,1.0,0.049,1.0,0.0,0.0,0.0,0.0,0.0,0.0,0.0,0.0
2023-01-28 10:00:00,DATAR1,2023-01-28 10:00:00,131121.0,28.0,1.0,14.0,1.0,0.019,1.0,0.002,1.0,0.5,1.0,0.011,1.0,0.026,1.0,0.037,1.0,0.0,0.0,0.0,0.0,0.0,0.0,0.0,0.0
2023-01-28 11:00:00,DATAR1,2023-01-28 11:00:00,131121.0,18.0,1.0,13.0,1.0,0.022,1.0,0.002,1.0,0.4,1.0,0.012,1.0,0.024,1.0,0.036,1.0,0.0,0.0,0.0,0.0,0.0,0.0,0.0,0.0
2023-01-28 12:00:00,DATAR1,2023-01-28 12:00:00,131121.0,30.0,1.0,18.0,1.0,0.022,1.0,0.002,1.0,0.5,1.0,0.013,1.0,0.024,1.0,0.037,1.0,0.0,0.0,0.0,0.0,0.0,0.0,0.0,0.0
2023-01-28 13:00:00,DATAR1,2023-01-28 13:00:00,131121.0,24.0,1.0,16.0,1.0,0.022,1.0,0.003,1.0,0.4,1.0,0.013,1.0,0.024,1.0,0.036,1.0,0.0,0.0,0.0,0.0,0.0,0.0,0.0,0.0
2023-01-28 14:00:00,DATAR1,2023-01-28 14:00:00,131121.0,27.0,1.0,14.0,1.0,0.024,1.0,0.003,1.0,0.4,1.0,0.011,1.0,0.022,1.0,0.033,1.0,0.0,0.0,0.0,0.0,0.0,0.0,0.0,0.0
2023-01-28 15:00:00,DATAR1,2023-01-28 15:00:00,131121.0,39.0,1.0,13.0,1.0,0.028,1.0,0.002,1.0,0.4,1.0,0.007,1.0,0.017,1.0,0.024,1.0,0.0,0.0,0.0,0.0,0.0,0.0,0.0,0.0
2023-01-28 16:00:00,DATAR1,2023-01-28 16:00:00,131121.0,60.0,1.0,12.0,1.0,0.029,1.0,0.002,1.0,0.4,1.0,0.005,1.0,0.017,1.0,0.022,1.0,0.0,0.0,0.0,0.0,0.0,0.0,0.0,0.0
2023-01-28 17:00:00,DATAR1,2023-01-28 17:00:00,131121.0,75.0,1.0,8.0,1.0,0.028,1.0,0.002,1.0,0.4,1.0,0.005,1.0,0.018,1.0,0.022,1.0,0.0,0.0,0.0,0.0,0.0,0.0,0.0,0.0
2023-01-28 18:00:00,DATAR1,2023-01-28 18:00:00,131121.0,56.0,1.0,8.0,1.0,0.026,1.0,0.002,1.0,0.4,1.0,0.004,1.0,0.02,1.0,0.024,1.0,0.0,0.0,0.0,0.0,0.0,0.0,0.0,0.0
2023-01-28 19:00:00,DATAR1,2023-01-28 19:00:00,131121.0,57.0,1.0,6.0,1.0,0.027,1.0,0.002,1.0,0.4,1.0,0.003,1.0,0.019,1.0,0.022,1.0,0.0,0.0,0.0,0.0,0.0,0.0,0.0,0.0
2023-01-28 20:00:00,DATAR1,2023-01-28 20:00:00,131121.0,56.0,1.0,6.0,1.0,0.025,1.0,0.002,1.0,0.4,1.0,0.003,1.0,0.021,1.0,0.023,1.0,0.0,0.0,0.0,0.0,0.0,0.0,0.0,0.0
2023-01-28 21:00:00,DATAR1,2023-01-28 21:00:00,131121.0,58.0,1.0,8.0,1.0,0.02,1.0,0.002,1.0,0.4,1.0,0.002,1.0,0.025,1.0,0.028,1.0,0.0,0.0,0.0,0.0,0.0,0.0,0.0,0.0
2023-01-28 22:00:00,DATAR1,2023-01-28 22:00:00,131121.0,58.0,1.0,10.0,1.0,0.021,1.0,0.002,1.0,0.4,1.0,0.003,1.0,0.024,1.0,0.027,1.0,0.0,0.0,0.0,0.0,0.0,0.0,0.0,0.0
2023-01-28 23:00:00,DATAR1,2023-01-28 23:00:00,131121.0,54.0,1.0,10.0,1.0,0.024,1.0,0.002,1.0,0.4,1.0,0.002,1.0,0.02,1.0,0.022,1.0,0.0,0.0,0.0,0.0,0.0,0.0,0.0,0.0
2023-01-29 00:00:00,DATAR1,2023-01-29 00:00:00,131121.0,37.0,1.0,9.0,1.0,0.026,1.0,0.002,1.0,0.4,1.0,0.002,1.0,0.018,1.0,0.02,1.0,0.0,0.0,0.0,0.0,0.0,0.0,0.0,0.0
2023-01-29 01:00:00,DATAR1,2023-01-29 01:00:00,131121.0,31.0,1.0,8.0,1.0,0.023,1.0,0.002,1.0,0.4,1.0,0.002,1.0,0.022,1.0,0.024,1.0,0.0,0.0,0.0,0.0,0.0,0.0,0.0,0.0
2023-01-29 02:00:00,DATAR1,2023-01-29 02:00:00,131121.0,24.0,1.0,6.0,1.0,0.022,1.0,0.002,1.0,0.4,1.0,0.003,1.0,0.022,1.0,0.024,1.0,0.0,0.0,0.0,0.0,0.0,0.0,0.0,0.0
2023-01-29 03:00:00,DATAR1,2023-01-29 03:00:00,131121.0,27.0,1.0,8.0,1.0,0.01,1.0,0.002,1.0,0.5,1.0,0.003,1.0,0.036,1.0,0.04,1.0,0.0,0.0,0.0,0.0,0.0,0.0,0.0,0.0
2023-01-29 04:00:00,DATAR1,2023-01-29 04:00:00,131121.0,26.0,1.0,10.0,1.0,0.01,1.0,0.002,1.0,0.5,1.0,0.004,1.0,0.035,1.0,0.039,1.0,0.0,0.0,0.0,0.0,0.0,0.0,0.0,0.0
2023-01-29 05:00:00,DATAR1,2023-01-29 05:00:00,131121.0,22.0,1.0,9.0,1.0,0.006,1.0,0.002,1.0,0.5,1.0,0.007,1.0,0.041,1.0,0.048,1.0,0.0,0.0,0.0,0.0,0.0,0.0,0.0,0.0
2023-01-29 06:00:00,DATAR1,2023-01-29 06:00:00,131121.0,26.0,1.0,10.0,1.0,0.004,1.0,0.002,1.0,0.6,1.0,0.008,1.0,0.042,1.0,0.051,1.0,0.0,0.0,0.0,0.0,0.0,0.0,0.0,0.0
2023-01-29 07:00:00,DATAR1,2023-01-29 07:00:00,131121.0,25.0,1.0,11.0,1.0,0.004,1.0,0.002,1.0,0.5,1.0,0.007,1.0,0.042,1.0,0.048,1.0,0.0,0.0,0.0,0.0,0.0,0.0,0.0,0.0
2023-01-29 08:00:00,DATAR1,2023-01-29 08:00:00,131121.0,24.0,1.0,12.0,1.0,0.004,1.0,0.002,1.0,0.5,1.0,0.015,1.0,0.042,1.0,0.057,1.0,0.0,0.0,0.0,0.0,0.0,0.0,0.0,0.0
2023-01-29 09:00:00,DATAR1,2023-01-29 09:00:00,131121.0,31.0,1.0,11.0,1.0,0.016,1.0,0.002,1.0,0.4,1.0,0.007,1.0,0.029,1.0,0.036,1.0,0.0,0.0,0.0,0.0,0.0,0.0,0.0,0.0
2023-01-29 10:00:00,DATAR1,2023-01-29 10:00:00,131121.0,40.0,1.0,10.0,1.0,0.018,1.0,0.002,1.0,0.4,1.0,0.007,1.0,0.027,1.0,0.034,1.0,0.0,0.0,0.0,0.0,0.0,0.0,0.0,0.0
2023-01-29 11:00:00,DATAR1,2023-01-29 11:00:00,131121.0,24.0,1.0,10.0,1.0,0.024,1.0,0.003,1.0,0.5,1.0,0.008,1.0,0.021,1.0,0.029,1.0,0.0,0.0,0.0,0.0,0.0,0.0,0.0,0.0
2023-01-29 12:00:00,DATAR1,2023-01-29 12:00:00,131121.0,27.0,1.0,11.0,1.0,0.025,1.0,0.003,1.0,0.5,1.0,0.008,1.0,0.02,1.0,0.029,1.0,0.0,0.0,0.0,0.0,0.0,0.0,0.0,0.0
2023-01-29 13:00:00,DATAR1,2023-01-29 13:00:00,131121.0,36.0,1.0,15.0,1.0,0.026,1.0,0.002,1.0,0.4,1.0,0.008,1.0,0.02,1.0,0.028,1.0,0.0,0.0,0.0,0.0,0.0,0.0,0.0,0.0
2023-01-29 14:00:00,DATAR1,2023-01-29 14:00:00,131121.0,32.0,1.0,13.0,1.0,0.029,1.0,0.002,1.0,0.4,1.0,0.007,1.0,0.018,1.0,0.024,1.0,0.0,0.0,0.0,0.0,0.0,0.0,0.0,0.0
2023-01-29 15:00:00,DATAR1,2023-01-29 15:00:00,131121.0,44.0,1.0,12.0,1.0,0.032,1.0,0.002,1.0,0.4,1.0,0.005,1.0,0.016,1.0,0.021,1.0,0.0,0.0,0.0,0.0,0.0,0.0,0.0,0.0
2023-01-29 16:00:00,DATAR1,2023-01-29 16:00:00,131121.0,53.0,1.0,14.0,1.0,0.033,1.0,0.002,1.0,0.4,1.0,0.004,1.0,0.018,1.0,0.021,1.0,0.0,0.0,0.0,0.0,0.0,0.0,0.0,0.0
2023-01-29 17:00:00,DATAR1,2023-01-29 17:00:00,131121.0,49.0,1.0,11.0,1.0,0.033,1.0,0.003,1.0,0.5,1.0,0.004,1.0,0.021,1.0,0.024,1.0,0.0,0.0,0.0,0.0,0.0,0.0,0.0,0.0
2023-01-29 18:00:00,DATAR1,2023-01-29 18:00:00,131121.0,54.0,1.0,15.0,1.0,0.034,1.0,0.002,1.0,0.5,1.0,0.003,1.0,0.019,1.0,0.022,1.0,0.0,0.0,0.0,0.0,0.0,0.0,0.0,0.0
2023-01-29 19:00:00,DATAR1,2023-01-29 19:00:00,131121.0,56.0,1.0,19.0,1.0,0.034,1.0,0.003,1.0,0.5,1.0,0.002,1.0,0.021,1.0,0.023,1.0,0.0,0.0,0.0,0.0,0.0,0.0,0.0,0.0
2023-01-29 20:00:00,DATAR1,2023-01-29 20:00:00,131121.0,71.0,1.0,22.0,1.0,0.031,1.0,0.002,1.0,0.6,1.0,0.002,1.0,0.022,1.0,0.024,1.0,0.0,0.0,0.0,0.0,0.0,0.0,0.0,0.0
2023-01-29 21:00:00,DATAR1,2023-01-29 21:00:00,131121.0,84.0,1.0,27.0,1.0,0.025,1.0,0.002,1.0,0.6,1.0,0.002,1.0,0.025,1.0,0.028,1.0,0.0,0.0,0.0,0.0,0.0,0.0,0.0,0.0
2023-01-29 22:00:00,DATAR1,2023-01-29 22:00:00,131121.0,92.0,1.0,26.0,1.0,0.029,1.0,0.002,1.0,0.5,1.0,0.002,1.0,0.019,1.0,0.021,1.0,0.0,0.0,0.0,0.0,0.0,0.0,0.0,0.0
2023-01-29 23:00:00,DATAR1,2023-01-29 23:00:00,131121.0,99.0,1.0,21.0,1.0,0.03,1.0,0.002,1.0,0.5,1.0,0.002,1.0,0.017,1.0,0.02,1.0,0.0,0.0,0.0,0.0,0.0,0.0,0.0,0.0
2023-01-30 00:00:00,DATAR1,2023-01-30 00:00:00,131121.0,89.0,1.0,17.0,1.0,0.029,1.0,0.002,1.0,0.5,1.0,0.002,1.0,0.018,1.0,0.02,1.0,0.0,0.0,0.0,0.0,0.0,0.0,0.0,0.0
2023-01-30 01:00:00,DATAR1,2023-01-30 01:00:00,131121.0,69.0,1.0,22.0,1.0,0.025,1.0,0.002,1.0,0.5,1.0,0.002,1.0,0.022,1.0,0.025,1.0,0.0,0.0,0.0,0.0,0.0,0.0,0.0,0.0
2023-01-30 02:00:00,DATAR1,2023-01-30 02:00:00,131121.0,60.0,1.0,22.0,1.0,0.022,1.0,0.002,1.0,0.5,1.0,0.003,1.0,0.024,1.0,0.027,1.0,0.0,0.0,0.0,0.0,0.0,0.0,0.0,0.0
2023-01-30 03:00:00,DATAR1,2023-01-30 03:00:00,131121.0,64.0,1.0,22.0,1.0,0.022,1.0,0.002,1.0,0.5,1.0,0.002,1.0,0.023,1.0,0.025,1.0,0.0,0.0,0.0,0.0,0.0,0.0,0.0,0.0
2023-01-30 04:00:00,DATAR1,2023-01-30 04:00:00,131121.0,59.0,1.0,22.0,1.0,0.024,1.0,0.002,1.0,0.6,1.0,0.002,1.0,0.021,1.0,0.024,1.0,0.0,0.0,0.0,0.0,0.0,0.0,0.0,0.0
2023-01-30 05:00:00,DATAR1,2023-01-30 05:00:00,131121.0,57.0,1.0,22.0,1.0,0.023,1.0,0.002,1.0,0.6,1.0,0.002,1.0,0.021,1.0,0.024,1.0,0.0,0.0,0.0,0.0,0.0,0.0,0.0,0.0
2023-01-30 06:00:00,DATAR1,2023-01-30 06:00:00,131121.0,53.0,1.0,24.0,1.0,0.019,1.0,0.002,1.0,0.6,1.0,0.003,1.0,0.026,1.0,0.029,1.0,0.0,0.0,0.0,0.0,0.0,0.0,0.0,0.0
2023-01-30 07:00:00,DATAR1,2023-01-30 07:00:00,131121.0,56.0,1.0,24.0,1.0,0.005,1.0,0.002,1.0,0.6,1.0,0.013,1.0,0.045,1.0,0.058,1.0,0.0,0.0,0.0,0.0,0.0,0.0,0.0,0.0
2023-01-30 08:00:00,DATAR1,2023-01-30 08:00:00,131121.0,53.0,1.0,23.0,1.0,0.002,1.0,0.003,1.0,0.6,1.0,0.028,1.0,0.049,1.0,0.077,1.0,0.0,0.0,0.0,0.0,0.0,0.0,0.0,0.0
2023-01-30 09:00:00,DATAR1,2023-01-30 09:00:00,131121.0,54.0,1.0,23.0,1.0,0.003,1.0,0.003,1.0,0.8,1.0,0.05,1.0,0.051,1.0,0.101,1.0,0.0,0.0,0.0,0.0,0.0,0.0,0.0,0.0
2023-01-30 10:00:00,DATAR1,2023-01-30 10:00:00,131121.0,45.0,1.0,21.0,1.0,0.01,1.0,0.003,1.0,0.6,1.0,0.032,1.0,0.04,1.0,0.072,1.0,0.0,0.0,0.0,0.0,0.0,0.0,0.0,0.0
2023-01-30 11:00:00,DATAR1,2023-01-30 11:00:00,131121.0,44.0,1.0,21.0,1.0,0.021,1.0,0.003,1.0,0.5,1.0,0.015,1.0,0.028,1.0,0.042,1.0,0.0,0.0,0.0,0.0,0.0,0.0,0.0,0.0
2023-01-30 12:00:00,DATAR1,2023-01-30 12:00:00,131121.0,34.0,1.0,18.0,1.0,0.025,1.0,0.003,1.0,0.4,1.0,0.012,1.0,0.024,1.0,0.035,1.0,0.0,0.0,0.0,0.0,0.0,0.0,0.0,0.0
2023-01-30 13:00:00,DATAR1,2023-01-30 13:00:00,131121.0,38.0,1.0,14.0,1.0,0.027,1.0,0.002,1.0,0.4,1.0,0.01,1.0,0.022,1.0,0.032,1.0,0.0,0.0,0.0,0.0,0.0,0.0,0.0,0.0
2023-01-30 14:00:00,DATAR1,2023-01-30 14:00:00,131121.0,44.0,1.0,11.0,1.0,0.032,1.0,0.002,1.0,0.4,1.0,0.008,1.0,0.018,1.0,0.025,1.0,0.0,0.0,0.0,0.0,0.0,0.0,0.0,0.0
2023-01-30 15:00:00,DATAR1,2023-01-30 15:00:00,131121.0,26.0,1.0,8.0,1.0,0.033,1.0,0.002,1.0,0.4,1.0,0.006,1.0,0.018,1.0,0.025,1.0,0.0,0.0,0.0,0.0,0.0,0.0,0.0,0.0
2023-01-30 16:00:00,DATAR1,2023-01-30 16:00:00,131121.0,31.0,1.0,7.0,1.0,0.034,1.0,0.002,1.0,0.3,1.0,0.005,1.0,0.018,1.0,0.023,1.0,0.0,0.0,0.0,0.0,0.0,0.0,0.0,0.0
2023-01-30 17:00:00,DATAR1,2023-01-30 17:00:00,131121.0,36.0,1.0,7.0,1.0,0.033,1.0,0.002,1.0,0.4,1.0,0.005,1.0,0.02,1.0,0.025,1.0,0.0,0.0,0.0,0.0,0.0,0.0,0.0,0.0
2023-01-30 18:00:00,DATAR1,2023-01-30 18:00:00,131121.0,39.0,1.0,7.0,1.0,0.029,1.0,0.002,1.0,0.4,1.0,0.005,1.0,0.025,1.0,0.03,1.0,0.0,0.0,0.0,0.0,0.0,0.0,0.0,0.0
2023-01-30 19:00:00,DATAR1,2023-01-30 19:00:00,131121.0,38.0,1.0,10.0,1.0,0.022,1.0,0.002,1.0,0.4,1.0,0.006,1.0,0.033,1.0,0.038,1.0,0.0,0.0,0.0,0.0,0.0,0.0,0.0,0.0
2023-01-30 20:00:00,DATAR1,2023-01-30 20:00:00,131121.0,24.0,1.0,10.0,1.0,0.012,1.0,0.002,1.0,0.4,1.0,0.02,1.0,0.045,1.0,0.064,1.0,0.0,0.0,0.0,0.0,0.0,0.0,0.0,0.0
2023-01-30 21:00:00,DATAR1,2023-01-30 21:00:00,131121.0,31.0,1.0,13.0,1.0,0.003,1.0,0.002,1.0,0.6,1.0,0.017,1.0,0.055,1.0,0.072,1.0,0.0,0.0,0.0,0.0,0.0,0.0,0.0,0.0
2023-01-30 22:00:00,DATAR1,2023-01-30 22:00:00,131121.0,38.0,1.0,14.0,1.0,0.002,1.0,0.002,1.0,0.7,1.0,0.023,1.0,0.059,1.0,0.082,1.0,0.0,0.0,0.0,0.0,0.0,0.0,0.0,0.0
2023-01-30 23:00:00,DATAR1,2023-01-30 23:00:00,131121.0,33.0,1.0,16.0,1.0,0.002,1.0,0.002,1.0,0.6,1.0,0.016,1.0,0.057,1.0,0.073,1.0,0.0,0.0,0.0,0.0,0.0,0.0,0.0,0.0
2023-01-31 00:00:00,DATAR1,2023-01-31 00:00:00,131121.0,29.0,1.0,16.0,1.0,0.003,1.0,0.002,1.0,0.6,1.0,0.012,1.0,0.052,1.0,0.065,1.0,0.0,0.0,0.0,0.0,0.0,0.0,0.0,0.0
2023-01-31 01:00:00,DATAR1,2023-01-31 01:00:00,131121.0,28.0,1.0,13.0,1.0,0.004,1.0,0.002,1.0,0.5,1.0,0.006,1.0,0.049,1.0,0.056,1.0,0.0,0.0,0.0,0.0,0.0,0.0,0.0,0.0
2023-01-31 02:00:00,DATAR1,2023-01-31 02:00:00,131121.0,25.0,1.0,10.0,1.0,0.004,1.0,0.002,1.0,0.5,1.0,0.009,1.0,0.049,1.0,0.058,1.0,0.0,0.0,0.0,0.0,0.0,0.0,0.0,0.0
2023-01-31 03:00:00,DATAR1,2023-01-31 03:00:00,131121.0,22.0,1.0,12.0,1.0,0.014,1.0,0.002,1.0,0.4,1.0,0.004,1.0,0.034,1.0,0.038,1.0,0.0,0.0,0.0,0.0,0.0,0.0,0.0,0.0
2023-01-31 04:00:00,DATAR1,2023-01-31 04:00:00,131121.0,31.0,1.0,12.0,1.0,0.02,1.0,0.002,1.0,0.4,1.0,0.002,1.0,0.028,1.0,0.03,1.0,0.0,0.0,0.0,0.0,0.0,0.0,0.0,0.0
2023-01-31 05:00:00,DATAR1,2023-01-31 05:00:00,131121.0,32.0,1.0,14.0,1.0,0.015,1.0,0.002,1.0,0.4,1.0,0.003,1.0,0.031,1.0,0.034,1.0,0.0,0.0,0.0,0.0,0.0,0.0,0.0,0.0
2023-01-31 06:00:00,DATAR1,2023-01-31 06:00:00,131121.0,29.0,1.0,14.0,1.0,0.008,1.0,0.002,1.0,0.4,1.0,0.007,1.0,0.041,1.0,0.047,1.0,0.0,0.0,0.0,0.0,0.0,0.0,0.0,0.0
2023-01-31 07:00:00,DATAR1,2023-01-31 07:00:00,131121.0,37.0,1.0,14.0,1.0,0.004,1.0,0.002,1.0,0.5,1.0,0.014,1.0,0.044,1.0,0.058,1.0,0.0,0.0,0.0,0.0,0.0,0.0,0.0,0.0
2023-01-31 08:00:00,DATAR1,2023-01-31 08:00:00,131121.0,38.0,1.0,17.0,1.0,0.004,1.0,0.002,1.0,0.5,1.0,0.015,1.0,0.043,1.0,0.058,1.0,0.0,0.0,0.0,0.0,0.0,0.0,0.0,0.0
2023-01-31 09:00:00,DATAR1,2023-01-31 09:00:00,131121.0,35.0,1.0,17.0,1.0,0.005,1.0,0.002,1.0,0.5,1.0,0.024,1.0,0.042,1.0,0.066,1.0,0.0,0.0,0.0,0.0,0.0,0.0,0.0,0.0
2023-01-31 10:00:00,DATAR1,2023-01-31 10:00:00,131121.0,34.0,1.0,18.0,1.0,0.011,1.0,0.003,1.0,0.5,1.0,0.025,1.0,0.037,1.0,0.062,1.0,0.0,0.0,0.0,0.0,0.0,0.0,0.0,0.0
2023-01-31 11:00:00,DATAR1,2023-01-31 11:00:00,131121.0,32.0,1.0,16.0,1.0,0.021,1.0,0.003,1.0,0.5,1.0,0.016,1.0,0.029,1.0,0.044,1.0,0.0,0.0,0.0,0.0,0.0,0.0,0.0,0.0
2023-01-31 12:00:00,DATAR1,2023-01-31 12:00:00,131121.0,38.0,1.0,16.0,1.0,0.024,1.0,0.003,1.0,0.4,1.0,0.012,1.0,0.027,1.0,0.038,1.0,0.0,0.0,0.0,0.0,0.0,0.0,0.0,0.0
2023-01-31 13:00:00,DATAR1,2023-01-31 13:00:00,131121.0,41.0,1.0,19.0,1.0,0.025,1.0,0.003,1.0,0.4,1.0,0.01,1.0,0.027,1.0,0.037,1.0,0.0,0.0,0.0,0.0,0.0,0.0,0.0,0.0
2023-01-31 14:00:00,DATAR1,2023-01-31 14:00:00,131121.0,32.0,1.0,17.0,1.0,0.024,1.0,0.003,1.0,0.4,1.0,0.012,1.0,0.029,1.0,0.041,1.0,0.0,0.0,0.0,0.0,0.0,0.0,0.0,0.0
2023-01-31 15:00:00,DATAR1,2023-01-31 15:00:00,131121.0,48.0,1.0,16.0,1.0,0.027,1.0,0.003,1.0,0.4,1.0,0.01,1.0,0.027,1.0,0.038,1.0,0.0,0.0,0.0,0.0,0.0,0.0,0.0,0.0
2023-01-31 16:00:00,DATAR1,2023-01-31 16:00:00,131121.0,46.0,1.0,16.0,1.0,0.036,1.0,0.003,1.0,0.4,1.0,0.007,1.0,0.024,1.0,0.031,1.0,0.0,0.0,0.0,0.0,0.0,0.0,0.0,0.0
2023-01-31 17:00:00,DATAR1,2023-01-31 17:00:00,131121.0,50.0,1.0,17.0,1.0,0.042,1.0,0.003,1.0,0.5,1.0,0.005,1.0,0.023,1.0,0.028,1.0,0.0,0.0,0.0,0.0,0.0,0.0,0.0,0.0
2023-01-31 18:00:00,DATAR1,2023-01-31 18:00:00,131121.0,50.0,1.0,14.0,1.0,0.035,1.0,0.003,1.0,0.5,1.0,0.005,1.0,0.03,1.0,0.035,1.0,0.0,0.0,0.0,0.0,0.0,0.0,0.0,0.0
2023-01-31 19:00:00,DATAR1,2023-01-31 19:00:00,131121.0,46.0,1.0,14.0,1.0,0.034,1.0,0.003,1.0,0.6,1.0,0.008,1.0,0.032,1.0,0.04,1.0,0.0,0.0,0.0,0.0,0.0,0.0,0.0,0.0
2023-01-31 20:00:00,DATAR1,2023-01-31 20:00:00,131121.0,40.0,1.0,16.0,1.0,0.028,1.0,0.003,1.0,0.6,1.0,0.013,1.0,0.039,1.0,0.052,1.0,0.0,0.0,0.0,0.0,0.0,0.0,0.0,0.0
2023-01-31 21:00:00,DATAR1,2023-01-31 21:00:00,131121.0,47.0,1.0,16.0,1.0,0.025,1.0,0.002,1.0,0.5,1.0,0.01,1.0,0.04,1.0,0.05,1.0,0.0,0.0,0.0,0.0,0.0,0.0,0.0,0.0
2023-01-31 22:00:00,DATAR1,2023-01-31 22:00:00,131121.0,37.0,1.0,19.0,1.0,0.027,1.0,0.002,1.0,0.6,1.0,0.005,1.0,0.035,1.0,0.04,1.0,0.0,0.0,0.0,0.0,0.0,0.0,0.0,0.0
2023-01-31 23:00:00,DATAR1,2023-01-31 23:00:00,131121.0,46.0,1.0,19.0,1.0,0.036,1.0,0.002,1.0,0.5,1.0,0.002,1.0,0.026,1.0,0.029,1.0,0.0,0.0,0.0,0.0,0.0,0.0,0.0,0.0
2023-02-01 00:00:00,DATAR1,2023-02-01 00:00:00,131121.0,47.0,1.0,22.0,1.0,0.041,1.0,0.002,1.0,0.4,1.0,0.002,1.0,0.023,1.0,0.025,1.0,0.0,0.0,0.0,0.0,0.0,0.0,0.0,0.0
2023-02-01 01:00:00,DATAR1,2023-02-01 01:00:00,131121.0,48.0,1.0,25.0,1.0,0.04,1.0,0.002,1.0,0.5,1.0,0.002,1.0,0.024,1.0,0.026,1.0,0.0,0.0,0.0,0.0,0.0,0.0,0.0,0.0
2023-02-01 02:00:00,DATAR1,2023-02-01 02:00:00,131121.0,68.0,1.0,32.0,1.0,0.053,1.0,0.002,1.0,0.5,1.0,0.002,1.0,0.017,1.0,0.019,1.0,0.0,0.0,0.0,0.0,0.0,0.0,0.0,0.0
2023-02-01 03:00:00,DATAR1,2023-02-01 03:00:00,131121.0,79.0,1.0,38.0,1.0,0.053,1.0,0.002,1.0,0.6,1.0,0.002,1.0,0.018,1.0,0.02,1.0,0.0,0.0,0.0,0.0,0.0,0.0,0.0,0.0
2023-02-01 04:00:00,DATAR1,2023-02-01 04:00:00,131121.0,102.0,1.0,53.0,1.0,0.048,1.0,0.002,1.0,0.7,1.0,0.002,1.0,0.022,1.0,0.024,1.0,0.0,0.0,0.0,0.0,0.0,0.0,0.0,0.0
2023-02-01 05:00:00,DATAR1,2023-02-01 05:00:00,131121.0,99.0,1.0,63.0,1.0,0.04,1.0,0.002,1.0,0.7,1.0,0.002,1.0,0.025,1.0,0.027,1.0,0.0,0.0,0.0,0.0,0.0,0.0,0.0,0.0
2023-02-01 06:00:00,DATAR1,2023-02-01 06:00:00,131121.0,94.0,1.0,73.0,1.0,0.028,1.0,0.002,1.0,0.7,1.0,0.003,1.0,0.034,1.0,0.036,1.0,0.0,0.0,0.0,0.0,0.0,0.0,0.0,0.0
2023-02-01 07:00:00,DATAR1,2023-02-01 07:00:00,131121.0,100.0,1.0,74.0,1.0,0.016,1.0,0.002,1.0,0.8,1.0,0.004,1.0,0.045,1.0,0.049,1.0,0.0,0.0,0.0,0.0,0.0,0.0,0.0,0.0
2023-02-01 08:00:00,DATAR1,2023-02-01 08:00:00,131121.0,94.0,1.0,69.0,1.0,0.004,1.0,0.002,1.0,0.8,1.0,0.011,1.0,0.056,1.0,0.067,1.0,0.0,0.0,0.0,0.0,0.0,0.0,0.0,0.0
2023-02-01 09:00:00,DATAR1,2023-02-01 09:00:00,131121.0,87.0,1.0,72.0,1.0,0.005,1.0,0.002,1.0,0.8,1.0,0.02,1.0,0.055,1.0,0.074,1.0,0.0,0.0,0.0,0.0,0.0,0.0,0.0,0.0
2023-02-01 10:00:00,DATAR1,2023-02-01 10:00:00,131121.0,92.0,1.0,76.0,1.0,0.008,1.0,0.002,1.0,0.8,1.0,0.028,1.0,0.054,1.0,0.082,1.0,0.0,0.0,0.0,0.0,0.0,0.0,0.0,0.0
2023-02-01 11:00:00,DATAR1,2023-02-01 11:00:00,131121.0,80.0,1.0,74.0,1.0,0.014,1.0,0.002,1.0,0.8,1.0,0.025,1.0,0.048,1.0,0.073,1.0,0.0,0.0,0.0,0.0,0.0,0.0,0.0,0.0
2023-02-01 12:00:00,DATAR1,2023-02-01 12:00:00,131121.0,76.0,1.0,66.0,1.0,0.025,1.0,0.002,1.0,0.6,1.0,0.012,1.0,0.033,1.0,0.045,1.0,0.0,0.0,0.0,0.0,0.0,0.0,0.0,0.0
2023-02-01 13:00:00,DATAR1,2023-02-01 13:00:00,131121.0,63.0,1.0,52.0,1.0,0.031,1.0,0.002,1.0,0.5,1.0,0.008,1.0,0.026,1.0,0.034,1.0,0.0,0.0,0.0,0.0,0.0,0.0,0.0,0.0
2023-02-01 14:00:00,DATAR1,2023-02-01 14:00:00,131121.0,56.0,1.0,35.0,1.0,0.038,1.0,0.002,1.0,0.4,1.0,0.005,1.0,0.018,1.0,0.022,1.0,0.0,0.0,0.0,0.0,0.0,0.0,0.0,0.0
2023-02-01 15:00:00,DATAR1,2023-02-01 15:00:00,131121.0,41.0,1.0,25.0,1.0,0.039,1.0,0.002,1.0,0.4,1.0,0.004,1.0,0.017,1.0,0.021,1.0,0.0,0.0,0.0,0.0,0.0,0.0,0.0,0.0
2023-02-01 16:00:00,DATAR1,2023-02-01 16:00:00,131121.0,39.0,1.0,16.0,1.0,0.039,1.0,0.002,1.0,0.4,1.0,0.004,1.0,0.017,1.0,0.021,1.0,0.0,0.0,0.0,0.0,0.0,0.0,0.0,0.0
2023-02-01 17:00:00,DATAR1,2023-02-01 17:00:00,131121.0,28.0,1.0,12.0,1.0,0.037,1.0,0.002,1.0,0.3,1.0,0.004,1.0,0.017,1.0,0.02,1.0,0.0,0.0,0.0,0.0,0.0,0.0,0.0,0.0
2023-02-01 18:00:00,DATAR1,2023-02-01 18:00:00,131121.0,37.0,1.0,12.0,1.0,0.033,1.0,0.002,1.0,0.3,1.0,0.003,1.0,0.019,1.0,0.022,1.0,0.0,0.0,0.0,0.0,0.0,0.0,0.0,0.0
2023-02-01 19:00:00,DATAR1,2023-02-01 19:00:00,131121.0,37.0,1.0,9.0,1.0,0.028,1.0,0.002,1.0,0.4,1.0,0.004,1.0,0.022,1.0,0.027,1.0,0.0,0.0,0.0,0.0,0.0,0.0,0.0,0.0
2023-02-01 20:00:00,DATAR1,2023-02-01 20:00:00,131121.0,28.0,1.0,8.0,1.0,0.024,1.0,0.002,1.0,0.4,1.0,0.007,1.0,0.027,1.0,0.034,1.0,0.0,0.0,0.0,0.0,0.0,0.0,0.0,0.0
2023-02-01 21:00:00,DATAR1,2023-02-01 21:00:00,131121.0,35.0,1.0,11.0,1.0,0.023,1.0,0.002,1.0,0.4,1.0,0.006,1.0,0.026,1.0,0.033,1.0,0.0,0.0,0.0,0.0,0.0,0.0,0.0,0.0
2023-02-01 22:00:00,DATAR1,2023-02-01 22:00:00,131121.0,44.0,1.0,12.0,1.0,0.024,1.0,0.002,1.0,0.4,1.0,0.003,1.0,0.024,1.0,0.027,1.0,0.0,0.0,0.0,0.0,0.0,0.0,0.0,0.0
2023-02-01 23:00:00,DATAR1,2023-02-01 23:00:00,131121.0,48.0,1.0,12.0,1.0,0.024,1.0,0.002,1.0,0.4,1.0,0.003,1.0,0.023,1.0,0.026,1.0,0.0,0.0,0.0,0.0,0.0,0.0,0.0,0.0
2023-02-02 00:00:00,DATAR1,2023-02-02 00:00:00,131121.0,49.0,1.0,13.0,1.0,0.023,1.0,0.002,1.0,0.4,1.0,0.002,1.0,0.024,1.0,0.026,1.0,0.0,0.0,0.0,0.0,0.0,0.0,0.0,0.0
2023-02-02 01:00:00,DATAR1,2023-02-02 01:00:00,131121.0,39.0,1.0,14.0,1.0,0.026,1.0,0.002,1.0,0.4,1.0,0.002,1.0,0.02,1.0,0.023,1.0,0.0,0.0,0.0,0.0,0.0,0.0,0.0,0.0
2023-02-02 02:00:00,DATAR1,2023-02-02 02:00:00,131121.0,41.0,1.0,12.0,1.0,0.03,1.0,0.002,1.0,0.4,1.0,0.002,1.0,0.015,1.0,0.018,1.0,0.0,0.0,0.0,0.0,0.0,0.0,0.0,0.0
2023-02-02 03:00:00,DATAR1,2023-02-02 03:00:00,131121.0,34.0,1.0,16.0,1.0,0.031,1.0,0.002,1.0,0.4,1.0,0.002,1.0,0.013,1.0,0.016,1.0,0.0,0.0,0.0,0.0,0.0,0.0,0.0,0.0
2023-02-02 04:00:00,DATAR1,2023-02-02 04:00:00,131121.0,37.0,1.0,15.0,1.0,0.029,1.0,0.002,1.0,0.4,1.0,0.002,1.0,0.015,1.0,0.017,1.0,0.0,0.0,0.0,0.0,0.0,0.0,0.0,0.0
2023-02-02 05:00:00,DATAR1,2023-02-02 05:00:00,131121.0,37.0,1.0,15.0,1.0,0.029,1.0,0.002,1.0,0.4,1.0,0.002,1.0,0.015,1.0,0.017,1.0,0.0,0.0,0.0,0.0,0.0,0.0,0.0,0.0
2023-02-02 06:00:00,DATAR1,2023-02-02 06:00:00,131121.0,44.0,1.0,14.0,1.0,0.024,1.0,0.002,1.0,0.4,1.0,0.003,1.0,0.02,1.0,0.022,1.0,0.0,0.0,0.0,0.0,0.0,0.0,0.0,0.0
2023-02-02 07:00:00,DATAR1,2023-02-02 07:00:00,131121.0,39.0,1.0,14.0,1.0,0.013,1.0,0.002,1.0,0.5,1.0,0.004,1.0,0.031,1.0,0.035,1.0,0.0,0.0,0.0,0.0,0.0,0.0,0.0,0.0
2023-02-02 08:00:00,DATAR1,2023-02-02 08:00:00,131121.0,40.0,1.0,14.0,1.0,0.018,1.0,0.002,1.0,0.4,1.0,0.005,1.0,0.026,1.0,0.03,1.0,0.0,0.0,0.0,0.0,0.0,0.0,0.0,0.0
2023-02-02 09:00:00,DATAR1,2023-02-02 09:00:00,131121.0,37.0,1.0,14.0,1.0,0.015,1.0,0.002,1.0,0.5,1.0,0.008,1.0,0.029,1.0,0.036,1.0,0.0,0.0,0.0,0.0,0.0,0.0,0.0,0.0
2023-02-02 10:00:00,DATAR1,2023-02-02 10:00:00,131121.0,39.0,1.0,16.0,1.0,0.016,1.0,0.002,1.0,0.5,1.0,0.012,1.0,0.028,1.0,0.041,1.0,0.0,0.0,0.0,0.0,0.0,0.0,0.0,0.0
2023-02-02 11:00:00,DATAR1,2023-02-02 11:00:00,131121.0,44.0,1.0,19.0,1.0,0.018,1.0,0.002,1.0,0.5,1.0,0.014,1.0,0.028,1.0,0.042,1.0,0.0,0.0,0.0,0.0,0.0,0.0,0.0,0.0
2023-02-02 12:00:00,DATAR1,2023-02-02 12:00:00,131121.0,56.0,1.0,22.0,1.0,0.016,1.0,0.002,1.0,0.5,1.0,0.019,1.0,0.032,1.0,0.051,1.0,0.0,0.0,0.0,0.0,0.0,0.0,0.0,0.0
2023-02-02 13:00:00,DATAR1,2023-02-02 13:00:00,131121.0,57.0,1.0,21.0,1.0,0.016,1.0,0.002,1.0,0.5,1.0,0.021,1.0,0.033,1.0,0.054,1.0,0.0,0.0,0.0,0.0,0.0,0.0,0.0,0.0
2023-02-02 14:00:00,DATAR1,2023-02-02 14:00:00,131121.0,46.0,1.0,22.0,1.0,0.02,1.0,0.002,1.0,0.5,1.0,0.015,1.0,0.03,1.0,0.045,1.0,0.0,0.0,0.0,0.0,0.0,0.0,0.0,0.0
2023-02-02 15:00:00,DATAR1,2023-02-02 15:00:00,131121.0,38.0,1.0,,3.0,0.024,1.0,0.002,1.0,0.4,1.0,0.011,1.0,0.026,1.0,0.037,1.0,0.0,0.0,0.0,0.0,0.0,0.0,0.0,0.0
2023-02-02 16:00:00,DATAR1,2023-02-02 16:00:00,131121.0,39.0,1.0,,3.0,0.022,1.0,0.002,1.0,0.5,1.0,0.01,1.0,0.029,1.0,0.04,1.0,0.0,0.0,0.0,0.0,0.0,0.0,0.0,0.0
2023-02-02 17:00:00,DATAR1,2023-02-02 17:00:00,131121.0,48.0,1.0,20.0,1.0,0.02,1.0,0.002,1.0,0.5,1.0,0.01,1.0,0.032,1.0,0.041,1.0,0.0,0.0,0.0,0.0,0.0,0.0,0.0,0.0
2023-02-02 18:00:00,DATAR1,2023-02-02 18:00:00,131121.0,60.0,1.0,21.0,1.0,0.015,1.0,0.002,1.0,0.5,1.0,0.007,1.0,0.037,1.0,0.044,1.0,0.0,0.0,0.0,0.0,0.0,0.0,0.0,0.0
2023-02-02 19:00:00,DATAR1,2023-02-02 19:00:00,131121.0,48.0,1.0,20.0,1.0,0.012,1.0,0.002,1.0,0.5,1.0,0.006,1.0,0.04,1.0,0.046,1.0,0.0,0.0,0.0,0.0,0.0,0.0,0.0,0.0
2023-02-02 20:00:00,DATAR1,2023-02-02 20:00:00,131121.0,41.0,1.0,19.0,1.0,0.009,1.0,0.002,1.0,0.5,1.0,0.012,1.0,0.043,1.0,0.054,1.0,0.0,0.0,0.0,0.0,0.0,0.0,0.0,0.0
2023-02-02 21:00:00,DATAR1,2023-02-02 21:00:00,131121.0,40.0,1.0,18.0,1.0,0.007,1.0,0.002,1.0,0.5,1.0,0.015,1.0,0.042,1.0,0.057,1.0,0.0,0.0,0.0,0.0,0.0,0.0,0.0,0.0
2023-02-02 22:00:00,DATAR1,2023-02-02 22:00:00,131121.0,44.0,1.0,17.0,1.0,0.013,1.0,0.002,1.0,0.5,1.0,0.004,1.0,0.034,1.0,0.038,1.0,0.0,0.0,0.0,0.0,0.0,0.0,0.0,0.0
2023-02-02 23:00:00,DATAR1,2023-02-02 23:00:00,131121.0,35.0,1.0,16.0,1.0,0.014,1.0,0.002,1.0,0.5,1.0,0.003,1.0,0.031,1.0,0.035,1.0,0.0,0.0,0.0,0.0,0.0,0.0,0.0,0.0
2023-02-03 00:00:00,DATAR1,2023-02-03 00:00:00,131121.0,37.0,1.0,14.0,1.0,0.013,1.0,0.002,1.0,0.5,1.0,0.003,1.0,0.033,1.0,0.036,1.0,0.0,0.0,0.0,0.0,0.0,0.0,0.0,0.0
2023-02-03 01:00:00,DATAR1,2023-02-03 01:00:00,131121.0,24.0,1.0,16.0,1.0,0.014,1.0,0.002,1.0,0.5,1.0,0.003,1.0,0.03,1.0,0.034,1.0,0.0,0.0,0.0,0.0,0.0,0.0,0.0,0.0
2023-02-03 02:00:00,DATAR1,2023-02-03 02:00:00,131121.0,40.0,1.0,16.0,1.0,0.018,1.0,0.002,1.0,0.5,1.0,0.003,1.0,0.025,1.0,0.028,1.0,0.0,0.0,0.0,0.0,0.0,0.0,0.0,0.0
2023-02-03 03:00:00,DATAR1,2023-02-03 03:00:00,131121.0,38.0,1.0,15.0,1.0,0.018,1.0,0.002,1.0,0.5,1.0,0.003,1.0,0.025,1.0,0.027,1.0,0.0,0.0,0.0,0.0,0.0,0.0,0.0,0.0
2023-02-03 04:00:00,DATAR1,2023-02-03 04:00:00,131121.0,39.0,1.0,15.0,1.0,0.023,1.0,0.002,1.0,0.5,1.0,0.002,1.0,0.019,1.0,0.022,1.0,0.0,0.0,0.0,0.0,0.0,0.0,0.0,0.0
2023-02-03 05:00:00,DATAR1,2023-02-03 05:00:00,131121.0,38.0,1.0,18.0,1.0,0.018,1.0,0.002,1.0,0.5,1.0,0.003,1.0,0.025,1.0,0.028,1.0,0.0,0.0,0.0,0.0,0.0,0.0,0.0,0.0
2023-02-03 06:00:00,DATAR1,2023-02-03 06:00:00,131121.0,37.0,1.0,20.0,1.0,0.011,1.0,0.002,1.0,0.5,1.0,0.005,1.0,0.032,1.0,0.036,1.0,0.0,0.0,0.0,0.0,0.0,0.0,0.0,0.0
2023-02-03 07:00:00,DATAR1,2023-02-03 07:00:00,131121.0,40.0,1.0,22.0,1.0,0.009,1.0,0.002,1.0,0.5,1.0,0.004,1.0,0.034,1.0,0.038,1.0,0.0,0.0,0.0,0.0,0.0,0.0,0.0,0.0
2023-02-03 08:00:00,DATAR1,2023-02-03 08:00:00,131121.0,40.0,1.0,19.0,1.0,0.008,1.0,0.002,1.0,0.6,1.0,0.005,1.0,0.035,1.0,0.04,1.0,0.0,0.0,0.0,0.0,0.0,0.0,0.0,0.0
2023-02-03 09:00:00,DATAR1,2023-02-03 09:00:00,131121.0,44.0,1.0,19.0,1.0,0.006,1.0,0.002,1.0,0.6,1.0,0.016,1.0,0.041,1.0,0.056,1.0,0.0,0.0,0.0,0.0,0.0,0.0,0.0,0.0
2023-02-03 10:00:00,DATAR1,2023-02-03 10:00:00,131121.0,42.0,1.0,21.0,1.0,0.009,1.0,0.003,1.0,0.6,1.0,0.026,1.0,0.039,1.0,0.065,1.0,0.0,0.0,0.0,0.0,0.0,0.0,0.0,0.0
2023-02-03 11:00:00,DATAR1,2023-02-03 11:00:00,131121.0,37.0,1.0,25.0,1.0,0.009,1.0,0.003,1.0,0.7,1.0,0.041,1.0,0.042,1.0,0.083,1.0,0.0,0.0,0.0,0.0,0.0,0.0,0.0,0.0
2023-02-03 12:00:00,DATAR1,2023-02-03 12:00:00,131121.0,58.0,1.0,27.0,1.0,0.013,1.0,0.003,1.0,0.6,1.0,0.036,1.0,0.039,1.0,0.074,1.0,0.0,0.0,0.0,0.0,0.0,0.0,0.0,0.0
2023-02-03 13:00:00,DATAR1,2023-02-03 13:00:00,131121.0,59.0,1.0,25.0,1.0,0.018,1.0,0.003,1.0,0.6,1.0,0.022,1.0,0.034,1.0,0.055,1.0,0.0,0.0,0.0,0.0,0.0,0.0,0.0,0.0
2023-02-03 14:00:00,DATAR1,2023-02-03 14:00:00,131121.0,48.0,1.0,26.0,1.0,0.022,1.0,0.003,1.0,0.5,1.0,0.016,1.0,0.029,1.0,0.045,1.0,0.0,0.0,0.0,0.0,0.0,0.0,0.0,0.0
2023-02-03 15:00:00,DATAR1,2023-02-03 15:00:00,131121.0,39.0,1.0,22.0,1.0,0.028,1.0,0.002,1.0,0.4,1.0,0.01,1.0,0.024,1.0,0.034,1.0,0.0,0.0,0.0,0.0,0.0,0.0,0.0,0.0
2023-02-03 16:00:00,DATAR1,2023-02-03 16:00:00,131121.0,38.0,1.0,18.0,1.0,0.027,1.0,0.002,1.0,0.4,1.0,0.009,1.0,0.028,1.0,0.037,1.0,0.0,0.0,0.0,0.0,0.0,0.0,0.0,0.0
2023-02-03 17:00:00,DATAR1,2023-02-03 17:00:00,131121.0,45.0,1.0,18.0,1.0,0.026,1.0,0.002,1.0,0.4,1.0,0.008,1.0,0.029,1.0,0.036,1.0,0.0,0.0,0.0,0.0,0.0,0.0,0.0,0.0
2023-02-03 18:00:00,DATAR1,2023-02-03 18:00:00,131121.0,40.0,1.0,15.0,1.0,0.021,1.0,0.002,1.0,0.4,1.0,0.006,1.0,0.032,1.0,0.039,1.0,0.0,0.0,0.0,0.0,0.0,0.0,0.0,0.0
2023-02-03 19:00:00,DATAR1,2023-02-03 19:00:00,131121.0,35.0,1.0,15.0,1.0,0.018,1.0,0.002,1.0,0.5,1.0,0.01,1.0,0.036,1.0,0.046,1.0,0.0,0.0,0.0,0.0,0.0,0.0,0.0,0.0
2023-02-03 20:00:00,DATAR1,2023-02-03 20:00:00,131121.0,26.0,1.0,16.0,1.0,0.016,1.0,0.002,1.0,0.4,1.0,0.007,1.0,0.036,1.0,0.042,1.0,0.0,0.0,0.0,0.0,0.0,0.0,0.0,0.0
2023-02-03 21:00:00,DATAR1,2023-02-03 21:00:00,131121.0,16.0,1.0,15.0,1.0,0.016,1.0,0.002,1.0,0.4,1.0,0.004,1.0,0.035,1.0,0.039,1.0,0.0,0.0,0.0,0.0,0.0,0.0,0.0,0.0
2023-02-03 22:00:00,DATAR1,2023-02-03 22:00:00,131121.0,26.0,1.0,12.0,1.0,0.006,1.0,0.002,1.0,0.4,1.0,0.007,1.0,0.047,1.0,0.053,1.0,0.0,0.0,0.0,0.0,0.0,0.0,0.0,0.0
2023-02-03 23:00:00,DATAR1,2023-02-03 23:00:00,131121.0,33.0,1.0,14.0,1.0,0.003,1.0,0.002,1.0,0.6,1.0,0.01,1.0,0.051,1.0,0.06,1.0,0.0,0.0,0.0,0.0,0.0,0.0,0.0,0.0
2023-02-04 00:00:00,DATAR1,2023-02-04 00:00:00,131121.0,30.0,1.0,17.0,1.0,0.003,1.0,0.002,1.0,0.6,1.0,0.009,1.0,0.051,1.0,0.06,1.0,0.0,0.0,0.0,0.0,0.0,0.0,0.0,0.0
2023-02-04 01:00:00,DATAR1,2023-02-04 01:00:00,131121.0,31.0,1.0,14.0,1.0,0.002,1.0,0.002,1.0,0.6,1.0,0.013,1.0,0.052,1.0,0.065,1.0,0.0,0.0,0.0,0.0,0.0,0.0,0.0,0.0
2023-02-04 02:00:00,DATAR1,2023-02-04 02:00:00,131121.0,32.0,1.0,13.0,1.0,0.002,1.0,0.002,1.0,0.6,1.0,0.01,1.0,0.051,1.0,0.061,1.0,0.0,0.0,0.0,0.0,0.0,0.0,0.0,0.0
2023-02-04 03:00:00,DATAR1,2023-02-04 03:00:00,131121.0,33.0,1.0,17.0,1.0,0.004,1.0,0.002,1.0,0.6,1.0,0.014,1.0,0.049,1.0,0.062,1.0,0.0,0.0,0.0,0.0,0.0,0.0,0.0,0.0
2023-02-04 04:00:00,DATAR1,2023-02-04 04:00:00,131121.0,26.0,1.0,19.0,1.0,0.017,1.0,0.002,1.0,0.5,1.0,0.003,1.0,0.031,1.0,0.034,1.0,0.0,0.0,0.0,0.0,0.0,0.0,0.0,0.0
2023-02-04 05:00:00,DATAR1,2023-02-04 05:00:00,131121.0,22.0,1.0,20.0,1.0,0.012,1.0,0.002,1.0,0.5,1.0,0.003,1.0,0.037,1.0,0.04,1.0,0.0,0.0,0.0,0.0,0.0,0.0,0.0,0.0
2023-02-04 06:00:00,DATAR1,2023-02-04 06:00:00,131121.0,16.0,1.0,18.0,1.0,0.009,1.0,0.002,1.0,0.5,1.0,0.005,1.0,0.038,1.0,0.043,1.0,0.0,0.0,0.0,0.0,0.0,0.0,0.0,0.0
2023-02-04 07:00:00,DATAR1,2023-02-04 07:00:00,131121.0,18.0,1.0,16.0,1.0,0.004,1.0,0.002,1.0,0.6,1.0,0.006,1.0,0.045,1.0,0.052,1.0,0.0,0.0,0.0,0.0,0.0,0.0,0.0,0.0
2023-02-04 08:00:00,DATAR1,2023-02-04 08:00:00,131121.0,18.0,1.0,13.0,1.0,0.002,1.0,0.002,1.0,0.6,1.0,0.016,1.0,0.05,1.0,0.066,1.0,0.0,0.0,0.0,0.0,0.0,0.0,0.0,0.0
2023-02-04 09:00:00,DATAR1,2023-02-04 09:00:00,131121.0,22.0,1.0,14.0,1.0,0.004,1.0,0.002,1.0,0.6,1.0,0.026,1.0,0.048,1.0,0.074,1.0,0.0,0.0,0.0,0.0,0.0,0.0,0.0,0.0
2023-02-04 10:00:00,DATAR1,2023-02-04 10:00:00,131121.0,21.0,1.0,16.0,1.0,0.013,1.0,0.002,1.0,0.6,1.0,0.026,1.0,0.04,1.0,0.066,1.0,0.0,0.0,0.0,0.0,0.0,0.0,0.0,0.0
2023-02-04 11:00:00,DATAR1,2023-02-04 11:00:00,131121.0,24.0,1.0,20.0,1.0,0.019,1.0,0.002,1.0,0.5,1.0,0.016,1.0,0.033,1.0,0.049,1.0,0.0,0.0,0.0,0.0,0.0,0.0,0.0,0.0
2023-02-04 12:00:00,DATAR1,2023-02-04 12:00:00,131121.0,37.0,1.0,21.0,1.0,0.02,1.0,0.003,1.0,0.5,1.0,0.018,1.0,0.033,1.0,0.051,1.0,0.0,0.0,0.0,0.0,0.0,0.0,0.0,0.0
2023-02-04 13:00:00,DATAR1,2023-02-04 13:00:00,131121.0,41.0,1.0,27.0,1.0,0.025,1.0,0.003,1.0,0.6,1.0,0.015,1.0,0.03,1.0,0.045,1.0,0.0,0.0,0.0,0.0,0.0,0.0,0.0,0.0
2023-02-04 14:00:00,DATAR1,2023-02-04 14:00:00,131121.0,51.0,1.0,34.0,1.0,0.032,1.0,0.003,1.0,0.6,1.0,0.01,1.0,0.028,1.0,0.038,1.0,0.0,0.0,0.0,0.0,0.0,0.0,0.0,0.0
2023-02-04 15:00:00,DATAR1,2023-02-04 15:00:00,131121.0,44.0,1.0,33.0,1.0,0.029,1.0,0.003,1.0,0.6,1.0,0.012,1.0,0.033,1.0,0.045,1.0,0.0,0.0,0.0,0.0,0.0,0.0,0.0,0.0
2023-02-04 16:00:00,DATAR1,2023-02-04 16:00:00,131121.0,57.0,1.0,32.0,1.0,0.04,1.0,0.003,1.0,0.5,1.0,0.005,1.0,0.022,1.0,0.027,1.0,0.0,0.0,0.0,0.0,0.0,0.0,0.0,0.0
2023-02-04 17:00:00,DATAR1,2023-02-04 17:00:00,131121.0,50.0,1.0,25.0,1.0,0.038,1.0,0.003,1.0,0.5,1.0,0.004,1.0,0.023,1.0,0.027,1.0,0.0,0.0,0.0,0.0,0.0,0.0,0.0,0.0
2023-02-04 18:00:00,DATAR1,2023-02-04 18:00:00,131121.0,45.0,1.0,25.0,1.0,0.037,1.0,0.003,1.0,0.5,1.0,0.003,1.0,0.024,1.0,0.027,1.0,0.0,0.0,0.0,0.0,0.0,0.0,0.0,0.0
2023-02-04 19:00:00,DATAR1,2023-02-04 19:00:00,131121.0,39.0,1.0,25.0,1.0,0.033,1.0,0.003,1.0,0.5,1.0,0.003,1.0,0.029,1.0,0.032,1.0,0.0,0.0,0.0,0.0,0.0,0.0,0.0,0.0
2023-02-04 20:00:00,DATAR1,2023-02-04 20:00:00,131121.0,37.0,1.0,26.0,1.0,0.03,1.0,0.003,1.0,0.5,1.0,0.003,1.0,0.032,1.0,0.035,1.0,0.0,0.0,0.0,0.0,0.0,0.0,0.0,0.0
2023-02-04 21:00:00,DATAR1,2023-02-04 21:00:00,131121.0,35.0,1.0,28.0,1.0,0.013,1.0,0.002,1.0,0.6,1.0,0.004,1.0,0.051,1.0,0.055,1.0,0.0,0.0,0.0,0.0,0.0,0.0,0.0,0.0
2023-02-04 22:00:00,DATAR1,2023-02-04 22:00:00,131121.0,34.0,1.0,42.0,1.0,0.004,1.0,0.002,1.0,0.7,1.0,0.007,1.0,0.06,1.0,0.068,1.0,0.0,0.0,0.0,0.0,0.0,0.0,0.0,0.0
2023-02-04 23:00:00,DATAR1,2023-02-04 23:00:00,131121.0,33.0,1.0,37.0,1.0,0.005,1.0,0.002,1.0,0.8,1.0,0.008,1.0,0.058,1.0,0.066,1.0,0.0,0.0,0.0,0.0,0.0,0.0,0.0,0.0
2023-02-05 00:00:00,DATAR1,2023-02-05 00:00:00,131121.0,43.0,1.0,36.0,1.0,0.01,1.0,0.002,1.0,0.7,1.0,0.006,1.0,0.052,1.0,0.058,1.0,0.0,0.0,0.0,0.0,0.0,0.0,0.0,0.0
2023-02-05 01:00:00,DATAR1,2023-02-05 01:00:00,131121.0,47.0,1.0,37.0,1.0,0.014,1.0,0.002,1.0,0.7,1.0,0.003,1.0,0.048,1.0,0.052,1.0,0.0,0.0,0.0,0.0,0.0,0.0,0.0,0.0
2023-02-05 02:00:00,DATAR1,2023-02-05 02:00:00,131121.0,61.0,1.0,38.0,1.0,0.014,1.0,0.002,1.0,0.7,1.0,0.003,1.0,0.047,1.0,0.05,1.0,0.0,0.0,0.0,0.0,0.0,0.0,0.0,0.0
2023-02-05 03:00:00,DATAR1,2023-02-05 03:00:00,131121.0,52.0,1.0,40.0,1.0,0.011,1.0,0.002,1.0,0.7,1.0,0.003,1.0,0.049,1.0,0.053,1.0,0.0,0.0,0.0,0.0,0.0,0.0,0.0,0.0
2023-02-05 04:00:00,DATAR1,2023-02-05 04:00:00,131121.0,56.0,1.0,43.0,1.0,0.021,1.0,0.002,1.0,0.6,1.0,0.003,1.0,0.038,1.0,0.041,1.0,0.0,0.0,0.0,0.0,0.0,0.0,0.0,0.0
2023-02-05 05:00:00,DATAR1,2023-02-05 05:00:00,131121.0,53.0,1.0,46.0,1.0,0.014,1.0,0.002,1.0,0.8,1.0,0.003,1.0,0.044,1.0,0.047,1.0,0.0,0.0,0.0,0.0,0.0,0.0,0.0,0.0
2023-02-05 06:00:00,DATAR1,2023-02-05 06:00:00,131121.0,56.0,1.0,51.0,1.0,0.01,1.0,0.002,1.0,0.8,1.0,0.009,1.0,0.05,1.0,0.059,1.0,0.0,0.0,0.0,0.0,0.0,0.0,0.0,0.0
2023-02-05 07:00:00,DATAR1,2023-02-05 07:00:00,131121.0,54.0,1.0,51.0,1.0,0.01,1.0,0.002,1.0,0.7,1.0,0.006,1.0,0.047,1.0,0.053,1.0,0.0,0.0,0.0,0.0,0.0,0.0,0.0,0.0
2023-02-05 08:00:00,DATAR1,2023-02-05 08:00:00,131121.0,60.0,1.0,53.0,1.0,0.01,1.0,0.002,1.0,0.7,1.0,0.005,1.0,0.048,1.0,0.053,1.0,0.0,0.0,0.0,0.0,0.0,0.0,0.0,0.0
2023-02-05 09:00:00,DATAR1,2023-02-05 09:00:00,131121.0,66.0,1.0,54.0,1.0,0.02,1.0,0.002,1.0,0.7,1.0,0.005,1.0,0.037,1.0,0.042,1.0,0.0,0.0,0.0,0.0,0.0,0.0,0.0,0.0
2023-02-05 10:00:00,DATAR1,2023-02-05 10:00:00,131121.0,75.0,1.0,58.0,1.0,0.023,1.0,0.002,1.0,0.7,1.0,0.006,1.0,0.035,1.0,0.042,1.0,0.0,0.0,0.0,0.0,0.0,0.0,0.0,0.0
2023-02-05 11:00:00,DATAR1,2023-02-05 11:00:00,131121.0,,2.0,62.0,1.0,0.034,1.0,0.003,1.0,0.6,1.0,0.005,1.0,0.027,1.0,0.032,1.0,0.0,0.0,0.0,0.0,0.0,0.0,0.0,0.0
2023-02-05 12:00:00,DATAR1,2023-02-05 12:00:00,131121.0,,2.0,61.0,1.0,0.036,1.0,0.003,1.0,0.6,1.0,0.006,1.0,0.028,1.0,0.034,1.0,0.0,0.0,0.0,0.0,0.0,0.0,0.0,0.0
2023-02-05 13:00:00,DATAR1,2023-02-05 13:00:00,131121.0,56.0,1.0,60.0,1.0,0.046,1.0,0.004,1.0,0.6,1.0,0.005,1.0,0.026,1.0,0.03,1.0,0.0,0.0,0.0,0.0,0.0,0.0,0.0,0.0
2023-02-05 14:00:00,DATAR1,2023-02-05 14:00:00,131121.0,61.0,1.0,55.0,1.0,0.05,1.0,0.004,1.0,0.6,1.0,0.004,1.0,0.024,1.0,0.028,1.0,0.0,0.0,0.0,0.0,0.0,0.0,0.0,0.0
2023-02-05 15:00:00,DATAR1,2023-02-05 15:00:00,131121.0,59.0,1.0,58.0,1.0,0.051,1.0,0.004,1.0,0.6,1.0,0.003,1.0,0.023,1.0,0.026,1.0,0.0,0.0,0.0,0.0,0.0,0.0,0.0,0.0
2023-02-05 16:00:00,DATAR1,2023-02-05 16:00:00,131121.0,64.0,1.0,54.0,1.0,0.054,1.0,0.004,1.0,0.6,1.0,0.003,1.0,0.022,1.0,0.025,1.0,0.0,0.0,0.0,0.0,0.0,0.0,0.0,0.0
2023-02-05 17:00:00,DATAR1,2023-02-05 17:00:00,131121.0,70.0,1.0,52.0,1.0,0.056,1.0,0.003,1.0,0.5,1.0,0.003,1.0,0.021,1.0,0.024,1.0,0.0,0.0,0.0,0.0,0.0,0.0,0.0,0.0
2023-02-05 18:00:00,DATAR1,2023-02-05 18:00:00,131121.0,67.0,1.0,45.0,1.0,0.054,1.0,0.003,1.0,0.5,1.0,0.002,1.0,0.023,1.0,0.025,1.0,0.0,0.0,0.0,0.0,0.0,0.0,0.0,0.0
2023-02-05 19:00:00,DATAR1,2023-02-05 19:00:00,131121.0,61.0,1.0,42.0,1.0,0.048,1.0,0.003,1.0,0.6,1.0,0.003,1.0,0.028,1.0,0.031,1.0,0.0,0.0,0.0,0.0,0.0,0.0,0.0,0.0
2023-02-05 20:00:00,DATAR1,2023-02-05 20:00:00,131121.0,57.0,1.0,51.0,1.0,0.031,1.0,0.002,1.0,0.7,1.0,0.003,1.0,0.045,1.0,0.048,1.0,0.0,0.0,0.0,0.0,0.0,0.0,0.0,0.0
2023-02-05 21:00:00,DATAR1,2023-02-05 21:00:00,131121.0,58.0,1.0,55.0,1.0,0.018,1.0,0.002,1.0,0.8,1.0,0.003,1.0,0.057,1.0,0.06,1.0,0.0,0.0,0.0,0.0,0.0,0.0,0.0,0.0
2023-02-05 22:00:00,DATAR1,2023-02-05 22:00:00,131121.0,59.0,1.0,58.0,1.0,0.015,1.0,0.002,1.0,0.8,1.0,0.004,1.0,0.058,1.0,0.061,1.0,0.0,0.0,0.0,0.0,0.0,0.0,0.0,0.0
2023-02-05 23:00:00,DATAR1,2023-02-05 23:00:00,131121.0,53.0,1.0,57.0,1.0,0.018,1.0,0.002,1.0,0.8,1.0,0.003,1.0,0.052,1.0,0.055,1.0,0.0,0.0,0.0,0.0,0.0,0.0,0.0,0.0
2023-02-06 00:00:00,DATAR1,2023-02-06 00:00:00,131121.0,,2.0,54.0,1.0,0.02,1.0,0.002,1.0,0.7,1.0,0.003,1.0,0.049,1.0,0.052,1.0,0.0,0.0,0.0,0.0,0.0,0.0,0.0,0.0
2023-02-06 01:00:00,DATAR1,2023-02-06 01:00:00,131121.0,62.0,1.0,56.0,1.0,0.014,1.0,0.002,1.0,0.7,1.0,0.004,1.0,0.052,1.0,0.056,1.0,0.0,0.0,0.0,0.0,0.0,0.0,0.0,0.0
2023-02-06 02:00:00,DATAR1,2023-02-06 02:00:00,131121.0,59.0,1.0,56.0,1.0,0.007,1.0,0.002,1.0,0.8,1.0,0.005,1.0,0.059,1.0,0.064,1.0,0.0,0.0,0.0,0.0,0.0,0.0,0.0,0.0
2023-02-06 03:00:00,DATAR1,2023-02-06 03:00:00,131121.0,56.0,1.0,54.0,1.0,0.002,1.0,0.002,1.0,1.0,1.0,0.024,1.0,0.067,1.0,0.091,1.0,0.0,0.0,0.0,0.0,0.0,0.0,0.0,0.0
2023-02-06 04:00:00,DATAR1,2023-02-06 04:00:00,131121.0,54.0,1.0,54.0,1.0,0.001,1.0,0.002,1.0,1.1,1.0,0.04,1.0,0.068,1.0,0.108,1.0,0.0,0.0,0.0,0.0,0.0,0.0,0.0,0.0
2023-02-06 05:00:00,DATAR1,2023-02-06 05:00:00,131121.0,55.0,1.0,58.0,1.0,0.001,1.0,0.002,1.0,0.9,1.0,0.032,1.0,0.065,1.0,0.097,1.0,0.0,0.0,0.0,0.0,0.0,0.0,0.0,0.0
2023-02-06 06:00:00,DATAR1,2023-02-06 06:00:00,131121.0,53.0,1.0,55.0,1.0,0.002,1.0,0.002,1.0,0.9,1.0,0.038,1.0,0.064,1.0,0.102,1.0,0.0,0.0,0.0,0.0,0.0,0.0,0.0,0.0
2023-02-06 07:00:00,DATAR1,2023-02-06 07:00:00,131121.0,,2.0,58.0,1.0,0.001,1.0,0.002,1.0,0.9,1.0,0.044,1.0,0.065,1.0,0.108,1.0,0.0,0.0,0.0,0.0,0.0,0.0,0.0,0.0
2023-02-06 08:00:00,DATAR1,2023-02-06 08:00:00,131121.0,61.0,1.0,60.0,1.0,0.001,1.0,0.003,1.0,1.0,1.0,0.082,1.0,0.068,1.0,0.151,1.0,0.0,0.0,0.0,0.0,0.0,0.0,0.0,0.0
2023-02-06 09:00:00,DATAR1,2023-02-06 09:00:00,131121.0,68.0,1.0,64.0,1.0,0.002,1.0,0.003,1.0,1.0,1.0,0.106,1.0,0.072,1.0,0.178,1.0,0.0,0.0,0.0,0.0,0.0,0.0,0.0,0.0
2023-02-06 10:00:00,DATAR1,2023-02-06 10:00:00,131121.0,89.0,1.0,65.0,1.0,0.003,1.0,0.003,1.0,1.0,1.0,0.1,1.0,0.064,1.0,0.164,1.0,0.0,0.0,0.0,0.0,0.0,0.0,0.0,0.0
2023-02-06 11:00:00,DATAR1,2023-02-06 11:00:00,131121.0,82.0,1.0,70.0,1.0,0.006,1.0,0.003,1.0,1.0,1.0,0.088,1.0,0.066,1.0,0.154,1.0,0.0,0.0,0.0,0.0,0.0,0.0,0.0,0.0
2023-02-06 12:00:00,DATAR1,2023-02-06 12:00:00,131121.0,82.0,1.0,77.0,1.0,0.012,1.0,0.003,1.0,0.9,1.0,0.055,1.0,0.061,1.0,0.116,1.0,0.0,0.0,0.0,0.0,0.0,0.0,0.0,0.0
2023-02-06 13:00:00,DATAR1,2023-02-06 13:00:00,131121.0,76.0,1.0,75.0,1.0,0.018,1.0,0.003,1.0,0.8,1.0,0.031,1.0,0.057,1.0,0.088,1.0,0.0,0.0,0.0,0.0,0.0,0.0,0.0,0.0
2023-02-06 14:00:00,DATAR1,2023-02-06 14:00:00,131121.0,,3.0,,3.0,,3.0,,3.0,,3.0,,3.0,,3.0,,3.0,0.0,0.0,0.0,0.0,0.0,0.0,0.0,0.0
2023-02-06 15:00:00,DATAR1,2023-02-06 15:00:00,131121.0,,3.0,,3.0,,3.0,,3.0,,3.0,,3.0,,3.0,,3.0,0.0,0.0,0.0,0.0,0.0,0.0,0.0,0.0
2023-02-06 16:00:00,DATAR1,2023-02-06 16:00:00,131121.0,90.0,1.0,55.0,1.0,0.039,1.0,0.003,1.0,0.5,1.0,0.004,1.0,0.031,1.0,0.035,1.0,0.0,0.0,0.0,0.0,0.0,0.0,0.0,0.0
2023-02-06 17:00:00,DATAR1,2023-02-06 17:00:00,131121.0,83.0,1.0,62.0,1.0,0.036,1.0,0.003,1.0,0.6,1.0,0.004,1.0,0.039,1.0,0.044,1.0,0.0,0.0,0.0,0.0,0.0,0.0,0.0,0.0
2023-02-06 18:00:00,DATAR1,2023-02-06 18:00:00,131121.0,81.0,1.0,67.0,1.0,0.024,1.0,0.003,1.0,0.6,1.0,0.005,1.0,0.053,1.0,0.058,1.0,0.0,0.0,0.0,0.0,0.0,0.0,0.0,0.0
2023-02-06 19:00:00,DATAR1,2023-02-06 19:00:00,131121.0,79.0,1.0,67.0,1.0,0.024,1.0,0.003,1.0,0.6,1.0,0.004,1.0,0.053,1.0,0.057,1.0,0.0,0.0,0.0,0.0,0.0,0.0,0.0,0.0
2023-02-06 20:00:00,DATAR1,2023-02-06 20:00:00,131121.0,69.0,1.0,65.0,1.0,0.023,1.0,0.003,1.0,0.6,1.0,0.003,1.0,0.054,1.0,0.057,1.0,0.0,0.0,0.0,0.0,0.0,0.0,0.0,0.0
2023-02-06 21:00:00,DATAR1,2023-02-06 21:00:00,131121.0,80.0,1.0,66.0,1.0,0.031,1.0,0.003,1.0,0.4,1.0,0.003,1.0,0.044,1.0,0.047,1.0,0.0,0.0,0.0,0.0,0.0,0.0,0.0,0.0
2023-02-06 22:00:00,DATAR1,2023-02-06 22:00:00,131121.0,82.0,1.0,60.0,1.0,0.024,1.0,0.002,1.0,0.5,1.0,0.003,1.0,0.05,1.0,0.054,1.0,0.0,0.0,0.0,0.0,0.0,0.0,0.0,0.0
2023-02-06 23:00:00,DATAR1,2023-02-06 23:00:00,131121.0,77.0,1.0,58.0,1.0,0.027,1.0,0.002,1.0,0.7,1.0,0.003,1.0,0.042,1.0,0.045,1.0,0.0,0.0,0.0,0.0,0.0,0.0,0.0,0.0
2023-02-07 00:00:00,DATAR1,2023-02-07 00:00:00,131121.0,75.0,1.0,61.0,1.0,0.031,1.0,0.002,1.0,0.7,1.0,0.003,1.0,0.037,1.0,0.04,1.0,0.0,0.0,0.0,0.0,0.0,0.0,0.0,0.0
2023-02-07 01:00:00,DATAR1,2023-02-07 01:00:00,131121.0,73.0,1.0,63.0,1.0,0.035,1.0,0.002,1.0,0.6,1.0,0.002,1.0,0.032,1.0,0.034,1.0,0.0,0.0,0.0,0.0,0.0,0.0,0.0,0.0
2023-02-07 02:00:00,DATAR1,2023-02-07 02:00:00,131121.0,70.0,1.0,60.0,1.0,0.019,1.0,0.002,1.0,0.6,1.0,0.003,1.0,0.049,1.0,0.051,1.0,0.0,0.0,0.0,0.0,0.0,0.0,0.0,0.0
2023-02-07 03:00:00,DATAR1,2023-02-07 03:00:00,131121.0,71.0,1.0,57.0,1.0,0.008,1.0,0.002,1.0,0.8,1.0,0.005,1.0,0.058,1.0,0.063,1.0,0.0,0.0,0.0,0.0,0.0,0.0,0.0,0.0
2023-02-07 04:00:00,DATAR1,2023-02-07 04:00:00,131121.0,64.0,1.0,57.0,1.0,0.009,1.0,0.002,1.0,0.7,1.0,0.005,1.0,0.057,1.0,0.062,1.0,0.0,0.0,0.0,0.0,0.0,0.0,0.0,0.0
2023-02-07 05:00:00,DATAR1,2023-02-07 05:00:00,131121.0,64.0,1.0,59.0,1.0,0.011,1.0,0.002,1.0,0.7,1.0,0.004,1.0,0.052,1.0,0.056,1.0,0.0,0.0,0.0,0.0,0.0,0.0,0.0,0.0
2023-02-07 06:00:00,DATAR1,2023-02-07 06:00:00,131121.0,60.0,1.0,59.0,1.0,0.006,1.0,0.002,1.0,0.7,1.0,0.007,1.0,0.057,1.0,0.064,1.0,0.0,0.0,0.0,0.0,0.0,0.0,0.0,0.0
2023-02-07 07:00:00,DATAR1,2023-02-07 07:00:00,131121.0,,2.0,62.0,1.0,0.006,1.0,0.002,1.0,0.8,1.0,0.007,1.0,0.056,1.0,0.063,1.0,0.0,0.0,0.0,0.0,0.0,0.0,0.0,0.0
2023-02-07 08:00:00,DATAR1,2023-02-07 08:00:00,131121.0,63.0,1.0,59.0,1.0,0.003,1.0,0.002,1.0,0.9,1.0,0.046,1.0,0.068,1.0,0.114,1.0,0.0,0.0,0.0,0.0,0.0,0.0,0.0,0.0
2023-02-07 09:00:00,DATAR1,2023-02-07 09:00:00,131121.0,69.0,1.0,59.0,1.0,0.002,1.0,0.003,1.0,0.8,1.0,0.094,1.0,0.072,1.0,0.167,1.0,0.0,0.0,0.0,0.0,0.0,0.0,0.0,0.0
2023-02-07 10:00:00,DATAR1,2023-02-07 10:00:00,131121.0,76.0,1.0,62.0,1.0,0.005,1.0,0.002,1.0,0.6,1.0,0.055,1.0,0.062,1.0,0.116,1.0,0.0,0.0,0.0,0.0,0.0,0.0,0.0,0.0
2023-02-07 11:00:00,DATAR1,2023-02-07 11:00:00,131121.0,71.0,1.0,62.0,1.0,0.008,1.0,0.002,1.0,0.6,1.0,0.04,1.0,0.058,1.0,0.098,1.0,0.0,0.0,0.0,0.0,0.0,0.0,0.0,0.0
2023-02-07 12:00:00,DATAR1,2023-02-07 12:00:00,131121.0,66.0,1.0,59.0,1.0,0.013,1.0,0.002,1.0,0.5,1.0,0.032,1.0,0.056,1.0,0.089,1.0,0.0,0.0,0.0,0.0,0.0,0.0,0.0,0.0
2023-02-07 13:00:00,DATAR1,2023-02-07 13:00:00,131121.0,56.0,1.0,54.0,1.0,0.02,1.0,0.002,1.0,0.6,1.0,0.019,1.0,0.052,1.0,0.071,1.0,0.0,0.0,0.0,0.0,0.0,0.0,0.0,0.0
2023-02-07 14:00:00,DATAR1,2023-02-07 14:00:00,131121.0,57.0,1.0,51.0,1.0,0.025,1.0,0.002,1.0,0.6,1.0,0.015,1.0,0.046,1.0,0.061,1.0,0.0,0.0,0.0,0.0,0.0,0.0,0.0,0.0
2023-02-07 15:00:00,DATAR1,2023-02-07 15:00:00,131121.0,70.0,1.0,50.0,1.0,0.031,1.0,0.002,1.0,0.6,1.0,0.01,1.0,0.043,1.0,0.052,1.0,0.0,0.0,0.0,0.0,0.0,0.0,0.0,0.0
2023-02-07 16:00:00,DATAR1,2023-02-07 16:00:00,131121.0,83.0,1.0,51.0,1.0,0.027,1.0,0.003,1.0,0.6,1.0,0.012,1.0,0.05,1.0,0.062,1.0,0.0,0.0,0.0,0.0,0.0,0.0,0.0,0.0
2023-02-07 17:00:00,DATAR1,2023-02-07 17:00:00,131121.0,73.0,1.0,54.0,1.0,0.018,1.0,0.003,1.0,0.7,1.0,0.016,1.0,0.063,1.0,0.079,1.0,0.0,0.0,0.0,0.0,0.0,0.0,0.0,0.0
2023-02-07 18:00:00,DATAR1,2023-02-07 18:00:00,131121.0,85.0,1.0,62.0,1.0,0.01,1.0,0.002,1.0,0.8,1.0,0.015,1.0,0.069,1.0,0.084,1.0,0.0,0.0,0.0,0.0,0.0,0.0,0.0,0.0
2023-02-07 19:00:00,DATAR1,2023-02-07 19:00:00,131121.0,78.0,1.0,64.0,1.0,0.006,1.0,0.002,1.0,0.7,1.0,0.008,1.0,0.07,1.0,0.078,1.0,0.0,0.0,0.0,0.0,0.0,0.0,0.0,0.0
2023-02-07 20:00:00,DATAR1,2023-02-07 20:00:00,131121.0,71.0,1.0,65.0,1.0,0.008,1.0,0.002,1.0,0.7,1.0,0.01,1.0,0.066,1.0,0.075,1.0,0.0,0.0,0.0,0.0,0.0,0.0,0.0,0.0
2023-02-07 21:00:00,DATAR1,2023-02-07 21:00:00,131121.0,,2.0,64.0,1.0,0.014,1.0,0.002,1.0,0.8,1.0,0.004,1.0,0.058,1.0,0.061,1.0,0.0,0.0,0.0,0.0,0.0,0.0,0.0,0.0
2023-02-07 22:00:00,DATAR1,2023-02-07 22:00:00,131121.0,76.0,1.0,63.0,1.0,0.008,1.0,0.002,1.0,0.9,1.0,0.005,1.0,0.062,1.0,0.067,1.0,0.0,0.0,0.0,0.0,0.0,0.0,0.0,0.0
2023-02-07 23:00:00,DATAR1,2023-02-07 23:00:00,131121.0,88.0,1.0,69.0,1.0,0.007,1.0,0.002,1.0,0.8,1.0,0.005,1.0,0.059,1.0,0.064,1.0,0.0,0.0,0.0,0.0,0.0,0.0,0.0,0.0
2023-02-08 00:00:00,DATAR1,2023-02-08 00:00:00,131121.0,92.0,1.0,74.0,1.0,0.006,1.0,0.002,1.0,0.9,1.0,0.005,1.0,0.059,1.0,0.064,1.0,0.0,0.0,0.0,0.0,0.0,0.0,0.0,0.0
2023-02-08 01:00:00,DATAR1,2023-02-08 01:00:00,131121.0,94.0,1.0,84.0,1.0,0.005,1.0,0.002,1.0,0.9,1.0,0.005,1.0,0.059,1.0,0.064,1.0,0.0,0.0,0.0,0.0,0.0,0.0,0.0,0.0
2023-02-08 02:00:00,DATAR1,2023-02-08 02:00:00,131121.0,104.0,1.0,86.0,1.0,0.002,1.0,0.002,1.0,0.9,1.0,0.009,1.0,0.062,1.0,0.071,1.0,0.0,0.0,0.0,0.0,0.0,0.0,0.0,0.0
2023-02-08 03:00:00,DATAR1,2023-02-08 03:00:00,131121.0,94.0,1.0,86.0,1.0,0.002,1.0,0.002,1.0,1.0,1.0,0.017,1.0,0.064,1.0,0.082,1.0,0.0,0.0,0.0,0.0,0.0,0.0,0.0,0.0
2023-02-08 04:00:00,DATAR1,2023-02-08 04:00:00,131121.0,88.0,1.0,84.0,1.0,0.002,1.0,0.002,1.0,0.9,1.0,0.008,1.0,0.06,1.0,0.068,1.0,0.0,0.0,0.0,0.0,0.0,0.0,0.0,0.0
2023-02-08 05:00:00,DATAR1,2023-02-08 05:00:00,131121.0,90.0,1.0,80.0,1.0,0.005,1.0,0.002,1.0,0.9,1.0,0.006,1.0,0.054,1.0,0.06,1.0,0.0,0.0,0.0,0.0,0.0,0.0,0.0,0.0
2023-02-08 06:00:00,DATAR1,2023-02-08 06:00:00,131121.0,86.0,1.0,79.0,1.0,0.002,1.0,0.002,1.0,1.0,1.0,0.014,1.0,0.058,1.0,0.072,1.0,0.0,0.0,0.0,0.0,0.0,0.0,0.0,0.0
2023-02-08 07:00:00,DATAR1,2023-02-08 07:00:00,131121.0,101.0,1.0,80.0,1.0,0.001,1.0,0.002,1.0,1.0,1.0,0.055,1.0,0.062,1.0,0.117,1.0,0.0,0.0,0.0,0.0,0.0,0.0,0.0,0.0
2023-02-08 08:00:00,DATAR1,2023-02-08 08:00:00,131121.0,97.0,1.0,83.0,1.0,0.002,1.0,0.002,1.0,1.0,1.0,0.059,1.0,0.059,1.0,0.118,1.0,0.0,0.0,0.0,0.0,0.0,0.0,0.0,0.0
2023-02-08 09:00:00,DATAR1,2023-02-08 09:00:00,131121.0,89.0,1.0,84.0,1.0,0.003,1.0,0.002,1.0,1.1,1.0,0.055,1.0,0.058,1.0,0.112,1.0,0.0,0.0,0.0,0.0,0.0,0.0,0.0,0.0
2023-02-08 10:00:00,DATAR1,2023-02-08 10:00:00,131121.0,98.0,1.0,91.0,1.0,0.005,1.0,0.003,1.0,1.0,1.0,0.06,1.0,0.058,1.0,0.118,1.0,0.0,0.0,0.0,0.0,0.0,0.0,0.0,0.0
2023-02-08 11:00:00,DATAR1,2023-02-08 11:00:00,131121.0,96.0,1.0,89.0,1.0,0.009,1.0,0.003,1.0,1.1,1.0,0.049,1.0,0.055,1.0,0.104,1.0,0.0,0.0,0.0,0.0,0.0,0.0,0.0,0.0
2023-02-08 12:00:00,DATAR1,2023-02-08 12:00:00,131121.0,81.0,1.0,,2.0,0.023,1.0,0.003,1.0,0.7,1.0,0.017,1.0,0.037,1.0,0.054,1.0,0.0,0.0,0.0,0.0,0.0,0.0,0.0,0.0
2023-02-08 13:00:00,DATAR1,2023-02-08 13:00:00,131121.0,51.0,1.0,,2.0,0.031,1.0,0.003,1.0,0.6,1.0,0.01,1.0,0.03,1.0,0.04,1.0,0.0,0.0,0.0,0.0,0.0,0.0,0.0,0.0
2023-02-08 14:00:00,DATAR1,2023-02-08 14:00:00,131121.0,56.0,1.0,48.0,1.0,0.031,1.0,0.003,1.0,0.6,1.0,0.011,1.0,0.032,1.0,0.043,1.0,0.0,0.0,0.0,0.0,0.0,0.0,0.0,0.0
2023-02-08 15:00:00,DATAR1,2023-02-08 15:00:00,131121.0,43.0,1.0,41.0,1.0,0.036,1.0,0.002,1.0,0.5,1.0,0.008,1.0,0.026,1.0,0.034,1.0,0.0,0.0,0.0,0.0,0.0,0.0,0.0,0.0
2023-02-08 16:00:00,DATAR1,2023-02-08 16:00:00,131121.0,46.0,1.0,34.0,1.0,0.04,1.0,0.002,1.0,0.5,1.0,0.006,1.0,0.026,1.0,0.032,1.0,0.0,0.0,0.0,0.0,0.0,0.0,0.0,0.0
2023-02-08 17:00:00,DATAR1,2023-02-08 17:00:00,131121.0,41.0,1.0,32.0,1.0,0.042,1.0,0.002,1.0,0.4,1.0,0.004,1.0,0.023,1.0,0.027,1.0,0.0,0.0,0.0,0.0,0.0,0.0,0.0,0.0
2023-02-08 18:00:00,DATAR1,2023-02-08 18:00:00,131121.0,45.0,1.0,26.0,1.0,0.04,1.0,0.002,1.0,0.4,1.0,0.003,1.0,0.025,1.0,0.028,1.0,0.0,0.0,0.0,0.0,0.0,0.0,0.0,0.0
2023-02-08 19:00:00,DATAR1,2023-02-08 19:00:00,131121.0,50.0,1.0,24.0,1.0,0.031,1.0,0.002,1.0,0.6,1.0,0.003,1.0,0.033,1.0,0.036,1.0,0.0,0.0,0.0,0.0,0.0,0.0,0.0,0.0
2023-02-08 20:00:00,DATAR1,2023-02-08 20:00:00,131121.0,47.0,1.0,27.0,1.0,0.027,1.0,0.002,1.0,0.5,1.0,0.004,1.0,0.035,1.0,0.039,1.0,0.0,0.0,0.0,0.0,0.0,0.0,0.0,0.0
2023-02-08 21:00:00,DATAR1,2023-02-08 21:00:00,131121.0,33.0,1.0,27.0,1.0,0.021,1.0,0.002,1.0,0.5,1.0,0.004,1.0,0.039,1.0,0.043,1.0,0.0,0.0,0.0,0.0,0.0,0.0,0.0,0.0
2023-02-08 22:00:00,DATAR1,2023-02-08 22:00:00,131121.0,32.0,1.0,24.0,1.0,0.018,1.0,0.002,1.0,0.5,1.0,0.003,1.0,0.039,1.0,0.042,1.0,0.0,0.0,0.0,0.0,0.0,0.0,0.0,0.0
2023-02-08 23:00:00,DATAR1,2023-02-08 23:00:00,131121.0,28.0,1.0,20.0,1.0,0.013,1.0,0.002,1.0,0.6,1.0,0.003,1.0,0.044,1.0,0.047,1.0,0.0,0.0,0.0,0.0,0.0,0.0,0.0,0.0
2023-02-09 00:00:00,DATAR1,2023-02-09 00:00:00,131121.0,25.0,1.0,21.0,1.0,0.027,1.0,0.002,1.0,0.5,1.0,0.003,1.0,0.027,1.0,0.03,1.0,0.0,0.0,0.0,0.0,0.0,0.0,0.0,0.0
2023-02-09 01:00:00,DATAR1,2023-02-09 01:00:00,131121.0,35.0,1.0,16.0,1.0,0.026,1.0,0.002,1.0,0.4,1.0,0.003,1.0,0.026,1.0,0.028,1.0,0.0,0.0,0.0,0.0,0.0,0.0,0.0,0.0
2023-02-09 02:00:00,DATAR1,2023-02-09 02:00:00,131121.0,27.0,1.0,14.0,1.0,0.023,1.0,0.002,1.0,0.6,1.0,0.002,1.0,0.027,1.0,0.03,1.0,0.0,0.0,0.0,0.0,0.0,0.0,0.0,0.0
2023-02-09 03:00:00,DATAR1,2023-02-09 03:00:00,131121.0,30.0,1.0,15.0,1.0,0.028,1.0,0.002,1.0,0.6,1.0,0.003,1.0,0.022,1.0,0.025,1.0,0.0,0.0,0.0,0.0,0.0,0.0,0.0,0.0
2023-02-09 04:00:00,DATAR1,2023-02-09 04:00:00,131121.0,28.0,1.0,18.0,1.0,0.014,1.0,0.002,1.0,0.7,1.0,0.009,1.0,0.037,1.0,0.046,1.0,0.0,0.0,0.0,0.0,0.0,0.0,0.0,0.0
2023-02-09 05:00:00,DATAR1,2023-02-09 05:00:00,131121.0,32.0,1.0,21.0,1.0,0.009,1.0,0.002,1.0,0.6,1.0,0.007,1.0,0.04,1.0,0.048,1.0,0.0,0.0,0.0,0.0,0.0,0.0,0.0,0.0
2023-02-09 06:00:00,DATAR1,2023-02-09 06:00:00,131121.0,25.0,1.0,20.0,1.0,0.017,1.0,0.002,1.0,0.6,1.0,0.016,1.0,0.034,1.0,0.05,1.0,0.0,0.0,0.0,0.0,0.0,0.0,0.0,0.0
2023-02-09 07:00:00,DATAR1,2023-02-09 07:00:00,131121.0,30.0,1.0,22.0,1.0,0.001,1.0,0.003,1.0,0.8,1.0,0.05,1.0,0.053,1.0,0.104,1.0,0.0,0.0,0.0,0.0,0.0,0.0,0.0,0.0
2023-02-09 08:00:00,DATAR1,2023-02-09 08:00:00,131121.0,36.0,1.0,22.0,1.0,0.002,1.0,0.003,1.0,0.9,1.0,0.087,1.0,0.058,1.0,0.145,1.0,0.0,0.0,0.0,0.0,0.0,0.0,0.0,0.0
2023-02-09 09:00:00,DATAR1,2023-02-09 09:00:00,131121.0,36.0,1.0,25.0,1.0,0.003,1.0,0.003,1.0,0.7,1.0,0.093,1.0,0.056,1.0,0.149,1.0,0.0,0.0,0.0,0.0,0.0,0.0,0.0,0.0
2023-02-09 10:00:00,DATAR1,2023-02-09 10:00:00,131121.0,40.0,1.0,24.0,1.0,0.004,1.0,0.004,1.0,0.8,1.0,0.105,1.0,0.06,1.0,0.165,1.0,0.0,0.0,0.0,0.0,0.0,0.0,0.0,0.0
2023-02-09 11:00:00,DATAR1,2023-02-09 11:00:00,131121.0,51.0,1.0,28.0,1.0,0.009,1.0,0.003,1.0,0.8,1.0,0.068,1.0,0.053,1.0,0.122,1.0,0.0,0.0,0.0,0.0,0.0,0.0,0.0,0.0
2023-02-09 12:00:00,DATAR1,2023-02-09 12:00:00,131121.0,45.0,1.0,29.0,1.0,0.03,1.0,0.002,1.0,0.6,1.0,0.013,1.0,0.028,1.0,0.041,1.0,0.0,0.0,0.0,0.0,0.0,0.0,0.0,0.0
2023-02-09 13:00:00,DATAR1,2023-02-09 13:00:00,131121.0,44.0,1.0,28.0,1.0,0.042,1.0,0.002,1.0,0.5,1.0,0.005,1.0,0.019,1.0,0.024,1.0,0.0,0.0,0.0,0.0,0.0,0.0,0.0,0.0
2023-02-09 14:00:00,DATAR1,2023-02-09 14:00:00,131121.0,34.0,1.0,27.0,1.0,0.044,1.0,0.002,1.0,0.5,1.0,0.006,1.0,0.02,1.0,0.026,1.0,0.0,0.0,0.0,0.0,0.0,0.0,0.0,0.0
2023-02-09 15:00:00,DATAR1,2023-02-09 15:00:00,131121.0,50.0,1.0,25.0,1.0,0.045,1.0,0.002,1.0,0.5,1.0,0.004,1.0,0.019,1.0,0.023,1.0,0.0,0.0,0.0,0.0,0.0,0.0,0.0,0.0
2023-02-09 16:00:00,DATAR1,2023-02-09 16:00:00,131121.0,44.0,1.0,26.0,1.0,0.043,1.0,0.002,1.0,0.5,1.0,0.004,1.0,0.021,1.0,0.024,1.0,0.0,0.0,0.0,0.0,0.0,0.0,0.0,0.0
2023-02-09 17:00:00,DATAR1,2023-02-09 17:00:00,131121.0,51.0,1.0,31.0,1.0,0.043,1.0,0.002,1.0,0.5,1.0,0.004,1.0,0.021,1.0,0.025,1.0,0.0,0.0,0.0,0.0,0.0,0.0,0.0,0.0
2023-02-09 18:00:00,DATAR1,2023-02-09 18:00:00,131121.0,40.0,1.0,31.0,1.0,0.041,1.0,0.002,1.0,0.5,1.0,0.003,1.0,0.024,1.0,0.026,1.0,0.0,0.0,0.0,0.0,0.0,0.0,0.0,0.0
2023-02-09 19:00:00,DATAR1,2023-02-09 19:00:00,131121.0,36.0,1.0,29.0,1.0,0.03,1.0,0.002,1.0,0.5,1.0,0.007,1.0,0.037,1.0,0.044,1.0,0.0,0.0,0.0,0.0,0.0,0.0,0.0,0.0
2023-02-09 20:00:00,DATAR1,2023-02-09 20:00:00,131121.0,29.0,1.0,24.0,1.0,0.024,1.0,0.002,1.0,0.6,1.0,0.006,1.0,0.042,1.0,0.048,1.0,0.0,0.0,0.0,0.0,0.0,0.0,0.0,0.0
2023-02-09 21:00:00,DATAR1,2023-02-09 21:00:00,131121.0,34.0,1.0,28.0,1.0,0.032,1.0,0.002,1.0,0.5,1.0,0.003,1.0,0.031,1.0,0.034,1.0,0.0,0.0,0.0,0.0,0.0,0.0,0.0,0.0
2023-02-09 22:00:00,DATAR1,2023-02-09 22:00:00,131121.0,32.0,1.0,29.0,1.0,0.038,1.0,0.002,1.0,0.4,1.0,0.003,1.0,0.022,1.0,0.024,1.0,0.0,0.0,0.0,0.0,0.0,0.0,0.0,0.0
2023-02-09 23:00:00,DATAR1,2023-02-09 23:00:00,131121.0,26.0,1.0,27.0,1.0,0.035,1.0,0.002,1.0,0.4,1.0,0.002,1.0,0.022,1.0,0.024,1.0,0.0,0.0,0.0,0.0,0.0,0.0,0.0,0.0
2023-02-10 00:00:00,DATAR1,2023-02-10 00:00:00,131121.0,23.0,1.0,25.0,1.0,0.041,1.0,0.002,1.0,0.4,1.0,0.002,1.0,0.014,1.0,0.016,1.0,0.0,0.0,0.0,0.0,0.0,0.0,0.0,0.0
2023-02-10 01:00:00,DATAR1,2023-02-10 01:00:00,131121.0,35.0,1.0,24.0,1.0,0.04,1.0,0.002,1.0,0.4,1.0,0.002,1.0,0.014,1.0,0.016,1.0,0.0,0.0,0.0,0.0,0.0,0.0,0.0,0.0
2023-02-10 02:00:00,DATAR1,2023-02-10 02:00:00,131121.0,23.0,1.0,24.0,1.0,0.039,1.0,0.001,1.0,0.4,1.0,0.002,1.0,0.014,1.0,0.016,1.0,0.0,0.0,0.0,0.0,0.0,0.0,0.0,0.0
2023-02-10 03:00:00,DATAR1,2023-02-10 03:00:00,131121.0,16.0,1.0,18.0,1.0,0.038,1.0,0.001,1.0,0.3,1.0,0.002,1.0,0.014,1.0,0.016,1.0,0.0,0.0,0.0,0.0,0.0,0.0,0.0,0.0
2023-02-10 04:00:00,DATAR1,2023-02-10 04:00:00,131121.0,20.0,1.0,17.0,1.0,0.036,1.0,0.001,1.0,0.3,1.0,0.002,1.0,0.014,1.0,0.016,1.0,0.0,0.0,0.0,0.0,0.0,0.0,0.0,0.0
2023-02-10 05:00:00,DATAR1,2023-02-10 05:00:00,131121.0,14.0,1.0,16.0,1.0,0.034,1.0,0.001,1.0,0.4,1.0,0.002,1.0,0.014,1.0,0.016,1.0,0.0,0.0,0.0,0.0,0.0,0.0,0.0,0.0
2023-02-10 06:00:00,DATAR1,2023-02-10 06:00:00,131121.0,19.0,1.0,16.0,1.0,0.029,1.0,0.001,1.0,0.4,1.0,0.002,1.0,0.016,1.0,0.019,1.0,0.0,0.0,0.0,0.0,0.0,0.0,0.0,0.0
2023-02-10 07:00:00,DATAR1,2023-02-10 07:00:00,131121.0,19.0,1.0,15.0,1.0,0.026,1.0,0.001,1.0,0.4,1.0,0.002,1.0,0.019,1.0,0.021,1.0,0.0,0.0,0.0,0.0,0.0,0.0,0.0,0.0
2023-02-10 08:00:00,DATAR1,2023-02-10 08:00:00,131121.0,19.0,1.0,14.0,1.0,0.021,1.0,0.001,1.0,0.4,1.0,0.003,1.0,0.025,1.0,0.028,1.0,0.0,0.0,0.0,0.0,0.0,0.0,0.0,0.0
2023-02-10 09:00:00,DATAR1,2023-02-10 09:00:00,131121.0,21.0,1.0,18.0,1.0,0.015,1.0,0.001,1.0,0.5,1.0,0.005,1.0,0.032,1.0,0.038,1.0,0.0,0.0,0.0,0.0,0.0,0.0,0.0,0.0
2023-02-10 10:00:00,DATAR1,2023-02-10 10:00:00,131121.0,26.0,1.0,18.0,1.0,0.013,1.0,0.001,1.0,0.5,1.0,0.008,1.0,0.034,1.0,0.043,1.0,0.0,0.0,0.0,0.0,0.0,0.0,0.0,0.0
2023-02-10 11:00:00,DATAR1,2023-02-10 11:00:00,131121.0,18.0,1.0,19.0,1.0,0.014,1.0,0.001,1.0,0.4,1.0,0.011,1.0,0.034,1.0,0.044,1.0,0.0,0.0,0.0,0.0,0.0,0.0,0.0,0.0
2023-02-10 12:00:00,DATAR1,2023-02-10 12:00:00,131121.0,17.0,1.0,18.0,1.0,0.017,1.0,0.002,1.0,0.5,1.0,0.015,1.0,0.033,1.0,0.048,1.0,0.0,0.0,0.0,0.0,0.0,0.0,0.0,0.0
2023-02-10 13:00:00,DATAR1,2023-02-10 13:00:00,131121.0,23.0,1.0,17.0,1.0,0.015,1.0,0.002,1.0,0.5,1.0,0.012,1.0,0.038,1.0,0.05,1.0,0.0,0.0,0.0,0.0,0.0,0.0,0.0,0.0
2023-02-10 14:00:00,DATAR1,2023-02-10 14:00:00,131121.0,26.0,1.0,16.0,1.0,0.023,1.0,0.002,1.0,0.4,1.0,0.01,1.0,0.033,1.0,0.043,1.0,0.0,0.0,0.0,0.0,0.0,0.0,0.0,0.0
2023-02-10 15:00:00,DATAR1,2023-02-10 15:00:00,131121.0,37.0,1.0,26.0,1.0,0.028,1.0,0.002,1.0,0.7,1.0,0.007,1.0,0.03,1.0,0.037,1.0,0.0,0.0,0.0,0.0,0.0,0.0,0.0,0.0
2023-02-10 16:00:00,DATAR1,2023-02-10 16:00:00,131121.0,25.0,1.0,25.0,1.0,0.032,1.0,0.002,1.0,0.6,1.0,0.006,1.0,0.028,1.0,0.034,1.0,0.0,0.0,0.0,0.0,0.0,0.0,0.0,0.0
2023-02-10 17:00:00,DATAR1,2023-02-10 17:00:00,131121.0,24.0,1.0,24.0,1.0,0.031,1.0,0.002,1.0,0.4,1.0,0.005,1.0,0.026,1.0,0.031,1.0,0.0,0.0,0.0,0.0,0.0,0.0,0.0,0.0
2023-02-10 18:00:00,DATAR1,2023-02-10 18:00:00,131121.0,29.0,1.0,23.0,1.0,0.026,1.0,0.002,1.0,0.5,1.0,0.004,1.0,0.03,1.0,0.034,1.0,0.0,0.0,0.0,0.0,0.0,0.0,0.0,0.0
2023-02-10 19:00:00,DATAR1,2023-02-10 19:00:00,131121.0,24.0,1.0,19.0,1.0,0.021,1.0,0.001,1.0,0.5,1.0,0.005,1.0,0.036,1.0,0.042,1.0,0.0,0.0,0.0,0.0,0.0,0.0,0.0,0.0
2023-02-10 20:00:00,DATAR1,2023-02-10 20:00:00,131121.0,16.0,1.0,19.0,1.0,0.018,1.0,0.001,1.0,0.6,1.0,0.004,1.0,0.038,1.0,0.042,1.0,0.0,0.0,0.0,0.0,0.0,0.0,0.0,0.0
2023-02-10 21:00:00,DATAR1,2023-02-10 21:00:00,131121.0,13.0,1.0,21.0,1.0,0.009,1.0,0.001,1.0,0.5,1.0,0.006,1.0,0.048,1.0,0.054,1.0,0.0,0.0,0.0,0.0,0.0,0.0,0.0,0.0
2023-02-10 22:00:00,DATAR1,2023-02-10 22:00:00,131121.0,20.0,1.0,20.0,1.0,0.007,1.0,0.001,1.0,0.6,1.0,0.007,1.0,0.048,1.0,0.054,1.0,0.0,0.0,0.0,0.0,0.0,0.0,0.0,0.0
2023-02-10 23:00:00,DATAR1,2023-02-10 23:00:00,131121.0,20.0,1.0,20.0,1.0,0.009,1.0,0.001,1.0,0.5,1.0,0.005,1.0,0.047,1.0,0.051,1.0,0.0,0.0,0.0,0.0,0.0,0.0,0.0,0.0
2023-02-11 00:00:00,DATAR1,2023-02-11 00:00:00,131121.0,22.0,1.0,20.0,1.0,0.005,1.0,0.001,1.0,0.6,1.0,0.005,1.0,0.049,1.0,0.054,1.0,0.0,0.0,0.0,0.0,0.0,0.0,0.0,0.0
2023-02-11 01:00:00,DATAR1,2023-02-11 01:00:00,131121.0,33.0,1.0,25.0,1.0,0.003,1.0,0.001,1.0,0.6,1.0,0.007,1.0,0.05,1.0,0.056,1.0,0.0,0.0,0.0,0.0,0.0,0.0,0.0,0.0
2023-02-11 02:00:00,DATAR1,2023-02-11 02:00:00,131121.0,30.0,1.0,22.0,1.0,0.004,1.0,0.002,1.0,0.6,1.0,0.008,1.0,0.048,1.0,0.056,1.0,0.0,0.0,0.0,0.0,0.0,0.0,0.0,0.0
2023-02-11 03:00:00,DATAR1,2023-02-11 03:00:00,131121.0,26.0,1.0,24.0,1.0,0.004,1.0,0.002,1.0,0.6,1.0,0.023,1.0,0.05,1.0,0.073,1.0,0.0,0.0,0.0,0.0,0.0,0.0,0.0,0.0
2023-02-11 04:00:00,DATAR1,2023-02-11 04:00:00,131121.0,34.0,1.0,26.0,1.0,0.002,1.0,0.002,1.0,0.6,1.0,0.021,1.0,0.049,1.0,0.07,1.0,0.0,0.0,0.0,0.0,0.0,0.0,0.0,0.0
2023-02-11 05:00:00,DATAR1,2023-02-11 05:00:00,131121.0,21.0,1.0,26.0,1.0,0.005,1.0,0.002,1.0,0.5,1.0,0.012,1.0,0.044,1.0,0.056,1.0,0.0,0.0,0.0,0.0,0.0,0.0,0.0,0.0
2023-02-11 06:00:00,DATAR1,2023-02-11 06:00:00,131121.0,26.0,1.0,25.0,1.0,0.002,1.0,0.002,1.0,0.6,1.0,0.023,1.0,0.046,1.0,0.069,1.0,0.0,0.0,0.0,0.0,0.0,0.0,0.0,0.0
2023-02-11 07:00:00,DATAR1,2023-02-11 07:00:00,131121.0,27.0,1.0,28.0,1.0,0.003,1.0,0.001,1.0,0.6,1.0,0.01,1.0,0.044,1.0,0.054,1.0,0.0,0.0,0.0,0.0,0.0,0.0,0.0,0.0
2023-02-11 08:00:00,DATAR1,2023-02-11 08:00:00,131121.0,31.0,1.0,30.0,1.0,0.001,1.0,0.003,1.0,0.9,1.0,0.087,1.0,0.053,1.0,0.14,1.0,0.0,0.0,0.0,0.0,0.0,0.0,0.0,0.0
2023-02-11 09:00:00,DATAR1,2023-02-11 09:00:00,131121.0,30.0,1.0,30.0,1.0,0.002,1.0,0.003,1.0,0.9,1.0,0.086,1.0,0.054,1.0,0.141,1.0,0.0,0.0,0.0,0.0,0.0,0.0,0.0,0.0
2023-02-11 10:00:00,DATAR1,2023-02-11 10:00:00,131121.0,38.0,1.0,33.0,1.0,0.004,1.0,0.003,1.0,0.9,1.0,0.093,1.0,0.053,1.0,0.147,1.0,0.0,0.0,0.0,0.0,0.0,0.0,0.0,0.0
2023-02-11 11:00:00,DATAR1,2023-02-11 11:00:00,131121.0,30.0,1.0,36.0,1.0,0.013,1.0,0.002,1.0,0.6,1.0,0.027,1.0,0.038,1.0,0.066,1.0,0.0,0.0,0.0,0.0,0.0,0.0,0.0,0.0
2023-02-11 12:00:00,DATAR1,2023-02-11 12:00:00,131121.0,28.0,1.0,32.0,1.0,0.025,1.0,0.002,1.0,0.4,1.0,0.012,1.0,0.029,1.0,0.04,1.0,0.0,0.0,0.0,0.0,0.0,0.0,0.0,0.0
2023-02-11 13:00:00,DATAR1,2023-02-11 13:00:00,131121.0,,2.0,28.0,1.0,0.038,1.0,0.002,1.0,0.5,1.0,0.005,1.0,0.021,1.0,0.026,1.0,0.0,0.0,0.0,0.0,0.0,0.0,0.0,0.0
2023-02-11 14:00:00,DATAR1,2023-02-11 14:00:00,131121.0,22.0,1.0,24.0,1.0,0.032,1.0,0.002,1.0,0.6,1.0,0.009,1.0,0.03,1.0,0.039,1.0,0.0,0.0,0.0,0.0,0.0,0.0,0.0,0.0
2023-02-11 15:00:00,DATAR1,2023-02-11 15:00:00,131121.0,40.0,1.0,31.0,1.0,0.03,1.0,0.002,1.0,0.6,1.0,0.009,1.0,0.035,1.0,0.043,1.0,0.0,0.0,0.0,0.0,0.0,0.0,0.0,0.0
2023-02-11 16:00:00,DATAR1,2023-02-11 16:00:00,131121.0,46.0,1.0,36.0,1.0,0.028,1.0,0.002,1.0,0.6,1.0,0.009,1.0,0.038,1.0,0.047,1.0,0.0,0.0,0.0,0.0,0.0,0.0,0.0,0.0
2023-02-11 17:00:00,DATAR1,2023-02-11 17:00:00,131121.0,62.0,1.0,44.0,1.0,0.023,1.0,0.002,1.0,0.6,1.0,0.008,1.0,0.042,1.0,0.05,1.0,0.0,0.0,0.0,0.0,0.0,0.0,0.0,0.0
2023-02-11 18:00:00,DATAR1,2023-02-11 18:00:00,131121.0,51.0,1.0,48.0,1.0,0.016,1.0,0.002,1.0,0.6,1.0,0.007,1.0,0.049,1.0,0.056,1.0,0.0,0.0,0.0,0.0,0.0,0.0,0.0,0.0
2023-02-11 19:00:00,DATAR1,2023-02-11 19:00:00,131121.0,53.0,1.0,49.0,1.0,0.006,1.0,0.002,1.0,0.7,1.0,0.006,1.0,0.061,1.0,0.067,1.0,0.0,0.0,0.0,0.0,0.0,0.0,0.0,0.0
2023-02-11 20:00:00,DATAR1,2023-02-11 20:00:00,131121.0,60.0,1.0,54.0,1.0,0.005,1.0,0.002,1.0,0.8,1.0,0.008,1.0,0.065,1.0,0.073,1.0,0.0,0.0,0.0,0.0,0.0,0.0,0.0,0.0
2023-02-11 21:00:00,DATAR1,2023-02-11 21:00:00,131121.0,58.0,1.0,60.0,1.0,0.002,1.0,0.002,1.0,0.8,1.0,0.017,1.0,0.069,1.0,0.086,1.0,0.0,0.0,0.0,0.0,0.0,0.0,0.0,0.0
2023-02-11 22:00:00,DATAR1,2023-02-11 22:00:00,131121.0,,2.0,61.0,1.0,0.002,1.0,0.002,1.0,0.8,1.0,0.015,1.0,0.067,1.0,0.082,1.0,0.0,0.0,0.0,0.0,0.0,0.0,0.0,0.0
2023-02-11 23:00:00,DATAR1,2023-02-11 23:00:00,131121.0,,2.0,62.0,1.0,0.002,1.0,0.002,1.0,0.8,1.0,0.012,1.0,0.065,1.0,0.077,1.0,0.0,0.0,0.0,0.0,0.0,0.0,0.0,0.0
2023-02-12 00:00:00,DATAR1,2023-02-12 00:00:00,131121.0,,2.0,62.0,1.0,0.002,1.0,0.002,1.0,0.8,1.0,0.01,1.0,0.063,1.0,0.073,1.0,0.0,0.0,0.0,0.0,0.0,0.0,0.0,0.0
2023-02-12 01:00:00,DATAR1,2023-02-12 01:00:00,131121.0,69.0,1.0,62.0,1.0,0.002,1.0,0.002,1.0,0.8,1.0,0.011,1.0,0.059,1.0,0.07,1.0,0.0,0.0,0.0,0.0,0.0,0.0,0.0,0.0
2023-02-12 02:00:00,DATAR1,2023-02-12 02:00:00,131121.0,66.0,1.0,64.0,1.0,0.003,1.0,0.001,1.0,0.8,1.0,0.01,1.0,0.056,1.0,0.067,1.0,0.0,0.0,0.0,0.0,0.0,0.0,0.0,0.0
2023-02-12 03:00:00,DATAR1,2023-02-12 03:00:00,131121.0,,2.0,61.0,1.0,0.008,1.0,0.001,1.0,0.8,1.0,0.005,1.0,0.046,1.0,0.051,1.0,0.0,0.0,0.0,0.0,0.0,0.0,0.0,0.0
2023-02-12 04:00:00,DATAR1,2023-02-12 04:00:00,131121.0,,2.0,58.0,1.0,0.016,1.0,0.001,1.0,0.7,1.0,0.003,1.0,0.036,1.0,0.039,1.0,0.0,0.0,0.0,0.0,0.0,0.0,0.0,0.0
2023-02-12 05:00:00,DATAR1,2023-02-12 05:00:00,131121.0,55.0,1.0,53.0,1.0,0.01,1.0,0.001,1.0,0.7,1.0,0.003,1.0,0.04,1.0,0.044,1.0,0.0,0.0,0.0,0.0,0.0,0.0,0.0,0.0
2023-02-12 06:00:00,DATAR1,2023-02-12 06:00:00,131121.0,49.0,1.0,53.0,1.0,0.004,1.0,0.001,1.0,0.8,1.0,0.005,1.0,0.048,1.0,0.053,1.0,0.0,0.0,0.0,0.0,0.0,0.0,0.0,0.0
2023-02-12 07:00:00,DATAR1,2023-02-12 07:00:00,131121.0,,2.0,52.0,1.0,0.002,1.0,0.001,1.0,0.9,1.0,0.013,1.0,0.05,1.0,0.064,1.0,0.0,0.0,0.0,0.0,0.0,0.0,0.0,0.0
2023-02-12 08:00:00,DATAR1,2023-02-12 08:00:00,131121.0,52.0,1.0,55.0,1.0,0.007,1.0,0.001,1.0,0.7,1.0,0.006,1.0,0.04,1.0,0.046,1.0,0.0,0.0,0.0,0.0,0.0,0.0,0.0,0.0
2023-02-12 09:00:00,DATAR1,2023-02-12 09:00:00,131121.0,,2.0,56.0,1.0,0.003,1.0,0.002,1.0,0.9,1.0,0.037,1.0,0.048,1.0,0.086,1.0,0.0,0.0,0.0,0.0,0.0,0.0,0.0,0.0
2023-02-12 10:00:00,DATAR1,2023-02-12 10:00:00,131121.0,,2.0,67.0,1.0,0.006,1.0,0.002,1.0,0.9,1.0,0.036,1.0,0.05,1.0,0.086,1.0,0.0,0.0,0.0,0.0,0.0,0.0,0.0,0.0
2023-02-12 11:00:00,DATAR1,2023-02-12 11:00:00,131121.0,74.0,1.0,69.0,1.0,0.011,1.0,0.002,1.0,0.8,1.0,0.025,1.0,0.046,1.0,0.07,1.0,0.0,0.0,0.0,0.0,0.0,0.0,0.0,0.0
2023-02-12 12:00:00,DATAR1,2023-02-12 12:00:00,131121.0,,2.0,68.0,1.0,0.013,1.0,0.002,1.0,0.8,1.0,0.024,1.0,0.043,1.0,0.067,1.0,0.0,0.0,0.0,0.0,0.0,0.0,0.0,0.0
2023-02-12 13:00:00,DATAR1,2023-02-12 13:00:00,131121.0,,2.0,68.0,1.0,0.02,1.0,0.002,1.0,0.8,1.0,0.018,1.0,0.041,1.0,0.059,1.0,0.0,0.0,0.0,0.0,0.0,0.0,0.0,0.0
2023-02-12 14:00:00,DATAR1,2023-02-12 14:00:00,131121.0,,2.0,68.0,1.0,0.03,1.0,0.002,1.0,0.7,1.0,0.009,1.0,0.031,1.0,0.04,1.0,0.0,0.0,0.0,0.0,0.0,0.0,0.0,0.0
2023-02-12 15:00:00,DATAR1,2023-02-12 15:00:00,131121.0,,2.0,68.0,1.0,0.03,1.0,0.002,1.0,0.7,1.0,0.007,1.0,0.036,1.0,0.043,1.0,0.0,0.0,0.0,0.0,0.0,0.0,0.0,0.0
2023-02-12 16:00:00,DATAR1,2023-02-12 16:00:00,131121.0,,2.0,67.0,1.0,0.033,1.0,0.002,1.0,0.7,1.0,0.006,1.0,0.037,1.0,0.044,1.0,0.0,0.0,0.0,0.0,0.0,0.0,0.0,0.0
2023-02-12 17:00:00,DATAR1,2023-02-12 17:00:00,131121.0,,2.0,69.0,1.0,0.032,1.0,0.002,1.0,0.6,1.0,0.004,1.0,0.037,1.0,0.042,1.0,0.0,0.0,0.0,0.0,0.0,0.0,0.0,0.0
2023-02-12 18:00:00,DATAR1,2023-02-12 18:00:00,131121.0,77.0,1.0,65.0,1.0,0.03,1.0,0.002,1.0,0.6,1.0,0.003,1.0,0.039,1.0,0.042,1.0,0.0,0.0,0.0,0.0,0.0,0.0,0.0,0.0
2023-02-12 19:00:00,DATAR1,2023-02-12 19:00:00,131121.0,,2.0,66.0,1.0,0.027,1.0,0.002,1.0,0.7,1.0,0.003,1.0,0.039,1.0,0.042,1.0,0.0,0.0,0.0,0.0,0.0,0.0,0.0,0.0
2023-02-12 20:00:00,DATAR1,2023-02-12 20:00:00,131121.0,,2.0,66.0,1.0,0.024,1.0,0.001,1.0,0.8,1.0,0.003,1.0,0.042,1.0,0.045,1.0,0.0,0.0,0.0,0.0,0.0,0.0,0.0,0.0
2023-02-12 21:00:00,DATAR1,2023-02-12 21:00:00,131121.0,,2.0,69.0,1.0,0.02,1.0,0.001,1.0,0.8,1.0,0.003,1.0,0.042,1.0,0.045,1.0,0.0,0.0,0.0,0.0,0.0,0.0,0.0,0.0
2023-02-12 22:00:00,DATAR1,2023-02-12 22:00:00,131121.0,,2.0,66.0,1.0,0.022,1.0,0.001,1.0,0.8,1.0,0.003,1.0,0.039,1.0,0.042,1.0,0.0,0.0,0.0,0.0,0.0,0.0,0.0,0.0
2023-02-12 23:00:00,DATAR1,2023-02-12 23:00:00,131121.0,,2.0,56.0,1.0,0.033,1.0,0.001,1.0,0.6,1.0,0.003,1.0,0.026,1.0,0.029,1.0,0.0,0.0,0.0,0.0,0.0,0.0,0.0,0.0
2023-02-13 00:00:00,DATAR1,2023-02-13 00:00:00,131121.0,,2.0,49.0,1.0,0.037,1.0,0.002,1.0,0.6,1.0,0.003,1.0,0.024,1.0,0.026,1.0,0.0,0.0,0.0,0.0,0.0,0.0,0.0,0.0
2023-02-13 01:00:00,DATAR1,2023-02-13 01:00:00,131121.0,47.0,1.0,48.0,1.0,0.04,1.0,0.002,1.0,0.4,1.0,0.002,1.0,0.02,1.0,0.022,1.0,0.0,0.0,0.0,0.0,0.0,0.0,0.0,0.0
2023-02-13 02:00:00,DATAR1,2023-02-13 02:00:00,131121.0,39.0,1.0,38.0,1.0,0.044,1.0,0.002,1.0,0.4,1.0,0.002,1.0,0.016,1.0,0.018,1.0,0.0,0.0,0.0,0.0,0.0,0.0,0.0,0.0
2023-02-13 03:00:00,DATAR1,2023-02-13 03:00:00,131121.0,30.0,1.0,28.0,1.0,0.045,1.0,0.002,1.0,0.5,1.0,0.002,1.0,0.014,1.0,0.016,1.0,0.0,0.0,0.0,0.0,0.0,0.0,0.0,0.0
2023-02-13 04:00:00,DATAR1,2023-02-13 04:00:00,131121.0,24.0,1.0,22.0,1.0,0.039,1.0,0.002,1.0,0.5,1.0,0.002,1.0,0.019,1.0,0.021,1.0,0.0,0.0,0.0,0.0,0.0,0.0,0.0,0.0
2023-02-13 05:00:00,DATAR1,2023-02-13 05:00:00,131121.0,32.0,1.0,20.0,1.0,0.027,1.0,0.002,1.0,0.5,1.0,0.002,1.0,0.028,1.0,0.03,1.0,0.0,0.0,0.0,0.0,0.0,0.0,0.0,0.0
2023-02-13 06:00:00,DATAR1,2023-02-13 06:00:00,131121.0,18.0,1.0,18.0,1.0,0.038,1.0,0.001,1.0,0.5,1.0,0.002,1.0,0.019,1.0,0.021,1.0,0.0,0.0,0.0,0.0,0.0,0.0,0.0,0.0
2023-02-13 07:00:00,DATAR1,2023-02-13 07:00:00,131121.0,12.0,1.0,13.0,1.0,0.034,1.0,0.001,1.0,0.6,1.0,0.003,1.0,0.023,1.0,0.026,1.0,0.0,0.0,0.0,0.0,0.0,0.0,0.0,0.0
2023-02-13 08:00:00,DATAR1,2023-02-13 08:00:00,131121.0,9.0,1.0,10.0,1.0,0.034,1.0,0.001,1.0,0.6,1.0,0.003,1.0,0.022,1.0,0.024,1.0,0.0,0.0,0.0,0.0,0.0,0.0,0.0,0.0
2023-02-13 09:00:00,DATAR1,2023-02-13 09:00:00,131121.0,16.0,1.0,12.0,1.0,0.036,1.0,0.001,1.0,0.5,1.0,0.003,1.0,0.02,1.0,0.023,1.0,0.0,0.0,0.0,0.0,0.0,0.0,0.0,0.0
2023-02-13 10:00:00,DATAR1,2023-02-13 10:00:00,131121.0,18.0,1.0,14.0,1.0,0.031,1.0,0.002,1.0,0.5,1.0,0.005,1.0,0.026,1.0,0.031,1.0,0.0,0.0,0.0,0.0,0.0,0.0,0.0,0.0
2023-02-13 11:00:00,DATAR1,2023-02-13 11:00:00,131121.0,24.0,1.0,15.0,1.0,0.041,1.0,0.002,1.0,0.6,1.0,0.003,1.0,0.016,1.0,0.019,1.0,0.0,0.0,0.0,0.0,0.0,0.0,0.0,0.0
2023-02-13 12:00:00,DATAR1,2023-02-13 12:00:00,131121.0,23.0,1.0,15.0,1.0,0.043,1.0,0.002,1.0,0.5,1.0,0.003,1.0,0.016,1.0,0.018,1.0,0.0,0.0,0.0,0.0,0.0,0.0,0.0,0.0
2023-02-13 13:00:00,DATAR1,2023-02-13 13:00:00,131121.0,28.0,1.0,16.0,1.0,0.039,1.0,0.002,1.0,0.6,1.0,0.004,1.0,0.02,1.0,0.023,1.0,0.0,0.0,0.0,0.0,0.0,0.0,0.0,0.0
2023-02-13 14:00:00,DATAR1,2023-02-13 14:00:00,131121.0,30.0,1.0,15.0,1.0,0.038,1.0,0.002,1.0,0.5,1.0,0.004,1.0,0.02,1.0,0.024,1.0,0.0,0.0,0.0,0.0,0.0,0.0,0.0,0.0
2023-02-13 15:00:00,DATAR1,2023-02-13 15:00:00,131121.0,,3.0,,3.0,,3.0,,3.0,,3.0,,3.0,,3.0,,3.0,0.0,0.0,0.0,0.0,0.0,0.0,0.0,0.0
2023-02-13 16:00:00,DATAR1,2023-02-13 16:00:00,131121.0,29.0,1.0,16.0,1.0,0.041,1.0,0.001,1.0,0.4,1.0,0.002,1.0,0.016,1.0,0.019,1.0,0.0,0.0,0.0,0.0,0.0,0.0,0.0,0.0
2023-02-13 17:00:00,DATAR1,2023-02-13 17:00:00,131121.0,32.0,1.0,15.0,1.0,0.037,1.0,0.001,1.0,0.6,1.0,0.003,1.0,0.02,1.0,0.023,1.0,0.0,0.0,0.0,0.0,0.0,0.0,0.0,0.0
2023-02-13 18:00:00,DATAR1,2023-02-13 18:00:00,131121.0,27.0,1.0,18.0,1.0,0.035,1.0,0.001,1.0,0.6,1.0,0.003,1.0,0.022,1.0,0.025,1.0,0.0,0.0,0.0,0.0,0.0,0.0,0.0,0.0
2023-02-13 19:00:00,DATAR1,2023-02-13 19:00:00,131121.0,26.0,1.0,19.0,1.0,0.03,1.0,0.001,1.0,0.5,1.0,0.003,1.0,0.024,1.0,0.027,1.0,0.0,0.0,0.0,0.0,0.0,0.0,0.0,0.0
2023-02-13 20:00:00,DATAR1,2023-02-13 20:00:00,131121.0,40.0,1.0,17.0,1.0,0.026,1.0,0.001,1.0,0.5,1.0,0.004,1.0,0.027,1.0,0.031,1.0,0.0,0.0,0.0,0.0,0.0,0.0,0.0,0.0
2023-02-13 21:00:00,DATAR1,2023-02-13 21:00:00,131121.0,25.0,1.0,17.0,1.0,0.026,1.0,0.001,1.0,0.5,1.0,0.002,1.0,0.026,1.0,0.029,1.0,0.0,0.0,0.0,0.0,0.0,0.0,0.0,0.0
2023-02-13 22:00:00,DATAR1,2023-02-13 22:00:00,131121.0,20.0,1.0,17.0,1.0,0.026,1.0,0.001,1.0,0.5,1.0,0.003,1.0,0.026,1.0,0.028,1.0,0.0,0.0,0.0,0.0,0.0,0.0,0.0,0.0
2023-02-13 23:00:00,DATAR1,2023-02-13 23:00:00,131121.0,20.0,1.0,12.0,1.0,0.026,1.0,0.001,1.0,0.5,1.0,0.002,1.0,0.024,1.0,0.026,1.0,0.0,0.0,0.0,0.0,0.0,0.0,0.0,0.0
2023-02-14 00:00:00,DATAR1,2023-02-14 00:00:00,131121.0,15.0,1.0,10.0,1.0,0.03,1.0,0.001,1.0,0.5,1.0,0.002,1.0,0.021,1.0,0.023,1.0,0.0,0.0,0.0,0.0,0.0,0.0,0.0,0.0
2023-02-14 01:00:00,DATAR1,2023-02-14 01:00:00,131121.0,20.0,1.0,11.0,1.0,0.028,1.0,0.001,1.0,0.5,1.0,0.003,1.0,0.02,1.0,0.023,1.0,0.0,0.0,0.0,0.0,0.0,0.0,0.0,0.0
2023-02-14 02:00:00,DATAR1,2023-02-14 02:00:00,131121.0,15.0,1.0,13.0,1.0,0.028,1.0,0.001,1.0,0.6,1.0,0.002,1.0,0.02,1.0,0.022,1.0,0.0,0.0,0.0,0.0,0.0,0.0,0.0,0.0
2023-02-14 03:00:00,DATAR1,2023-02-14 03:00:00,131121.0,18.0,1.0,12.0,1.0,0.024,1.0,0.001,1.0,0.6,1.0,0.002,1.0,0.022,1.0,0.024,1.0,0.0,0.0,0.0,0.0,0.0,0.0,0.0,0.0
2023-02-14 04:00:00,DATAR1,2023-02-14 04:00:00,131121.0,43.0,1.0,20.0,1.0,0.019,1.0,0.002,1.0,0.8,1.0,0.002,1.0,0.028,1.0,0.03,1.0,0.0,0.0,0.0,0.0,0.0,0.0,0.0,0.0
2023-02-14 05:00:00,DATAR1,2023-02-14 05:00:00,131121.0,55.0,1.0,32.0,1.0,0.022,1.0,0.002,1.0,0.6,1.0,0.003,1.0,0.024,1.0,0.027,1.0,0.0,0.0,0.0,0.0,0.0,0.0,0.0,0.0
2023-02-14 06:00:00,DATAR1,2023-02-14 06:00:00,131121.0,44.0,1.0,34.0,1.0,0.022,1.0,0.002,1.0,0.5,1.0,0.002,1.0,0.024,1.0,0.026,1.0,0.0,0.0,0.0,0.0,0.0,0.0,0.0,0.0
2023-02-14 07:00:00,DATAR1,2023-02-14 07:00:00,131121.0,39.0,1.0,31.0,1.0,0.015,1.0,0.002,1.0,0.5,1.0,0.003,1.0,0.033,1.0,0.036,1.0,0.0,0.0,0.0,0.0,0.0,0.0,0.0,0.0
2023-02-14 08:00:00,DATAR1,2023-02-14 08:00:00,131121.0,34.0,1.0,29.0,1.0,0.005,1.0,0.002,1.0,0.6,1.0,0.015,1.0,0.045,1.0,0.06,1.0,0.0,0.0,0.0,0.0,0.0,0.0,0.0,0.0
2023-02-14 09:00:00,DATAR1,2023-02-14 09:00:00,131121.0,41.0,1.0,26.0,1.0,0.014,1.0,0.002,1.0,0.6,1.0,0.012,1.0,0.034,1.0,0.045,1.0,0.0,0.0,0.0,0.0,0.0,0.0,0.0,0.0
2023-02-14 10:00:00,DATAR1,2023-02-14 10:00:00,131121.0,40.0,1.0,28.0,1.0,0.021,1.0,0.002,1.0,0.6,1.0,0.01,1.0,0.029,1.0,0.039,1.0,0.0,0.0,0.0,0.0,0.0,0.0,0.0,0.0
2023-02-14 11:00:00,DATAR1,2023-02-14 11:00:00,131121.0,41.0,1.0,29.0,1.0,0.022,1.0,0.002,1.0,0.6,1.0,0.012,1.0,0.027,1.0,0.039,1.0,0.0,0.0,0.0,0.0,0.0,0.0,0.0,0.0
2023-02-14 12:00:00,DATAR1,2023-02-14 12:00:00,131121.0,43.0,1.0,28.0,1.0,0.026,1.0,0.002,1.0,0.6,1.0,0.011,1.0,0.025,1.0,0.036,1.0,0.0,0.0,0.0,0.0,0.0,0.0,0.0,0.0
2023-02-14 13:00:00,DATAR1,2023-02-14 13:00:00,131121.0,46.0,1.0,27.0,1.0,0.028,1.0,0.002,1.0,0.5,1.0,0.011,1.0,0.025,1.0,0.036,1.0,0.0,0.0,0.0,0.0,0.0,0.0,0.0,0.0
2023-02-14 14:00:00,DATAR1,2023-02-14 14:00:00,131121.0,49.0,1.0,26.0,1.0,0.03,1.0,0.002,1.0,0.5,1.0,0.009,1.0,0.024,1.0,0.034,1.0,0.0,0.0,0.0,0.0,0.0,0.0,0.0,0.0
2023-02-14 15:00:00,DATAR1,2023-02-14 15:00:00,131121.0,43.0,1.0,25.0,1.0,0.03,1.0,0.002,1.0,0.6,1.0,0.008,1.0,0.025,1.0,0.033,1.0,0.0,0.0,0.0,0.0,0.0,0.0,0.0,0.0
2023-02-14 16:00:00,DATAR1,2023-02-14 16:00:00,131121.0,53.0,1.0,23.0,1.0,0.032,1.0,0.002,1.0,0.5,1.0,0.006,1.0,0.024,1.0,0.03,1.0,0.0,0.0,0.0,0.0,0.0,0.0,0.0,0.0
2023-02-14 17:00:00,DATAR1,2023-02-14 17:00:00,131121.0,44.0,1.0,26.0,1.0,0.032,1.0,0.002,1.0,0.5,1.0,0.005,1.0,0.025,1.0,0.03,1.0,0.0,0.0,0.0,0.0,0.0,0.0,0.0,0.0
2023-02-14 18:00:00,DATAR1,2023-02-14 18:00:00,131121.0,52.0,1.0,24.0,1.0,0.031,1.0,0.002,1.0,0.5,1.0,0.004,1.0,0.026,1.0,0.03,1.0,0.0,0.0,0.0,0.0,0.0,0.0,0.0,0.0
2023-02-14 19:00:00,DATAR1,2023-02-14 19:00:00,131121.0,38.0,1.0,25.0,1.0,0.027,1.0,0.002,1.0,0.6,1.0,0.003,1.0,0.028,1.0,0.031,1.0,0.0,0.0,0.0,0.0,0.0,0.0,0.0,0.0
2023-02-14 20:00:00,DATAR1,2023-02-14 20:00:00,131121.0,24.0,1.0,22.0,1.0,0.022,1.0,0.002,1.0,0.5,1.0,0.003,1.0,0.03,1.0,0.033,1.0,0.0,0.0,0.0,0.0,0.0,0.0,0.0,0.0
2023-02-14 21:00:00,DATAR1,2023-02-14 21:00:00,131121.0,19.0,1.0,18.0,1.0,0.029,1.0,0.002,1.0,0.3,1.0,0.003,1.0,0.019,1.0,0.022,1.0,0.0,0.0,0.0,0.0,0.0,0.0,0.0,0.0
2023-02-14 22:00:00,DATAR1,2023-02-14 22:00:00,131121.0,10.0,1.0,18.0,1.0,0.033,1.0,0.001,1.0,0.3,1.0,0.002,1.0,0.015,1.0,0.017,1.0,0.0,0.0,0.0,0.0,0.0,0.0,0.0,0.0
2023-02-14 23:00:00,DATAR1,2023-02-14 23:00:00,131121.0,6.0,1.0,15.0,1.0,0.034,1.0,0.001,1.0,0.3,1.0,0.002,1.0,0.014,1.0,0.016,1.0,0.0,0.0,0.0,0.0,0.0,0.0,0.0,0.0
2023-02-15 00:00:00,DATAR1,2023-02-15 00:00:00,131121.0,7.0,1.0,10.0,1.0,0.035,1.0,0.001,1.0,0.3,1.0,0.002,1.0,0.013,1.0,0.015,1.0,0.0,0.0,0.0,0.0,0.0,0.0,0.0,0.0
2023-02-15 01:00:00,DATAR1,2023-02-15 01:00:00,131121.0,5.0,1.0,8.0,1.0,0.036,1.0,0.001,1.0,0.4,1.0,0.002,1.0,0.012,1.0,0.014,1.0,0.0,0.0,0.0,0.0,0.0,0.0,0.0,0.0
2023-02-15 02:00:00,DATAR1,2023-02-15 02:00:00,131121.0,7.0,1.0,8.0,1.0,0.036,1.0,0.001,1.0,0.3,1.0,0.002,1.0,0.011,1.0,0.013,1.0,0.0,0.0,0.0,0.0,0.0,0.0,0.0,0.0
2023-02-15 03:00:00,DATAR1,2023-02-15 03:00:00,131121.0,8.0,1.0,6.0,1.0,0.035,1.0,0.001,1.0,0.4,1.0,0.002,1.0,0.011,1.0,0.013,1.0,0.0,0.0,0.0,0.0,0.0,0.0,0.0,0.0
2023-02-15 04:00:00,DATAR1,2023-02-15 04:00:00,131121.0,2.0,1.0,7.0,1.0,0.036,1.0,0.001,1.0,0.4,1.0,0.002,1.0,0.01,1.0,0.012,1.0,0.0,0.0,0.0,0.0,0.0,0.0,0.0,0.0
2023-02-15 05:00:00,DATAR1,2023-02-15 05:00:00,131121.0,12.0,1.0,8.0,1.0,0.035,1.0,0.001,1.0,0.3,1.0,0.002,1.0,0.011,1.0,0.013,1.0,0.0,0.0,0.0,0.0,0.0,0.0,0.0,0.0
2023-02-15 06:00:00,DATAR1,2023-02-15 06:00:00,131121.0,8.0,1.0,6.0,1.0,0.034,1.0,0.001,1.0,0.3,1.0,0.002,1.0,0.012,1.0,0.014,1.0,0.0,0.0,0.0,0.0,0.0,0.0,0.0,0.0
2023-02-15 07:00:00,DATAR1,2023-02-15 07:00:00,131121.0,8.0,1.0,6.0,1.0,0.032,1.0,0.001,1.0,0.3,1.0,0.003,1.0,0.013,1.0,0.015,1.0,0.0,0.0,0.0,0.0,0.0,0.0,0.0,0.0
2023-02-15 08:00:00,DATAR1,2023-02-15 08:00:00,131121.0,16.0,1.0,7.0,1.0,0.03,1.0,0.001,1.0,0.2,1.0,0.003,1.0,0.017,1.0,0.019,1.0,0.0,0.0,0.0,0.0,0.0,0.0,0.0,0.0
2023-02-15 09:00:00,DATAR1,2023-02-15 09:00:00,131121.0,8.0,1.0,6.0,1.0,0.025,1.0,0.001,1.0,0.2,1.0,0.005,1.0,0.022,1.0,0.027,1.0,0.0,0.0,0.0,0.0,0.0,0.0,0.0,0.0
2023-02-15 10:00:00,DATAR1,2023-02-15 10:00:00,131121.0,4.0,1.0,6.0,1.0,0.031,1.0,0.001,1.0,0.3,1.0,0.004,1.0,0.015,1.0,0.02,1.0,0.0,0.0,0.0,0.0,0.0,0.0,0.0,0.0
2023-02-15 11:00:00,DATAR1,2023-02-15 11:00:00,131121.0,12.0,1.0,8.0,1.0,0.035,1.0,0.001,1.0,0.3,1.0,0.003,1.0,0.012,1.0,0.014,1.0,0.0,0.0,0.0,0.0,0.0,0.0,0.0,0.0
2023-02-15 12:00:00,DATAR1,2023-02-15 12:00:00,131121.0,14.0,1.0,9.0,1.0,0.036,1.0,0.001,1.0,0.3,1.0,0.003,1.0,0.012,1.0,0.014,1.0,0.0,0.0,0.0,0.0,0.0,0.0,0.0,0.0
2023-02-15 13:00:00,DATAR1,2023-02-15 13:00:00,131121.0,17.0,1.0,8.0,1.0,0.038,1.0,0.001,1.0,0.3,1.0,0.003,1.0,0.012,1.0,0.015,1.0,0.0,0.0,0.0,0.0,0.0,0.0,0.0,0.0
2023-02-15 14:00:00,DATAR1,2023-02-15 14:00:00,131121.0,16.0,1.0,6.0,1.0,0.04,1.0,0.001,1.0,0.3,1.0,0.003,1.0,0.012,1.0,0.016,1.0,0.0,0.0,0.0,0.0,0.0,0.0,0.0,0.0
2023-02-15 15:00:00,DATAR1,2023-02-15 15:00:00,131121.0,11.0,1.0,8.0,1.0,0.041,1.0,0.001,1.0,0.4,1.0,0.003,1.0,0.012,1.0,0.015,1.0,0.0,0.0,0.0,0.0,0.0,0.0,0.0,0.0
2023-02-15 16:00:00,DATAR1,2023-02-15 16:00:00,131121.0,19.0,1.0,10.0,1.0,0.04,1.0,0.001,1.0,0.4,1.0,0.003,1.0,0.014,1.0,0.017,1.0,0.0,0.0,0.0,0.0,0.0,0.0,0.0,0.0
2023-02-15 17:00:00,DATAR1,2023-02-15 17:00:00,131121.0,28.0,1.0,11.0,1.0,0.039,1.0,0.001,1.0,0.4,1.0,0.003,1.0,0.016,1.0,0.019,1.0,0.0,0.0,0.0,0.0,0.0,0.0,0.0,0.0
2023-02-15 18:00:00,DATAR1,2023-02-15 18:00:00,131121.0,29.0,1.0,15.0,1.0,0.036,1.0,0.001,1.0,0.4,1.0,0.003,1.0,0.018,1.0,0.021,1.0,0.0,0.0,0.0,0.0,0.0,0.0,0.0,0.0
2023-02-15 19:00:00,DATAR1,2023-02-15 19:00:00,131121.0,23.0,1.0,16.0,1.0,0.029,1.0,0.001,1.0,0.4,1.0,0.008,1.0,0.027,1.0,0.034,1.0,0.0,0.0,0.0,0.0,0.0,0.0,0.0,0.0
2023-02-15 20:00:00,DATAR1,2023-02-15 20:00:00,131121.0,22.0,1.0,18.0,1.0,0.019,1.0,0.001,1.0,0.4,1.0,0.004,1.0,0.037,1.0,0.041,1.0,0.0,0.0,0.0,0.0,0.0,0.0,0.0,0.0
2023-02-15 21:00:00,DATAR1,2023-02-15 21:00:00,131121.0,24.0,1.0,20.0,1.0,0.014,1.0,0.001,1.0,0.6,1.0,0.003,1.0,0.041,1.0,0.044,1.0,0.0,0.0,0.0,0.0,0.0,0.0,0.0,0.0
2023-02-15 22:00:00,DATAR1,2023-02-15 22:00:00,131121.0,19.0,1.0,23.0,1.0,0.009,1.0,0.002,1.0,0.6,1.0,0.012,1.0,0.048,1.0,0.06,1.0,0.0,0.0,0.0,0.0,0.0,0.0,0.0,0.0
2023-02-15 23:00:00,DATAR1,2023-02-15 23:00:00,131121.0,20.0,1.0,20.0,1.0,0.007,1.0,0.002,1.0,0.6,1.0,0.006,1.0,0.049,1.0,0.055,1.0,0.0,0.0,0.0,0.0,0.0,0.0,0.0,0.0
2023-02-16 00:00:00,DATAR1,2023-02-16 00:00:00,131121.0,23.0,1.0,21.0,1.0,0.003,1.0,0.002,1.0,0.6,1.0,0.007,1.0,0.053,1.0,0.06,1.0,0.0,0.0,0.0,0.0,0.0,0.0,0.0,0.0
2023-02-16 01:00:00,DATAR1,2023-02-16 01:00:00,131121.0,31.0,1.0,21.0,1.0,0.017,1.0,0.001,1.0,0.4,1.0,0.004,1.0,0.032,1.0,0.036,1.0,0.0,0.0,0.0,0.0,0.0,0.0,0.0,0.0
2023-02-16 02:00:00,DATAR1,2023-02-16 02:00:00,131121.0,28.0,1.0,21.0,1.0,0.024,1.0,0.001,1.0,0.4,1.0,0.003,1.0,0.022,1.0,0.024,1.0,0.0,0.0,0.0,0.0,0.0,0.0,0.0,0.0
2023-02-16 03:00:00,DATAR1,2023-02-16 03:00:00,131121.0,17.0,1.0,18.0,1.0,0.022,1.0,0.001,1.0,0.4,1.0,0.002,1.0,0.022,1.0,0.025,1.0,0.0,0.0,0.0,0.0,0.0,0.0,0.0,0.0
2023-02-16 04:00:00,DATAR1,2023-02-16 04:00:00,131121.0,22.0,1.0,17.0,1.0,0.02,1.0,0.001,1.0,0.4,1.0,0.002,1.0,0.024,1.0,0.026,1.0,0.0,0.0,0.0,0.0,0.0,0.0,0.0,0.0
2023-02-16 05:00:00,DATAR1,2023-02-16 05:00:00,131121.0,18.0,1.0,13.0,1.0,0.021,1.0,0.001,1.0,0.4,1.0,0.002,1.0,0.022,1.0,0.024,1.0,0.0,0.0,0.0,0.0,0.0,0.0,0.0,0.0
2023-02-16 06:00:00,DATAR1,2023-02-16 06:00:00,131121.0,16.0,1.0,14.0,1.0,0.017,1.0,0.001,1.0,0.4,1.0,0.003,1.0,0.026,1.0,0.029,1.0,0.0,0.0,0.0,0.0,0.0,0.0,0.0,0.0
2023-02-16 07:00:00,DATAR1,2023-02-16 07:00:00,131121.0,17.0,1.0,14.0,1.0,0.015,1.0,0.001,1.0,0.4,1.0,0.004,1.0,0.028,1.0,0.032,1.0,0.0,0.0,0.0,0.0,0.0,0.0,0.0,0.0
2023-02-16 08:00:00,DATAR1,2023-02-16 08:00:00,131121.0,21.0,1.0,16.0,1.0,0.012,1.0,0.001,1.0,0.4,1.0,0.005,1.0,0.031,1.0,0.036,1.0,0.0,0.0,0.0,0.0,0.0,0.0,0.0,0.0
2023-02-16 09:00:00,DATAR1,2023-02-16 09:00:00,131121.0,20.0,1.0,18.0,1.0,0.009,1.0,0.001,1.0,0.5,1.0,0.015,1.0,0.036,1.0,0.051,1.0,0.0,0.0,0.0,0.0,0.0,0.0,0.0,0.0
2023-02-16 10:00:00,DATAR1,2023-02-16 10:00:00,131121.0,28.0,1.0,22.0,1.0,0.025,1.0,0.002,1.0,0.5,1.0,0.005,1.0,0.025,1.0,0.03,1.0,0.0,0.0,0.0,0.0,0.0,0.0,0.0,0.0
2023-02-16 11:00:00,DATAR1,2023-02-16 11:00:00,131121.0,26.0,1.0,23.0,1.0,0.027,1.0,0.002,1.0,0.4,1.0,0.005,1.0,0.025,1.0,0.03,1.0,0.0,0.0,0.0,0.0,0.0,0.0,0.0,0.0
2023-02-16 12:00:00,DATAR1,2023-02-16 12:00:00,131121.0,28.0,1.0,23.0,1.0,0.032,1.0,0.002,1.0,0.4,1.0,0.005,1.0,0.022,1.0,0.026,1.0,0.0,0.0,0.0,0.0,0.0,0.0,0.0,0.0
2023-02-16 13:00:00,DATAR1,2023-02-16 13:00:00,131121.0,27.0,1.0,21.0,1.0,0.035,1.0,0.002,1.0,0.4,1.0,0.004,1.0,0.019,1.0,0.024,1.0,0.0,0.0,0.0,0.0,0.0,0.0,0.0,0.0
2023-02-16 14:00:00,DATAR1,2023-02-16 14:00:00,131121.0,30.0,1.0,20.0,1.0,0.035,1.0,0.002,1.0,0.4,1.0,0.004,1.0,0.019,1.0,0.024,1.0,0.0,0.0,0.0,0.0,0.0,0.0,0.0,0.0
2023-02-16 15:00:00,DATAR1,2023-02-16 15:00:00,131121.0,34.0,1.0,17.0,1.0,0.037,1.0,0.002,1.0,0.4,1.0,0.004,1.0,0.018,1.0,0.022,1.0,0.0,0.0,0.0,0.0,0.0,0.0,0.0,0.0
2023-02-16 16:00:00,DATAR1,2023-02-16 16:00:00,131121.0,27.0,1.0,14.0,1.0,0.039,1.0,0.002,1.0,0.4,1.0,0.004,1.0,0.018,1.0,0.021,1.0,0.0,0.0,0.0,0.0,0.0,0.0,0.0,0.0
2023-02-16 17:00:00,DATAR1,2023-02-16 17:00:00,131121.0,30.0,1.0,13.0,1.0,0.039,1.0,0.002,1.0,0.3,1.0,0.003,1.0,0.019,1.0,0.022,1.0,0.0,0.0,0.0,0.0,0.0,0.0,0.0,0.0
2023-02-16 18:00:00,DATAR1,2023-02-16 18:00:00,131121.0,19.0,1.0,12.0,1.0,0.037,1.0,0.002,1.0,0.3,1.0,0.003,1.0,0.022,1.0,0.025,1.0,0.0,0.0,0.0,0.0,0.0,0.0,0.0,0.0
2023-02-16 19:00:00,DATAR1,2023-02-16 19:00:00,131121.0,25.0,1.0,14.0,1.0,0.033,1.0,0.001,1.0,0.4,1.0,0.003,1.0,0.024,1.0,0.026,1.0,0.0,0.0,0.0,0.0,0.0,0.0,0.0,0.0
2023-02-16 20:00:00,DATAR1,2023-02-16 20:00:00,131121.0,17.0,1.0,16.0,1.0,0.033,1.0,0.001,1.0,0.4,1.0,0.003,1.0,0.024,1.0,0.027,1.0,0.0,0.0,0.0,0.0,0.0,0.0,0.0,0.0
2023-02-16 21:00:00,DATAR1,2023-02-16 21:00:00,131121.0,18.0,1.0,18.0,1.0,0.034,1.0,0.001,1.0,0.5,1.0,0.003,1.0,0.023,1.0,0.026,1.0,0.0,0.0,0.0,0.0,0.0,0.0,0.0,0.0
2023-02-16 22:00:00,DATAR1,2023-02-16 22:00:00,131121.0,22.0,1.0,18.0,1.0,0.036,1.0,0.001,1.0,0.4,1.0,0.002,1.0,0.021,1.0,0.023,1.0,0.0,0.0,0.0,0.0,0.0,0.0,0.0,0.0
2023-02-16 23:00:00,DATAR1,2023-02-16 23:00:00,131121.0,16.0,1.0,18.0,1.0,0.035,1.0,0.001,1.0,0.4,1.0,0.002,1.0,0.022,1.0,0.024,1.0,0.0,0.0,0.0,0.0,0.0,0.0,0.0,0.0
2023-02-17 00:00:00,DATAR1,2023-02-17 00:00:00,131121.0,18.0,1.0,13.0,1.0,0.023,1.0,0.001,1.0,0.4,1.0,0.002,1.0,0.034,1.0,0.036,1.0,0.0,0.0,0.0,0.0,0.0,0.0,0.0,0.0
2023-02-17 01:00:00,DATAR1,2023-02-17 01:00:00,131121.0,24.0,1.0,15.0,1.0,0.024,1.0,0.001,1.0,0.4,1.0,0.002,1.0,0.03,1.0,0.032,1.0,0.0,0.0,0.0,0.0,0.0,0.0,0.0,0.0
2023-02-17 02:00:00,DATAR1,2023-02-17 02:00:00,131121.0,24.0,1.0,18.0,1.0,0.015,1.0,0.001,1.0,0.4,1.0,0.002,1.0,0.038,1.0,0.041,1.0,0.0,0.0,0.0,0.0,0.0,0.0,0.0,0.0
2023-02-17 03:00:00,DATAR1,2023-02-17 03:00:00,131121.0,27.0,1.0,22.0,1.0,0.007,1.0,0.001,1.0,0.6,1.0,0.004,1.0,0.045,1.0,0.048,1.0,0.0,0.0,0.0,0.0,0.0,0.0,0.0,0.0
2023-02-17 04:00:00,DATAR1,2023-02-17 04:00:00,131121.0,24.0,1.0,20.0,1.0,0.013,1.0,0.001,1.0,0.5,1.0,0.003,1.0,0.038,1.0,0.04,1.0,0.0,0.0,0.0,0.0,0.0,0.0,0.0,0.0
2023-02-17 05:00:00,DATAR1,2023-02-17 05:00:00,131121.0,15.0,1.0,23.0,1.0,0.009,1.0,0.001,1.0,0.5,1.0,0.003,1.0,0.042,1.0,0.045,1.0,0.0,0.0,0.0,0.0,0.0,0.0,0.0,0.0
2023-02-17 06:00:00,DATAR1,2023-02-17 06:00:00,131121.0,24.0,1.0,23.0,1.0,0.006,1.0,0.001,1.0,0.5,1.0,0.006,1.0,0.045,1.0,0.05,1.0,0.0,0.0,0.0,0.0,0.0,0.0,0.0,0.0
2023-02-17 07:00:00,DATAR1,2023-02-17 07:00:00,131121.0,20.0,1.0,23.0,1.0,0.007,1.0,0.002,1.0,0.5,1.0,0.027,1.0,0.048,1.0,0.075,1.0,0.0,0.0,0.0,0.0,0.0,0.0,0.0,0.0
2023-02-17 08:00:00,DATAR1,2023-02-17 08:00:00,131121.0,23.0,1.0,26.0,1.0,0.005,1.0,0.002,1.0,0.5,1.0,0.014,1.0,0.048,1.0,0.062,1.0,0.0,0.0,0.0,0.0,0.0,0.0,0.0,0.0
2023-02-17 09:00:00,DATAR1,2023-02-17 09:00:00,131121.0,25.0,1.0,26.0,1.0,0.008,1.0,0.002,1.0,0.6,1.0,0.019,1.0,0.047,1.0,0.066,1.0,0.0,0.0,0.0,0.0,0.0,0.0,0.0,0.0
2023-02-17 10:00:00,DATAR1,2023-02-17 10:00:00,131121.0,22.0,1.0,27.0,1.0,0.02,1.0,0.002,1.0,0.5,1.0,0.012,1.0,0.035,1.0,0.047,1.0,0.0,0.0,0.0,0.0,0.0,0.0,0.0,0.0
2023-02-17 11:00:00,DATAR1,2023-02-17 11:00:00,131121.0,25.0,1.0,27.0,1.0,0.031,1.0,0.002,1.0,0.4,1.0,0.007,1.0,0.026,1.0,0.033,1.0,0.0,0.0,0.0,0.0,0.0,0.0,0.0,0.0
2023-02-17 12:00:00,DATAR1,2023-02-17 12:00:00,131121.0,20.0,1.0,28.0,1.0,0.035,1.0,0.002,1.0,0.4,1.0,0.007,1.0,0.024,1.0,0.031,1.0,0.0,0.0,0.0,0.0,0.0,0.0,0.0,0.0
2023-02-17 13:00:00,DATAR1,2023-02-17 13:00:00,131121.0,24.0,1.0,22.0,1.0,0.042,1.0,0.002,1.0,0.4,1.0,0.005,1.0,0.021,1.0,0.026,1.0,0.0,0.0,0.0,0.0,0.0,0.0,0.0,0.0
2023-02-17 14:00:00,DATAR1,2023-02-17 14:00:00,131121.0,30.0,1.0,20.0,1.0,0.044,1.0,0.002,1.0,0.5,1.0,0.005,1.0,0.022,1.0,0.027,1.0,0.0,0.0,0.0,0.0,0.0,0.0,0.0,0.0
2023-02-17 15:00:00,DATAR1,2023-02-17 15:00:00,131121.0,44.0,1.0,25.0,1.0,0.042,1.0,0.002,1.0,0.6,1.0,0.005,1.0,0.026,1.0,0.031,1.0,0.0,0.0,0.0,0.0,0.0,0.0,0.0,0.0
2023-02-17 16:00:00,DATAR1,2023-02-17 16:00:00,131121.0,45.0,1.0,30.0,1.0,0.037,1.0,0.002,1.0,0.6,1.0,0.006,1.0,0.032,1.0,0.038,1.0,0.0,0.0,0.0,0.0,0.0,0.0,0.0,0.0
2023-02-17 17:00:00,DATAR1,2023-02-17 17:00:00,131121.0,61.0,1.0,33.0,1.0,0.03,1.0,0.002,1.0,0.6,1.0,0.006,1.0,0.039,1.0,0.045,1.0,0.0,0.0,0.0,0.0,0.0,0.0,0.0,0.0
2023-02-17 18:00:00,DATAR1,2023-02-17 18:00:00,131121.0,66.0,1.0,35.0,1.0,0.024,1.0,0.002,1.0,0.6,1.0,0.004,1.0,0.046,1.0,0.051,1.0,0.0,0.0,0.0,0.0,0.0,0.0,0.0,0.0
2023-02-17 19:00:00,DATAR1,2023-02-17 19:00:00,131121.0,67.0,1.0,41.0,1.0,0.019,1.0,0.002,1.0,0.6,1.0,0.004,1.0,0.053,1.0,0.056,1.0,0.0,0.0,0.0,0.0,0.0,0.0,0.0,0.0
2023-02-17 20:00:00,DATAR1,2023-02-17 20:00:00,131121.0,57.0,1.0,51.0,1.0,0.012,1.0,0.002,1.0,0.6,1.0,0.004,1.0,0.059,1.0,0.063,1.0,0.0,0.0,0.0,0.0,0.0,0.0,0.0,0.0
2023-02-17 21:00:00,DATAR1,2023-02-17 21:00:00,131121.0,60.0,1.0,54.0,1.0,0.003,1.0,0.002,1.0,0.7,1.0,0.006,1.0,0.07,1.0,0.076,1.0,0.0,0.0,0.0,0.0,0.0,0.0,0.0,0.0
2023-02-17 22:00:00,DATAR1,2023-02-17 22:00:00,131121.0,58.0,1.0,50.0,1.0,0.002,1.0,0.002,1.0,0.8,1.0,0.014,1.0,0.071,1.0,0.085,1.0,0.0,0.0,0.0,0.0,0.0,0.0,0.0,0.0
2023-02-17 23:00:00,DATAR1,2023-02-17 23:00:00,131121.0,57.0,1.0,50.0,1.0,0.002,1.0,0.002,1.0,0.8,1.0,0.016,1.0,0.069,1.0,0.085,1.0,0.0,0.0,0.0,0.0,0.0,0.0,0.0,0.0
2023-02-18 00:00:00,DATAR1,2023-02-18 00:00:00,131121.0,50.0,1.0,54.0,1.0,0.001,1.0,0.002,1.0,0.8,1.0,0.021,1.0,0.07,1.0,0.09,1.0,0.0,0.0,0.0,0.0,0.0,0.0,0.0,0.0
2023-02-18 01:00:00,DATAR1,2023-02-18 01:00:00,131121.0,62.0,1.0,55.0,1.0,0.002,1.0,0.002,1.0,0.9,1.0,0.024,1.0,0.067,1.0,0.091,1.0,0.0,0.0,0.0,0.0,0.0,0.0,0.0,0.0
2023-02-18 02:00:00,DATAR1,2023-02-18 02:00:00,131121.0,75.0,1.0,55.0,1.0,0.005,1.0,0.002,1.0,0.8,1.0,0.005,1.0,0.059,1.0,0.064,1.0,0.0,0.0,0.0,0.0,0.0,0.0,0.0,0.0
2023-02-18 03:00:00,DATAR1,2023-02-18 03:00:00,131121.0,70.0,1.0,57.0,1.0,0.002,1.0,0.002,1.0,0.8,1.0,0.02,1.0,0.062,1.0,0.082,1.0,0.0,0.0,0.0,0.0,0.0,0.0,0.0,0.0
2023-02-18 04:00:00,DATAR1,2023-02-18 04:00:00,131121.0,61.0,1.0,56.0,1.0,0.002,1.0,0.002,1.0,0.8,1.0,0.015,1.0,0.061,1.0,0.076,1.0,0.0,0.0,0.0,0.0,0.0,0.0,0.0,0.0
2023-02-18 05:00:00,DATAR1,2023-02-18 05:00:00,131121.0,58.0,1.0,57.0,1.0,0.002,1.0,0.002,1.0,0.8,1.0,0.016,1.0,0.058,1.0,0.074,1.0,0.0,0.0,0.0,0.0,0.0,0.0,0.0,0.0
2023-02-18 06:00:00,DATAR1,2023-02-18 06:00:00,131121.0,54.0,1.0,53.0,1.0,0.001,1.0,0.002,1.0,0.8,1.0,0.011,1.0,0.057,1.0,0.069,1.0,0.0,0.0,0.0,0.0,0.0,0.0,0.0,0.0
2023-02-18 07:00:00,DATAR1,2023-02-18 07:00:00,131121.0,54.0,1.0,54.0,1.0,0.001,1.0,0.002,1.0,0.8,1.0,0.023,1.0,0.057,1.0,0.08,1.0,0.0,0.0,0.0,0.0,0.0,0.0,0.0,0.0
2023-02-18 08:00:00,DATAR1,2023-02-18 08:00:00,131121.0,48.0,1.0,52.0,1.0,0.002,1.0,0.002,1.0,0.7,1.0,0.017,1.0,0.055,1.0,0.072,1.0,0.0,0.0,0.0,0.0,0.0,0.0,0.0,0.0
2023-02-18 09:00:00,DATAR1,2023-02-18 09:00:00,131121.0,64.0,1.0,53.0,1.0,0.002,1.0,0.003,1.0,0.8,1.0,0.052,1.0,0.06,1.0,0.112,1.0,0.0,0.0,0.0,0.0,0.0,0.0,0.0,0.0
2023-02-18 10:00:00,DATAR1,2023-02-18 10:00:00,131121.0,76.0,1.0,57.0,1.0,0.003,1.0,0.003,1.0,0.9,1.0,0.073,1.0,0.065,1.0,0.138,1.0,0.0,0.0,0.0,0.0,0.0,0.0,0.0,0.0
2023-02-18 11:00:00,DATAR1,2023-02-18 11:00:00,131121.0,69.0,1.0,56.0,1.0,0.005,1.0,0.003,1.0,0.8,1.0,0.062,1.0,0.062,1.0,0.124,1.0,0.0,0.0,0.0,0.0,0.0,0.0,0.0,0.0
2023-02-18 12:00:00,DATAR1,2023-02-18 12:00:00,131121.0,76.0,1.0,60.0,1.0,0.005,1.0,0.003,1.0,0.8,1.0,0.059,1.0,0.063,1.0,0.122,1.0,0.0,0.0,0.0,0.0,0.0,0.0,0.0,0.0
2023-02-18 13:00:00,DATAR1,2023-02-18 13:00:00,131121.0,75.0,1.0,61.0,1.0,0.007,1.0,0.003,1.0,0.8,1.0,0.043,1.0,0.062,1.0,0.106,1.0,0.0,0.0,0.0,0.0,0.0,0.0,0.0,0.0
2023-02-18 14:00:00,DATAR1,2023-02-18 14:00:00,131121.0,,2.0,68.0,1.0,0.009,1.0,0.003,1.0,0.7,1.0,0.035,1.0,0.062,1.0,0.096,1.0,0.0,0.0,0.0,0.0,0.0,0.0,0.0,0.0
2023-02-18 15:00:00,DATAR1,2023-02-18 15:00:00,131121.0,76.0,1.0,64.0,1.0,0.008,1.0,0.002,1.0,0.7,1.0,0.022,1.0,0.06,1.0,0.081,1.0,0.0,0.0,0.0,0.0,0.0,0.0,0.0,0.0
2023-02-18 16:00:00,DATAR1,2023-02-18 16:00:00,131121.0,79.0,1.0,64.0,1.0,0.012,1.0,0.002,1.0,0.7,1.0,0.018,1.0,0.057,1.0,0.075,1.0,0.0,0.0,0.0,0.0,0.0,0.0,0.0,0.0
2023-02-18 17:00:00,DATAR1,2023-02-18 17:00:00,131121.0,80.0,1.0,60.0,1.0,0.008,1.0,0.002,1.0,0.6,1.0,0.015,1.0,0.062,1.0,0.077,1.0,0.0,0.0,0.0,0.0,0.0,0.0,0.0,0.0
2023-02-18 18:00:00,DATAR1,2023-02-18 18:00:00,131121.0,79.0,1.0,66.0,1.0,0.004,1.0,0.002,1.0,0.7,1.0,0.013,1.0,0.064,1.0,0.077,1.0,0.0,0.0,0.0,0.0,0.0,0.0,0.0,0.0
2023-02-18 19:00:00,DATAR1,2023-02-18 19:00:00,131121.0,74.0,1.0,69.0,1.0,0.002,1.0,0.002,1.0,0.8,1.0,0.021,1.0,0.069,1.0,0.09,1.0,0.0,0.0,0.0,0.0,0.0,0.0,0.0,0.0
2023-02-18 20:00:00,DATAR1,2023-02-18 20:00:00,131121.0,68.0,1.0,62.0,1.0,0.001,1.0,0.002,1.0,0.7,1.0,0.017,1.0,0.068,1.0,0.085,1.0,0.0,0.0,0.0,0.0,0.0,0.0,0.0,0.0
2023-02-18 21:00:00,DATAR1,2023-02-18 21:00:00,131121.0,71.0,1.0,64.0,1.0,0.002,1.0,0.002,1.0,0.8,1.0,0.014,1.0,0.067,1.0,0.081,1.0,0.0,0.0,0.0,0.0,0.0,0.0,0.0,0.0
2023-02-18 22:00:00,DATAR1,2023-02-18 22:00:00,131121.0,83.0,1.0,66.0,1.0,0.002,1.0,0.003,1.0,1.0,1.0,0.044,1.0,0.072,1.0,0.116,1.0,0.0,0.0,0.0,0.0,0.0,0.0,0.0,0.0
2023-02-18 23:00:00,DATAR1,2023-02-18 23:00:00,131121.0,108.0,1.0,72.0,1.0,0.002,1.0,0.003,1.0,1.0,1.0,0.047,1.0,0.074,1.0,0.121,1.0,0.0,0.0,0.0,0.0,0.0,0.0,0.0,0.0
2023-02-19 00:00:00,DATAR1,2023-02-19 00:00:00,131121.0,95.0,1.0,77.0,1.0,0.001,1.0,0.003,1.0,0.9,1.0,0.035,1.0,0.072,1.0,0.107,1.0,0.0,0.0,0.0,0.0,0.0,0.0,0.0,0.0
2023-02-19 01:00:00,DATAR1,2023-02-19 01:00:00,131121.0,100.0,1.0,79.0,1.0,0.004,1.0,0.004,1.0,0.8,1.0,0.018,1.0,0.068,1.0,0.085,1.0,0.0,0.0,0.0,0.0,0.0,0.0,0.0,0.0
2023-02-19 02:00:00,DATAR1,2023-02-19 02:00:00,131121.0,97.0,1.0,79.0,1.0,0.014,1.0,0.003,1.0,0.7,1.0,0.003,1.0,0.055,1.0,0.058,1.0,0.0,0.0,0.0,0.0,0.0,0.0,0.0,0.0
2023-02-19 03:00:00,DATAR1,2023-02-19 03:00:00,131121.0,87.0,1.0,77.0,1.0,0.015,1.0,0.003,1.0,0.7,1.0,0.003,1.0,0.05,1.0,0.053,1.0,0.0,0.0,0.0,0.0,0.0,0.0,0.0,0.0
2023-02-19 04:00:00,DATAR1,2023-02-19 04:00:00,131121.0,83.0,1.0,75.0,1.0,0.02,1.0,0.003,1.0,0.7,1.0,0.003,1.0,0.041,1.0,0.043,1.0,0.0,0.0,0.0,0.0,0.0,0.0,0.0,0.0
2023-02-19 05:00:00,DATAR1,2023-02-19 05:00:00,131121.0,,2.0,72.0,1.0,0.03,1.0,0.002,1.0,0.6,1.0,0.002,1.0,0.03,1.0,0.032,1.0,0.0,0.0,0.0,0.0,0.0,0.0,0.0,0.0
2023-02-19 06:00:00,DATAR1,2023-02-19 06:00:00,131121.0,,2.0,72.0,1.0,0.038,1.0,0.002,1.0,0.6,1.0,0.002,1.0,0.026,1.0,0.028,1.0,0.0,0.0,0.0,0.0,0.0,0.0,0.0,0.0
2023-02-19 07:00:00,DATAR1,2023-02-19 07:00:00,131121.0,,2.0,64.0,1.0,0.045,1.0,0.002,1.0,0.4,1.0,0.002,1.0,0.022,1.0,0.024,1.0,0.0,0.0,0.0,0.0,0.0,0.0,0.0,0.0
2023-02-19 08:00:00,DATAR1,2023-02-19 08:00:00,131121.0,55.0,1.0,54.0,1.0,0.034,1.0,0.002,1.0,0.5,1.0,0.002,1.0,0.029,1.0,0.031,1.0,0.0,0.0,0.0,0.0,0.0,0.0,0.0,0.0
2023-02-19 09:00:00,DATAR1,2023-02-19 09:00:00,131121.0,49.0,1.0,50.0,1.0,0.031,1.0,0.001,1.0,0.6,1.0,0.002,1.0,0.028,1.0,0.031,1.0,0.0,0.0,0.0,0.0,0.0,0.0,0.0,0.0
2023-02-19 10:00:00,DATAR1,2023-02-19 10:00:00,131121.0,51.0,1.0,51.0,1.0,0.025,1.0,0.001,1.0,0.6,1.0,0.003,1.0,0.031,1.0,0.033,1.0,0.0,0.0,0.0,0.0,0.0,0.0,0.0,0.0
2023-02-19 11:00:00,DATAR1,2023-02-19 11:00:00,131121.0,,2.0,49.0,1.0,0.033,1.0,0.001,1.0,0.6,1.0,0.003,1.0,0.023,1.0,0.026,1.0,0.0,0.0,0.0,0.0,0.0,0.0,0.0,0.0
2023-02-19 12:00:00,DATAR1,2023-02-19 12:00:00,131121.0,,2.0,41.0,1.0,0.033,1.0,0.002,1.0,0.7,1.0,0.007,1.0,0.024,1.0,0.032,1.0,0.0,0.0,0.0,0.0,0.0,0.0,0.0,0.0
2023-02-19 13:00:00,DATAR1,2023-02-19 13:00:00,131121.0,47.0,1.0,44.0,1.0,0.039,1.0,0.002,1.0,0.6,1.0,0.004,1.0,0.02,1.0,0.025,1.0,0.0,0.0,0.0,0.0,0.0,0.0,0.0,0.0
2023-02-19 14:00:00,DATAR1,2023-02-19 14:00:00,131121.0,35.0,1.0,38.0,1.0,0.043,1.0,0.002,1.0,0.3,1.0,0.003,1.0,0.016,1.0,0.019,1.0,0.0,0.0,0.0,0.0,0.0,0.0,0.0,0.0
2023-02-19 15:00:00,DATAR1,2023-02-19 15:00:00,131121.0,20.0,1.0,20.0,1.0,0.043,1.0,0.001,1.0,0.3,1.0,0.003,1.0,0.014,1.0,0.017,1.0,0.0,0.0,0.0,0.0,0.0,0.0,0.0,0.0
2023-02-19 16:00:00,DATAR1,2023-02-19 16:00:00,131121.0,18.0,1.0,10.0,1.0,0.043,1.0,0.001,1.0,0.3,1.0,0.003,1.0,0.014,1.0,0.016,1.0,0.0,0.0,0.0,0.0,0.0,0.0,0.0,0.0
2023-02-19 17:00:00,DATAR1,2023-02-19 17:00:00,131121.0,21.0,1.0,7.0,1.0,0.042,1.0,0.001,1.0,0.4,1.0,0.003,1.0,0.013,1.0,0.016,1.0,0.0,0.0,0.0,0.0,0.0,0.0,0.0,0.0
2023-02-19 18:00:00,DATAR1,2023-02-19 18:00:00,131121.0,23.0,1.0,5.0,1.0,0.041,1.0,0.001,1.0,0.4,1.0,0.002,1.0,0.014,1.0,0.016,1.0,0.0,0.0,0.0,0.0,0.0,0.0,0.0,0.0
2023-02-19 19:00:00,DATAR1,2023-02-19 19:00:00,131121.0,18.0,1.0,3.0,1.0,0.038,1.0,0.001,1.0,0.4,1.0,0.002,1.0,0.016,1.0,0.018,1.0,0.0,0.0,0.0,0.0,0.0,0.0,0.0,0.0
2023-02-19 20:00:00,DATAR1,2023-02-19 20:00:00,131121.0,12.0,1.0,5.0,1.0,0.037,1.0,0.001,1.0,0.3,1.0,0.002,1.0,0.016,1.0,0.019,1.0,0.0,0.0,0.0,0.0,0.0,0.0,0.0,0.0
2023-02-19 21:00:00,DATAR1,2023-02-19 21:00:00,131121.0,14.0,1.0,7.0,1.0,0.036,1.0,0.002,1.0,0.4,1.0,0.002,1.0,0.016,1.0,0.018,1.0,0.0,0.0,0.0,0.0,0.0,0.0,0.0,0.0
2023-02-19 22:00:00,DATAR1,2023-02-19 22:00:00,131121.0,16.0,1.0,6.0,1.0,0.032,1.0,0.001,1.0,0.4,1.0,0.002,1.0,0.019,1.0,0.022,1.0,0.0,0.0,0.0,0.0,0.0,0.0,0.0,0.0
2023-02-19 23:00:00,DATAR1,2023-02-19 23:00:00,131121.0,19.0,1.0,7.0,1.0,0.028,1.0,0.001,1.0,0.4,1.0,0.003,1.0,0.023,1.0,0.026,1.0,0.0,0.0,0.0,0.0,0.0,0.0,0.0,0.0
2023-02-20 00:00:00,DATAR1,2023-02-20 00:00:00,131121.0,31.0,1.0,6.0,1.0,0.03,1.0,0.001,1.0,0.4,1.0,0.002,1.0,0.021,1.0,0.023,1.0,0.0,0.0,0.0,0.0,0.0,0.0,0.0,0.0
2023-02-20 01:00:00,DATAR1,2023-02-20 01:00:00,131121.0,19.0,1.0,8.0,1.0,0.031,1.0,0.002,1.0,0.4,1.0,0.002,1.0,0.02,1.0,0.022,1.0,0.0,0.0,0.0,0.0,0.0,0.0,0.0,0.0
2023-02-20 02:00:00,DATAR1,2023-02-20 02:00:00,131121.0,41.0,1.0,8.0,1.0,0.032,1.0,0.002,1.0,0.4,1.0,0.002,1.0,0.018,1.0,0.02,1.0,0.0,0.0,0.0,0.0,0.0,0.0,0.0,0.0
2023-02-20 03:00:00,DATAR1,2023-02-20 03:00:00,131121.0,40.0,1.0,11.0,1.0,0.03,1.0,0.002,1.0,0.5,1.0,0.002,1.0,0.019,1.0,0.021,1.0,0.0,0.0,0.0,0.0,0.0,0.0,0.0,0.0
2023-02-20 04:00:00,DATAR1,2023-02-20 04:00:00,131121.0,39.0,1.0,11.0,1.0,0.029,1.0,0.002,1.0,0.5,1.0,0.002,1.0,0.02,1.0,0.022,1.0,0.0,0.0,0.0,0.0,0.0,0.0,0.0,0.0
2023-02-20 05:00:00,DATAR1,2023-02-20 05:00:00,131121.0,39.0,1.0,14.0,1.0,0.03,1.0,0.002,1.0,0.4,1.0,0.002,1.0,0.02,1.0,0.022,1.0,0.0,0.0,0.0,0.0,0.0,0.0,0.0,0.0
2023-02-20 06:00:00,DATAR1,2023-02-20 06:00:00,131121.0,39.0,1.0,11.0,1.0,0.026,1.0,0.002,1.0,0.4,1.0,0.003,1.0,0.023,1.0,0.025,1.0,0.0,0.0,0.0,0.0,0.0,0.0,0.0,0.0
2023-02-20 07:00:00,DATAR1,2023-02-20 07:00:00,131121.0,38.0,1.0,12.0,1.0,0.019,1.0,0.002,1.0,0.4,1.0,0.003,1.0,0.031,1.0,0.034,1.0,0.0,0.0,0.0,0.0,0.0,0.0,0.0,0.0
2023-02-20 08:00:00,DATAR1,2023-02-20 08:00:00,131121.0,29.0,1.0,10.0,1.0,0.017,1.0,0.002,1.0,0.4,1.0,0.006,1.0,0.034,1.0,0.04,1.0,0.0,0.0,0.0,0.0,0.0,0.0,0.0,0.0
2023-02-20 09:00:00,DATAR1,2023-02-20 09:00:00,131121.0,33.0,1.0,8.0,1.0,0.019,1.0,0.002,1.0,0.4,1.0,0.009,1.0,0.031,1.0,0.04,1.0,0.0,0.0,0.0,0.0,0.0,0.0,0.0,0.0
2023-02-20 10:00:00,DATAR1,2023-02-20 10:00:00,131121.0,41.0,1.0,7.0,1.0,0.023,1.0,0.002,1.0,0.4,1.0,0.009,1.0,0.024,1.0,0.033,1.0,0.0,0.0,0.0,0.0,0.0,0.0,0.0,0.0
2023-02-20 11:00:00,DATAR1,2023-02-20 11:00:00,131121.0,69.0,1.0,7.0,1.0,0.03,1.0,0.002,1.0,0.4,1.0,0.006,1.0,0.017,1.0,0.023,1.0,0.0,0.0,0.0,0.0,0.0,0.0,0.0,0.0
2023-02-20 12:00:00,DATAR1,2023-02-20 12:00:00,131121.0,,3.0,,3.0,,3.0,,3.0,,3.0,,3.0,,3.0,,3.0,0.0,0.0,0.0,0.0,0.0,0.0,0.0,0.0
2023-02-20 13:00:00,DATAR1,2023-02-20 13:00:00,131121.0,,3.0,,3.0,,3.0,,3.0,,3.0,,3.0,,3.0,,3.0,0.0,0.0,0.0,0.0,0.0,0.0,0.0,0.0
2023-02-20 14:00:00,DATAR1,2023-02-20 14:00:00,131121.0,56.0,1.0,9.0,1.0,0.034,1.0,0.002,1.0,0.3,1.0,0.004,1.0,0.012,1.0,0.016,1.0,0.0,0.0,0.0,0.0,0.0,0.0,0.0,0.0
2023-02-20 15:00:00,DATAR1,2023-02-20 15:00:00,131121.0,40.0,1.0,7.0,1.0,0.036,1.0,0.002,1.0,0.3,1.0,0.004,1.0,0.012,1.0,0.016,1.0,0.0,0.0,0.0,0.0,0.0,0.0,0.0,0.0
2023-02-20 16:00:00,DATAR1,2023-02-20 16:00:00,131121.0,35.0,1.0,8.0,1.0,0.037,1.0,0.002,1.0,0.3,1.0,0.004,1.0,0.013,1.0,0.017,1.0,0.0,0.0,0.0,0.0,0.0,0.0,0.0,0.0
2023-02-20 17:00:00,DATAR1,2023-02-20 17:00:00,131121.0,30.0,1.0,7.0,1.0,0.035,1.0,0.002,1.0,0.4,1.0,0.004,1.0,0.015,1.0,0.018,1.0,0.0,0.0,0.0,0.0,0.0,0.0,0.0,0.0
2023-02-20 18:00:00,DATAR1,2023-02-20 18:00:00,131121.0,35.0,1.0,7.0,1.0,0.035,1.0,0.002,1.0,0.3,1.0,0.003,1.0,0.015,1.0,0.019,1.0,0.0,0.0,0.0,0.0,0.0,0.0,0.0,0.0
2023-02-20 19:00:00,DATAR1,2023-02-20 19:00:00,131121.0,28.0,1.0,8.0,1.0,0.032,1.0,0.002,1.0,0.4,1.0,0.004,1.0,0.018,1.0,0.022,1.0,0.0,0.0,0.0,0.0,0.0,0.0,0.0,0.0
2023-02-20 20:00:00,DATAR1,2023-02-20 20:00:00,131121.0,24.0,1.0,11.0,1.0,0.031,1.0,0.002,1.0,0.4,1.0,0.004,1.0,0.019,1.0,0.022,1.0,0.0,0.0,0.0,0.0,0.0,0.0,0.0,0.0
2023-02-20 21:00:00,DATAR1,2023-02-20 21:00:00,131121.0,25.0,1.0,12.0,1.0,0.03,1.0,0.002,1.0,0.4,1.0,0.003,1.0,0.019,1.0,0.022,1.0,0.0,0.0,0.0,0.0,0.0,0.0,0.0,0.0
2023-02-20 22:00:00,DATAR1,2023-02-20 22:00:00,131121.0,25.0,1.0,13.0,1.0,0.03,1.0,0.002,1.0,0.4,1.0,0.002,1.0,0.018,1.0,0.02,1.0,0.0,0.0,0.0,0.0,0.0,0.0,0.0,0.0
2023-02-20 23:00:00,DATAR1,2023-02-20 23:00:00,131121.0,26.0,1.0,14.0,1.0,0.029,1.0,0.002,1.0,0.4,1.0,0.002,1.0,0.019,1.0,0.021,1.0,0.0,0.0,0.0,0.0,0.0,0.0,0.0,0.0
2023-02-21 00:00:00,DATAR1,2023-02-21 00:00:00,131121.0,39.0,1.0,14.0,1.0,0.029,1.0,0.002,1.0,0.4,1.0,0.002,1.0,0.019,1.0,0.022,1.0,0.0,0.0,0.0,0.0,0.0,0.0,0.0,0.0
2023-02-21 01:00:00,DATAR1,2023-02-21 01:00:00,131121.0,36.0,1.0,13.0,1.0,0.029,1.0,0.002,1.0,0.4,1.0,0.002,1.0,0.018,1.0,0.02,1.0,0.0,0.0,0.0,0.0,0.0,0.0,0.0,0.0
2023-02-21 02:00:00,DATAR1,2023-02-21 02:00:00,131121.0,28.0,1.0,16.0,1.0,0.029,1.0,0.002,1.0,0.4,1.0,0.002,1.0,0.018,1.0,0.02,1.0,0.0,0.0,0.0,0.0,0.0,0.0,0.0,0.0
2023-02-21 03:00:00,DATAR1,2023-02-21 03:00:00,131121.0,27.0,1.0,16.0,1.0,0.033,1.0,0.002,1.0,0.4,1.0,0.002,1.0,0.013,1.0,0.015,1.0,0.0,0.0,0.0,0.0,0.0,0.0,0.0,0.0
2023-02-21 04:00:00,DATAR1,2023-02-21 04:00:00,131121.0,28.0,1.0,17.0,1.0,0.033,1.0,0.002,1.0,0.3,1.0,0.002,1.0,0.012,1.0,0.014,1.0,0.0,0.0,0.0,0.0,0.0,0.0,0.0,0.0
2023-02-21 05:00:00,DATAR1,2023-02-21 05:00:00,131121.0,27.0,1.0,15.0,1.0,0.03,1.0,0.002,1.0,0.2,1.0,0.002,1.0,0.014,1.0,0.016,1.0,0.0,0.0,0.0,0.0,0.0,0.0,0.0,0.0
2023-02-21 06:00:00,DATAR1,2023-02-21 06:00:00,131121.0,27.0,1.0,15.0,1.0,0.029,1.0,0.002,1.0,0.3,1.0,0.003,1.0,0.015,1.0,0.018,1.0,0.0,0.0,0.0,0.0,0.0,0.0,0.0,0.0
2023-02-21 07:00:00,DATAR1,2023-02-21 07:00:00,131121.0,30.0,1.0,13.0,1.0,0.024,1.0,0.002,1.0,0.3,1.0,0.003,1.0,0.021,1.0,0.024,1.0,0.0,0.0,0.0,0.0,0.0,0.0,0.0,0.0
2023-02-21 08:00:00,DATAR1,2023-02-21 08:00:00,131121.0,28.0,1.0,15.0,1.0,0.021,1.0,0.002,1.0,0.3,1.0,0.004,1.0,0.024,1.0,0.028,1.0,0.0,0.0,0.0,0.0,0.0,0.0,0.0,0.0
2023-02-21 09:00:00,DATAR1,2023-02-21 09:00:00,131121.0,26.0,1.0,12.0,1.0,0.023,1.0,0.002,1.0,0.4,1.0,0.007,1.0,0.023,1.0,0.03,1.0,0.0,0.0,0.0,0.0,0.0,0.0,0.0,0.0
2023-02-21 10:00:00,DATAR1,2023-02-21 10:00:00,131121.0,26.0,1.0,9.0,1.0,0.023,1.0,0.002,1.0,0.4,1.0,0.011,1.0,0.025,1.0,0.036,1.0,0.0,0.0,0.0,0.0,0.0,0.0,0.0,0.0
2023-02-21 11:00:00,DATAR1,2023-02-21 11:00:00,131121.0,28.0,1.0,16.0,1.0,0.025,1.0,0.002,1.0,0.4,1.0,0.011,1.0,0.024,1.0,0.034,1.0,0.0,0.0,0.0,0.0,0.0,0.0,0.0,0.0
2023-02-21 12:00:00,DATAR1,2023-02-21 12:00:00,131121.0,34.0,1.0,16.0,1.0,0.029,1.0,0.002,1.0,0.4,1.0,0.01,1.0,0.021,1.0,0.031,1.0,0.0,0.0,0.0,0.0,0.0,0.0,0.0,0.0
2023-02-21 13:00:00,DATAR1,2023-02-21 13:00:00,131121.0,30.0,1.0,15.0,1.0,0.031,1.0,0.002,1.0,0.4,1.0,0.008,1.0,0.02,1.0,0.029,1.0,0.0,0.0,0.0,0.0,0.0,0.0,0.0,0.0
2023-02-21 14:00:00,DATAR1,2023-02-21 14:00:00,131121.0,29.0,1.0,14.0,1.0,0.03,1.0,0.002,1.0,0.4,1.0,0.01,1.0,0.023,1.0,0.033,1.0,0.0,0.0,0.0,0.0,0.0,0.0,0.0,0.0
2023-02-21 15:00:00,DATAR1,2023-02-21 15:00:00,131121.0,23.0,1.0,13.0,1.0,0.028,1.0,0.002,1.0,0.4,1.0,0.012,1.0,0.025,1.0,0.037,1.0,0.0,0.0,0.0,0.0,0.0,0.0,0.0,0.0
2023-02-21 16:00:00,DATAR1,2023-02-21 16:00:00,131121.0,31.0,1.0,13.0,1.0,0.025,1.0,0.002,1.0,0.4,1.0,0.012,1.0,0.029,1.0,0.041,1.0,0.0,0.0,0.0,0.0,0.0,0.0,0.0,0.0
2023-02-21 17:00:00,DATAR1,2023-02-21 17:00:00,131121.0,34.0,1.0,14.0,1.0,0.023,1.0,0.002,1.0,0.4,1.0,0.011,1.0,0.032,1.0,0.043,1.0,0.0,0.0,0.0,0.0,0.0,0.0,0.0,0.0
2023-02-21 18:00:00,DATAR1,2023-02-21 18:00:00,131121.0,37.0,1.0,15.0,1.0,0.017,1.0,0.002,1.0,0.5,1.0,0.008,1.0,0.04,1.0,0.048,1.0,0.0,0.0,0.0,0.0,0.0,0.0,0.0,0.0
2023-02-21 19:00:00,DATAR1,2023-02-21 19:00:00,131121.0,45.0,1.0,18.0,1.0,0.016,1.0,0.002,1.0,0.5,1.0,0.006,1.0,0.044,1.0,0.049,1.0,0.0,0.0,0.0,0.0,0.0,0.0,0.0,0.0
2023-02-21 20:00:00,DATAR1,2023-02-21 20:00:00,131121.0,33.0,1.0,20.0,1.0,0.019,1.0,0.002,1.0,0.5,1.0,0.004,1.0,0.038,1.0,0.041,1.0,0.0,0.0,0.0,0.0,0.0,0.0,0.0,0.0
2023-02-21 21:00:00,DATAR1,2023-02-21 21:00:00,131121.0,29.0,1.0,21.0,1.0,0.017,1.0,0.002,1.0,0.4,1.0,0.003,1.0,0.039,1.0,0.042,1.0,0.0,0.0,0.0,0.0,0.0,0.0,0.0,0.0
2023-02-21 22:00:00,DATAR1,2023-02-21 22:00:00,131121.0,32.0,1.0,22.0,1.0,0.008,1.0,0.002,1.0,0.5,1.0,0.005,1.0,0.052,1.0,0.057,1.0,0.0,0.0,0.0,0.0,0.0,0.0,0.0,0.0
2023-02-21 23:00:00,DATAR1,2023-02-21 23:00:00,131121.0,32.0,1.0,22.0,1.0,0.004,1.0,0.002,1.0,0.4,1.0,0.007,1.0,0.054,1.0,0.061,1.0,0.0,0.0,0.0,0.0,0.0,0.0,0.0,0.0
2023-02-22 00:00:00,DATAR1,2023-02-22 00:00:00,131121.0,32.0,1.0,22.0,1.0,0.005,1.0,0.002,1.0,0.5,1.0,0.006,1.0,0.052,1.0,0.058,1.0,0.0,0.0,0.0,0.0,0.0,0.0,0.0,0.0
2023-02-22 01:00:00,DATAR1,2023-02-22 01:00:00,131121.0,34.0,1.0,20.0,1.0,0.004,1.0,0.002,1.0,0.6,1.0,0.007,1.0,0.052,1.0,0.059,1.0,0.0,0.0,0.0,0.0,0.0,0.0,0.0,0.0
2023-02-22 02:00:00,DATAR1,2023-02-22 02:00:00,131121.0,43.0,1.0,25.0,1.0,0.002,1.0,0.002,1.0,0.6,1.0,0.014,1.0,0.054,1.0,0.068,1.0,0.0,0.0,0.0,0.0,0.0,0.0,0.0,0.0
2023-02-22 03:00:00,DATAR1,2023-02-22 03:00:00,131121.0,31.0,1.0,25.0,1.0,0.002,1.0,0.002,1.0,0.6,1.0,0.012,1.0,0.055,1.0,0.067,1.0,0.0,0.0,0.0,0.0,0.0,0.0,0.0,0.0
2023-02-22 04:00:00,DATAR1,2023-02-22 04:00:00,131121.0,35.0,1.0,21.0,1.0,0.002,1.0,0.002,1.0,0.6,1.0,0.016,1.0,0.055,1.0,0.071,1.0,0.0,0.0,0.0,0.0,0.0,0.0,0.0,0.0
2023-02-22 05:00:00,DATAR1,2023-02-22 05:00:00,131121.0,38.0,1.0,22.0,1.0,0.002,1.0,0.002,1.0,0.6,1.0,0.009,1.0,0.054,1.0,0.063,1.0,0.0,0.0,0.0,0.0,0.0,0.0,0.0,0.0
2023-02-22 06:00:00,DATAR1,2023-02-22 06:00:00,131121.0,37.0,1.0,25.0,1.0,0.001,1.0,0.002,1.0,0.6,1.0,0.032,1.0,0.054,1.0,0.086,1.0,0.0,0.0,0.0,0.0,0.0,0.0,0.0,0.0
2023-02-22 07:00:00,DATAR1,2023-02-22 07:00:00,131121.0,35.0,1.0,25.0,1.0,0.001,1.0,0.002,1.0,0.7,1.0,0.034,1.0,0.056,1.0,0.09,1.0,0.0,0.0,0.0,0.0,0.0,0.0,0.0,0.0
2023-02-22 08:00:00,DATAR1,2023-02-22 08:00:00,131121.0,35.0,1.0,26.0,1.0,0.002,1.0,0.003,1.0,0.8,1.0,0.116,1.0,0.062,1.0,0.178,1.0,0.0,0.0,0.0,0.0,0.0,0.0,0.0,0.0
2023-02-22 09:00:00,DATAR1,2023-02-22 09:00:00,131121.0,43.0,1.0,26.0,1.0,0.003,1.0,0.003,1.0,0.8,1.0,0.1,1.0,0.057,1.0,0.157,1.0,0.0,0.0,0.0,0.0,0.0,0.0,0.0,0.0
2023-02-22 10:00:00,DATAR1,2023-02-22 10:00:00,131121.0,48.0,1.0,30.0,1.0,0.006,1.0,0.003,1.0,0.8,1.0,0.081,1.0,0.054,1.0,0.135,1.0,0.0,0.0,0.0,0.0,0.0,0.0,0.0,0.0
2023-02-22 11:00:00,DATAR1,2023-02-22 11:00:00,131121.0,49.0,1.0,34.0,1.0,0.018,1.0,0.003,1.0,0.6,1.0,0.032,1.0,0.039,1.0,0.07,1.0,0.0,0.0,0.0,0.0,0.0,0.0,0.0,0.0
2023-02-22 12:00:00,DATAR1,2023-02-22 12:00:00,131121.0,42.0,1.0,31.0,1.0,0.024,1.0,0.002,1.0,0.6,1.0,0.018,1.0,0.034,1.0,0.052,1.0,0.0,0.0,0.0,0.0,0.0,0.0,0.0,0.0
2023-02-22 13:00:00,DATAR1,2023-02-22 13:00:00,131121.0,48.0,1.0,28.0,1.0,0.029,1.0,0.002,1.0,0.5,1.0,0.015,1.0,0.031,1.0,0.046,1.0,0.0,0.0,0.0,0.0,0.0,0.0,0.0,0.0
2023-02-22 14:00:00,DATAR1,2023-02-22 14:00:00,131121.0,35.0,1.0,22.0,1.0,0.031,1.0,0.002,1.0,0.5,1.0,0.013,1.0,0.032,1.0,0.044,1.0,0.0,0.0,0.0,0.0,0.0,0.0,0.0,0.0
2023-02-22 15:00:00,DATAR1,2023-02-22 15:00:00,131121.0,38.0,1.0,20.0,1.0,0.037,1.0,0.002,1.0,0.4,1.0,0.009,1.0,0.028,1.0,0.037,1.0,0.0,0.0,0.0,0.0,0.0,0.0,0.0,0.0
2023-02-22 16:00:00,DATAR1,2023-02-22 16:00:00,131121.0,40.0,1.0,21.0,1.0,0.042,1.0,0.002,1.0,0.4,1.0,0.006,1.0,0.025,1.0,0.03,1.0,0.0,0.0,0.0,0.0,0.0,0.0,0.0,0.0
2023-02-22 17:00:00,DATAR1,2023-02-22 17:00:00,131121.0,32.0,1.0,18.0,1.0,0.043,1.0,0.003,1.0,0.5,1.0,0.004,1.0,0.024,1.0,0.028,1.0,0.0,0.0,0.0,0.0,0.0,0.0,0.0,0.0
2023-02-22 18:00:00,DATAR1,2023-02-22 18:00:00,131121.0,41.0,1.0,18.0,1.0,0.038,1.0,0.003,1.0,0.6,1.0,0.004,1.0,0.031,1.0,0.035,1.0,0.0,0.0,0.0,0.0,0.0,0.0,0.0,0.0
2023-02-22 19:00:00,DATAR1,2023-02-22 19:00:00,131121.0,44.0,1.0,25.0,1.0,0.036,1.0,0.004,1.0,0.5,1.0,0.003,1.0,0.035,1.0,0.038,1.0,0.0,0.0,0.0,0.0,0.0,0.0,0.0,0.0
2023-02-22 20:00:00,DATAR1,2023-02-22 20:00:00,131121.0,38.0,1.0,40.0,1.0,0.033,1.0,0.004,1.0,0.5,1.0,0.003,1.0,0.04,1.0,0.043,1.0,0.0,0.0,0.0,0.0,0.0,0.0,0.0,0.0
2023-02-22 21:00:00,DATAR1,2023-02-22 21:00:00,131121.0,46.0,1.0,49.0,1.0,0.03,1.0,0.005,1.0,0.6,1.0,0.003,1.0,0.046,1.0,0.048,1.0,0.0,0.0,0.0,0.0,0.0,0.0,0.0,0.0
2023-02-22 22:00:00,DATAR1,2023-02-22 22:00:00,131121.0,42.0,1.0,42.0,1.0,0.022,1.0,0.004,1.0,0.5,1.0,0.003,1.0,0.044,1.0,0.046,1.0,0.0,0.0,0.0,0.0,0.0,0.0,0.0,0.0
2023-02-22 23:00:00,DATAR1,2023-02-22 23:00:00,131121.0,,2.0,33.0,1.0,0.022,1.0,0.003,1.0,0.4,1.0,0.003,1.0,0.035,1.0,0.038,1.0,0.0,0.0,0.0,0.0,0.0,0.0,0.0,0.0
2023-02-23 00:00:00,DATAR1,2023-02-23 00:00:00,131121.0,25.0,1.0,26.0,1.0,0.014,1.0,0.002,1.0,0.5,1.0,0.003,1.0,0.042,1.0,0.045,1.0,0.0,0.0,0.0,0.0,0.0,0.0,0.0,0.0
2023-02-23 01:00:00,DATAR1,2023-02-23 01:00:00,131121.0,32.0,1.0,20.0,1.0,0.026,1.0,0.002,1.0,0.5,1.0,0.002,1.0,0.027,1.0,0.03,1.0,0.0,0.0,0.0,0.0,0.0,0.0,0.0,0.0
2023-02-23 02:00:00,DATAR1,2023-02-23 02:00:00,131121.0,33.0,1.0,21.0,1.0,0.028,1.0,0.002,1.0,0.5,1.0,0.002,1.0,0.024,1.0,0.027,1.0,0.0,0.0,0.0,0.0,0.0,0.0,0.0,0.0
2023-02-23 03:00:00,DATAR1,2023-02-23 03:00:00,131121.0,30.0,1.0,21.0,1.0,0.028,1.0,0.002,1.0,0.5,1.0,0.002,1.0,0.023,1.0,0.026,1.0,0.0,0.0,0.0,0.0,0.0,0.0,0.0,0.0
2023-02-23 04:00:00,DATAR1,2023-02-23 04:00:00,131121.0,30.0,1.0,19.0,1.0,0.024,1.0,0.002,1.0,0.5,1.0,0.002,1.0,0.027,1.0,0.029,1.0,0.0,0.0,0.0,0.0,0.0,0.0,0.0,0.0
2023-02-23 05:00:00,DATAR1,2023-02-23 05:00:00,131121.0,28.0,1.0,21.0,1.0,0.022,1.0,0.002,1.0,0.5,1.0,0.002,1.0,0.028,1.0,0.031,1.0,0.0,0.0,0.0,0.0,0.0,0.0,0.0,0.0
2023-02-23 06:00:00,DATAR1,2023-02-23 06:00:00,131121.0,29.0,1.0,19.0,1.0,0.012,1.0,0.002,1.0,0.5,1.0,0.006,1.0,0.04,1.0,0.047,1.0,0.0,0.0,0.0,0.0,0.0,0.0,0.0,0.0
2023-02-23 07:00:00,DATAR1,2023-02-23 07:00:00,131121.0,31.0,1.0,19.0,1.0,0.006,1.0,0.002,1.0,0.5,1.0,0.01,1.0,0.047,1.0,0.058,1.0,0.0,0.0,0.0,0.0,0.0,0.0,0.0,0.0
2023-02-23 08:00:00,DATAR1,2023-02-23 08:00:00,131121.0,28.0,1.0,22.0,1.0,0.006,1.0,0.002,1.0,0.6,1.0,0.02,1.0,0.049,1.0,0.07,1.0,0.0,0.0,0.0,0.0,0.0,0.0,0.0,0.0
2023-02-23 09:00:00,DATAR1,2023-02-23 09:00:00,131121.0,33.0,1.0,27.0,1.0,0.005,1.0,0.002,1.0,0.6,1.0,0.043,1.0,0.052,1.0,0.095,1.0,0.0,0.0,0.0,0.0,0.0,0.0,0.0,0.0
2023-02-23 10:00:00,DATAR1,2023-02-23 10:00:00,131121.0,23.0,1.0,28.0,1.0,0.011,1.0,0.002,1.0,0.6,1.0,0.033,1.0,0.046,1.0,0.079,1.0,0.0,0.0,0.0,0.0,0.0,0.0,0.0,0.0
2023-02-23 11:00:00,DATAR1,2023-02-23 11:00:00,131121.0,35.0,1.0,27.0,1.0,0.016,1.0,0.003,1.0,0.6,1.0,0.026,1.0,0.042,1.0,0.068,1.0,0.0,0.0,0.0,0.0,0.0,0.0,0.0,0.0
2023-02-23 12:00:00,DATAR1,2023-02-23 12:00:00,131121.0,35.0,1.0,26.0,1.0,0.019,1.0,0.003,1.0,0.6,1.0,0.024,1.0,0.043,1.0,0.067,1.0,0.0,0.0,0.0,0.0,0.0,0.0,0.0,0.0
2023-02-23 13:00:00,DATAR1,2023-02-23 13:00:00,131121.0,45.0,1.0,26.0,1.0,0.024,1.0,0.003,1.0,0.6,1.0,0.019,1.0,0.039,1.0,0.059,1.0,0.0,0.0,0.0,0.0,0.0,0.0,0.0,0.0
2023-02-23 14:00:00,DATAR1,2023-02-23 14:00:00,131121.0,46.0,1.0,27.0,1.0,0.035,1.0,0.003,1.0,0.5,1.0,0.009,1.0,0.03,1.0,0.039,1.0,0.0,0.0,0.0,0.0,0.0,0.0,0.0,0.0
2023-02-23 15:00:00,DATAR1,2023-02-23 15:00:00,131121.0,46.0,1.0,26.0,1.0,0.039,1.0,0.003,1.0,0.5,1.0,0.007,1.0,0.029,1.0,0.036,1.0,0.0,0.0,0.0,0.0,0.0,0.0,0.0,0.0
2023-02-23 16:00:00,DATAR1,2023-02-23 16:00:00,131121.0,64.0,1.0,30.0,1.0,0.04,1.0,0.003,1.0,0.5,1.0,0.007,1.0,0.031,1.0,0.037,1.0,0.0,0.0,0.0,0.0,0.0,0.0,0.0,0.0
2023-02-23 17:00:00,DATAR1,2023-02-23 17:00:00,131121.0,77.0,1.0,35.0,1.0,0.045,1.0,0.003,1.0,0.5,1.0,0.004,1.0,0.03,1.0,0.034,1.0,0.0,0.0,0.0,0.0,0.0,0.0,0.0,0.0
2023-02-23 18:00:00,DATAR1,2023-02-23 18:00:00,131121.0,70.0,1.0,40.0,1.0,0.032,1.0,0.003,1.0,0.5,1.0,0.004,1.0,0.039,1.0,0.043,1.0,0.0,0.0,0.0,0.0,0.0,0.0,0.0,0.0
2023-02-23 19:00:00,DATAR1,2023-02-23 19:00:00,131121.0,43.0,1.0,38.0,1.0,0.028,1.0,0.002,1.0,0.4,1.0,0.005,1.0,0.038,1.0,0.042,1.0,0.0,0.0,0.0,0.0,0.0,0.0,0.0,0.0
2023-02-23 20:00:00,DATAR1,2023-02-23 20:00:00,131121.0,33.0,1.0,33.0,1.0,0.026,1.0,0.002,1.0,0.5,1.0,0.005,1.0,0.042,1.0,0.046,1.0,0.0,0.0,0.0,0.0,0.0,0.0,0.0,0.0
2023-02-23 21:00:00,DATAR1,2023-02-23 21:00:00,131121.0,41.0,1.0,32.0,1.0,0.025,1.0,0.002,1.0,0.6,1.0,0.003,1.0,0.046,1.0,0.049,1.0,0.0,0.0,0.0,0.0,0.0,0.0,0.0,0.0
2023-02-23 22:00:00,DATAR1,2023-02-23 22:00:00,131121.0,37.0,1.0,33.0,1.0,0.022,1.0,0.002,1.0,0.5,1.0,0.004,1.0,0.045,1.0,0.048,1.0,0.0,0.0,0.0,0.0,0.0,0.0,0.0,0.0
2023-02-23 23:00:00,DATAR1,2023-02-23 23:00:00,131121.0,35.0,1.0,33.0,1.0,0.012,1.0,0.002,1.0,0.7,1.0,0.003,1.0,0.054,1.0,0.056,1.0,0.0,0.0,0.0,0.0,0.0,0.0,0.0,0.0
2023-02-24 00:00:00,DATAR1,2023-02-24 00:00:00,131121.0,32.0,1.0,35.0,1.0,0.019,1.0,0.002,1.0,0.6,1.0,0.003,1.0,0.042,1.0,0.044,1.0,0.0,0.0,0.0,0.0,0.0,0.0,0.0,0.0
2023-02-24 01:00:00,DATAR1,2023-02-24 01:00:00,131121.0,39.0,1.0,37.0,1.0,0.018,1.0,0.002,1.0,0.6,1.0,0.003,1.0,0.042,1.0,0.045,1.0,0.0,0.0,0.0,0.0,0.0,0.0,0.0,0.0
2023-02-24 02:00:00,DATAR1,2023-02-24 02:00:00,131121.0,45.0,1.0,39.0,1.0,0.018,1.0,0.002,1.0,0.6,1.0,0.002,1.0,0.04,1.0,0.042,1.0,0.0,0.0,0.0,0.0,0.0,0.0,0.0,0.0
2023-02-24 03:00:00,DATAR1,2023-02-24 03:00:00,131121.0,41.0,1.0,38.0,1.0,0.009,1.0,0.002,1.0,0.5,1.0,0.003,1.0,0.051,1.0,0.054,1.0,0.0,0.0,0.0,0.0,0.0,0.0,0.0,0.0
2023-02-24 04:00:00,DATAR1,2023-02-24 04:00:00,131121.0,36.0,1.0,37.0,1.0,0.004,1.0,0.002,1.0,0.6,1.0,0.005,1.0,0.054,1.0,0.059,1.0,0.0,0.0,0.0,0.0,0.0,0.0,0.0,0.0
2023-02-24 05:00:00,DATAR1,2023-02-24 05:00:00,131121.0,39.0,1.0,39.0,1.0,0.016,1.0,0.002,1.0,0.6,1.0,0.003,1.0,0.038,1.0,0.041,1.0,0.0,0.0,0.0,0.0,0.0,0.0,0.0,0.0
2023-02-24 06:00:00,DATAR1,2023-02-24 06:00:00,131121.0,46.0,1.0,41.0,1.0,0.016,1.0,0.002,1.0,0.6,1.0,0.003,1.0,0.038,1.0,0.041,1.0,0.0,0.0,0.0,0.0,0.0,0.0,0.0,0.0
2023-02-24 07:00:00,DATAR1,2023-02-24 07:00:00,131121.0,44.0,1.0,44.0,1.0,0.01,1.0,0.002,1.0,0.5,1.0,0.005,1.0,0.045,1.0,0.05,1.0,0.0,0.0,0.0,0.0,0.0,0.0,0.0,0.0
2023-02-24 08:00:00,DATAR1,2023-02-24 08:00:00,131121.0,50.0,1.0,47.0,1.0,0.003,1.0,0.002,1.0,0.6,1.0,0.031,1.0,0.055,1.0,0.086,1.0,0.0,0.0,0.0,0.0,0.0,0.0,0.0,0.0
2023-02-24 09:00:00,DATAR1,2023-02-24 09:00:00,131121.0,49.0,1.0,49.0,1.0,0.01,1.0,0.002,1.0,0.7,1.0,0.019,1.0,0.049,1.0,0.068,1.0,0.0,0.0,0.0,0.0,0.0,0.0,0.0,0.0
2023-02-24 10:00:00,DATAR1,2023-02-24 10:00:00,131121.0,53.0,1.0,48.0,1.0,0.015,1.0,0.002,1.0,0.7,1.0,0.019,1.0,0.046,1.0,0.065,1.0,0.0,0.0,0.0,0.0,0.0,0.0,0.0,0.0
2023-02-24 11:00:00,DATAR1,2023-02-24 11:00:00,131121.0,76.0,1.0,58.0,1.0,0.02,1.0,0.002,1.0,0.7,1.0,0.018,1.0,0.044,1.0,0.063,1.0,0.0,0.0,0.0,0.0,0.0,0.0,0.0,0.0
2023-02-24 12:00:00,DATAR1,2023-02-24 12:00:00,131121.0,83.0,1.0,62.0,1.0,0.027,1.0,0.003,1.0,0.7,1.0,0.013,1.0,0.037,1.0,0.05,1.0,0.0,0.0,0.0,0.0,0.0,0.0,0.0,0.0
2023-02-24 13:00:00,DATAR1,2023-02-24 13:00:00,131121.0,67.0,1.0,56.0,1.0,0.036,1.0,0.003,1.0,0.6,1.0,0.008,1.0,0.028,1.0,0.035,1.0,0.0,0.0,0.0,0.0,0.0,0.0,0.0,0.0
2023-02-24 14:00:00,DATAR1,2023-02-24 14:00:00,131121.0,46.0,1.0,43.0,1.0,0.04,1.0,0.002,1.0,0.5,1.0,0.005,1.0,0.022,1.0,0.027,1.0,0.0,0.0,0.0,0.0,0.0,0.0,0.0,0.0
2023-02-24 15:00:00,DATAR1,2023-02-24 15:00:00,131121.0,42.0,1.0,28.0,1.0,0.044,1.0,0.002,1.0,0.4,1.0,0.004,1.0,0.019,1.0,0.023,1.0,0.0,0.0,0.0,0.0,0.0,0.0,0.0,0.0
2023-02-24 16:00:00,DATAR1,2023-02-24 16:00:00,131121.0,48.0,1.0,22.0,1.0,0.044,1.0,0.002,1.0,0.4,1.0,0.004,1.0,0.019,1.0,0.023,1.0,0.0,0.0,0.0,0.0,0.0,0.0,0.0,0.0
2023-02-24 17:00:00,DATAR1,2023-02-24 17:00:00,131121.0,41.0,1.0,22.0,1.0,0.043,1.0,0.002,1.0,0.4,1.0,0.004,1.0,0.021,1.0,0.024,1.0,0.0,0.0,0.0,0.0,0.0,0.0,0.0,0.0
2023-02-24 18:00:00,DATAR1,2023-02-24 18:00:00,131121.0,48.0,1.0,22.0,1.0,0.042,1.0,0.002,1.0,0.4,1.0,0.003,1.0,0.02,1.0,0.023,1.0,0.0,0.0,0.0,0.0,0.0,0.0,0.0,0.0
2023-02-24 19:00:00,DATAR1,2023-02-24 19:00:00,131121.0,38.0,1.0,20.0,1.0,0.037,1.0,0.002,1.0,0.4,1.0,0.003,1.0,0.023,1.0,0.025,1.0,0.0,0.0,0.0,0.0,0.0,0.0,0.0,0.0
2023-02-24 20:00:00,DATAR1,2023-02-24 20:00:00,131121.0,23.0,1.0,15.0,1.0,0.033,1.0,0.002,1.0,0.4,1.0,0.002,1.0,0.023,1.0,0.026,1.0,0.0,0.0,0.0,0.0,0.0,0.0,0.0,0.0
2023-02-24 21:00:00,DATAR1,2023-02-24 21:00:00,131121.0,29.0,1.0,15.0,1.0,0.031,1.0,0.002,1.0,0.4,1.0,0.002,1.0,0.024,1.0,0.026,1.0,0.0,0.0,0.0,0.0,0.0,0.0,0.0,0.0
2023-02-24 22:00:00,DATAR1,2023-02-24 22:00:00,131121.0,33.0,1.0,13.0,1.0,0.031,1.0,0.002,1.0,0.4,1.0,0.002,1.0,0.022,1.0,0.025,1.0,0.0,0.0,0.0,0.0,0.0,0.0,0.0,0.0
2023-02-24 23:00:00,DATAR1,2023-02-24 23:00:00,131121.0,37.0,1.0,15.0,1.0,0.029,1.0,0.002,1.0,0.5,1.0,0.003,1.0,0.023,1.0,0.026,1.0,0.0,0.0,0.0,0.0,0.0,0.0,0.0,0.0
2023-02-25 00:00:00,DATAR1,2023-02-25 00:00:00,131121.0,42.0,1.0,16.0,1.0,0.03,1.0,0.002,1.0,0.5,1.0,0.003,1.0,0.02,1.0,0.023,1.0,0.0,0.0,0.0,0.0,0.0,0.0,0.0,0.0
2023-02-25 01:00:00,DATAR1,2023-02-25 01:00:00,131121.0,45.0,1.0,19.0,1.0,0.029,1.0,0.002,1.0,0.4,1.0,0.002,1.0,0.021,1.0,0.023,1.0,0.0,0.0,0.0,0.0,0.0,0.0,0.0,0.0
2023-02-25 02:00:00,DATAR1,2023-02-25 02:00:00,131121.0,39.0,1.0,19.0,1.0,0.027,1.0,0.002,1.0,0.5,1.0,0.002,1.0,0.022,1.0,0.024,1.0,0.0,0.0,0.0,0.0,0.0,0.0,0.0,0.0
2023-02-25 03:00:00,DATAR1,2023-02-25 03:00:00,131121.0,32.0,1.0,20.0,1.0,0.027,1.0,0.002,1.0,0.5,1.0,0.002,1.0,0.021,1.0,0.023,1.0,0.0,0.0,0.0,0.0,0.0,0.0,0.0,0.0
2023-02-25 04:00:00,DATAR1,2023-02-25 04:00:00,131121.0,36.0,1.0,22.0,1.0,0.027,1.0,0.002,1.0,0.6,1.0,0.002,1.0,0.021,1.0,0.023,1.0,0.0,0.0,0.0,0.0,0.0,0.0,0.0,0.0
2023-02-25 05:00:00,DATAR1,2023-02-25 05:00:00,131121.0,34.0,1.0,20.0,1.0,0.026,1.0,0.002,1.0,0.6,1.0,0.002,1.0,0.021,1.0,0.023,1.0,0.0,0.0,0.0,0.0,0.0,0.0,0.0,0.0
2023-02-25 06:00:00,DATAR1,2023-02-25 06:00:00,131121.0,34.0,1.0,20.0,1.0,0.023,1.0,0.002,1.0,0.6,1.0,0.002,1.0,0.023,1.0,0.026,1.0,0.0,0.0,0.0,0.0,0.0,0.0,0.0,0.0
2023-02-25 07:00:00,DATAR1,2023-02-25 07:00:00,131121.0,34.0,1.0,18.0,1.0,0.014,1.0,0.002,1.0,0.6,1.0,0.004,1.0,0.034,1.0,0.039,1.0,0.0,0.0,0.0,0.0,0.0,0.0,0.0,0.0
2023-02-25 08:00:00,DATAR1,2023-02-25 08:00:00,131121.0,38.0,1.0,13.0,1.0,0.006,1.0,0.002,1.0,0.7,1.0,0.01,1.0,0.045,1.0,0.055,1.0,0.0,0.0,0.0,0.0,0.0,0.0,0.0,0.0
2023-02-25 09:00:00,DATAR1,2023-02-25 09:00:00,131121.0,33.0,1.0,15.0,1.0,0.017,1.0,0.002,1.0,0.5,1.0,0.009,1.0,0.031,1.0,0.04,1.0,0.0,0.0,0.0,0.0,0.0,0.0,0.0,0.0
2023-02-25 10:00:00,DATAR1,2023-02-25 10:00:00,131121.0,39.0,1.0,16.0,1.0,0.023,1.0,0.002,1.0,0.5,1.0,0.01,1.0,0.026,1.0,0.036,1.0,0.0,0.0,0.0,0.0,0.0,0.0,0.0,0.0
2023-02-25 11:00:00,DATAR1,2023-02-25 11:00:00,131121.0,40.0,1.0,22.0,1.0,0.026,1.0,0.002,1.0,0.5,1.0,0.01,1.0,0.025,1.0,0.036,1.0,0.0,0.0,0.0,0.0,0.0,0.0,0.0,0.0
2023-02-25 12:00:00,DATAR1,2023-02-25 12:00:00,131121.0,49.0,1.0,22.0,1.0,0.026,1.0,0.003,1.0,0.5,1.0,0.012,1.0,0.026,1.0,0.039,1.0,0.0,0.0,0.0,0.0,0.0,0.0,0.0,0.0
2023-02-25 13:00:00,DATAR1,2023-02-25 13:00:00,131121.0,42.0,1.0,25.0,1.0,0.031,1.0,0.003,1.0,0.5,1.0,0.009,1.0,0.023,1.0,0.032,1.0,0.0,0.0,0.0,0.0,0.0,0.0,0.0,0.0
2023-02-25 14:00:00,DATAR1,2023-02-25 14:00:00,131121.0,39.0,1.0,22.0,1.0,0.036,1.0,0.003,1.0,0.4,1.0,0.006,1.0,0.019,1.0,0.025,1.0,0.0,0.0,0.0,0.0,0.0,0.0,0.0,0.0
2023-02-25 15:00:00,DATAR1,2023-02-25 15:00:00,131121.0,46.0,1.0,23.0,1.0,0.038,1.0,0.003,1.0,0.4,1.0,0.006,1.0,0.019,1.0,0.025,1.0,0.0,0.0,0.0,0.0,0.0,0.0,0.0,0.0
2023-02-25 16:00:00,DATAR1,2023-02-25 16:00:00,131121.0,45.0,1.0,22.0,1.0,0.04,1.0,0.002,1.0,0.4,1.0,0.004,1.0,0.017,1.0,0.021,1.0,0.0,0.0,0.0,0.0,0.0,0.0,0.0,0.0
2023-02-25 17:00:00,DATAR1,2023-02-25 17:00:00,131121.0,40.0,1.0,20.0,1.0,0.04,1.0,0.002,1.0,0.4,1.0,0.004,1.0,0.017,1.0,0.02,1.0,0.0,0.0,0.0,0.0,0.0,0.0,0.0,0.0
2023-02-25 18:00:00,DATAR1,2023-02-25 18:00:00,131121.0,42.0,1.0,19.0,1.0,0.038,1.0,0.002,1.0,0.4,1.0,0.003,1.0,0.017,1.0,0.02,1.0,0.0,0.0,0.0,0.0,0.0,0.0,0.0,0.0
2023-02-25 19:00:00,DATAR1,2023-02-25 19:00:00,131121.0,34.0,1.0,15.0,1.0,0.036,1.0,0.002,1.0,0.4,1.0,0.002,1.0,0.019,1.0,0.021,1.0,0.0,0.0,0.0,0.0,0.0,0.0,0.0,0.0
2023-02-25 20:00:00,DATAR1,2023-02-25 20:00:00,131121.0,32.0,1.0,14.0,1.0,0.033,1.0,0.002,1.0,0.4,1.0,0.002,1.0,0.02,1.0,0.023,1.0,0.0,0.0,0.0,0.0,0.0,0.0,0.0,0.0
2023-02-25 21:00:00,DATAR1,2023-02-25 21:00:00,131121.0,33.0,1.0,14.0,1.0,0.031,1.0,0.002,1.0,0.4,1.0,0.002,1.0,0.02,1.0,0.023,1.0,0.0,0.0,0.0,0.0,0.0,0.0,0.0,0.0
2023-02-25 22:00:00,DATAR1,2023-02-25 22:00:00,131121.0,33.0,1.0,14.0,1.0,0.029,1.0,0.002,1.0,0.5,1.0,0.002,1.0,0.02,1.0,0.023,1.0,0.0,0.0,0.0,0.0,0.0,0.0,0.0,0.0
2023-02-25 23:00:00,DATAR1,2023-02-25 23:00:00,131121.0,36.0,1.0,15.0,1.0,0.027,1.0,0.002,1.0,0.5,1.0,0.002,1.0,0.021,1.0,0.023,1.0,0.0,0.0,0.0,0.0,0.0,0.0,0.0,0.0
2023-02-26 00:00:00,DATAR1,2023-02-26 00:00:00,131121.0,34.0,1.0,17.0,1.0,0.026,1.0,0.002,1.0,0.5,1.0,0.002,1.0,0.022,1.0,0.024,1.0,0.0,0.0,0.0,0.0,0.0,0.0,0.0,0.0
2023-02-26 01:00:00,DATAR1,2023-02-26 01:00:00,131121.0,35.0,1.0,16.0,1.0,0.025,1.0,0.002,1.0,0.5,1.0,0.002,1.0,0.023,1.0,0.025,1.0,0.0,0.0,0.0,0.0,0.0,0.0,0.0,0.0
2023-02-26 02:00:00,DATAR1,2023-02-26 02:00:00,131121.0,31.0,1.0,16.0,1.0,0.021,1.0,0.002,1.0,0.6,1.0,0.002,1.0,0.026,1.0,0.028,1.0,0.0,0.0,0.0,0.0,0.0,0.0,0.0,0.0
2023-02-26 03:00:00,DATAR1,2023-02-26 03:00:00,131121.0,34.0,1.0,18.0,1.0,0.02,1.0,0.002,1.0,0.6,1.0,0.003,1.0,0.026,1.0,0.028,1.0,0.0,0.0,0.0,0.0,0.0,0.0,0.0,0.0
2023-02-26 04:00:00,DATAR1,2023-02-26 04:00:00,131121.0,36.0,1.0,18.0,1.0,0.022,1.0,0.002,1.0,0.6,1.0,0.002,1.0,0.023,1.0,0.026,1.0,0.0,0.0,0.0,0.0,0.0,0.0,0.0,0.0
2023-02-26 05:00:00,DATAR1,2023-02-26 05:00:00,131121.0,32.0,1.0,18.0,1.0,0.02,1.0,0.002,1.0,0.6,1.0,0.002,1.0,0.026,1.0,0.028,1.0,0.0,0.0,0.0,0.0,0.0,0.0,0.0,0.0
2023-02-26 06:00:00,DATAR1,2023-02-26 06:00:00,131121.0,34.0,1.0,18.0,1.0,0.017,1.0,0.002,1.0,0.6,1.0,0.003,1.0,0.029,1.0,0.032,1.0,0.0,0.0,0.0,0.0,0.0,0.0,0.0,0.0
2023-02-26 07:00:00,DATAR1,2023-02-26 07:00:00,131121.0,31.0,1.0,19.0,1.0,0.012,1.0,0.002,1.0,0.6,1.0,0.003,1.0,0.036,1.0,0.039,1.0,0.0,0.0,0.0,0.0,0.0,0.0,0.0,0.0
2023-02-26 08:00:00,DATAR1,2023-02-26 08:00:00,131121.0,30.0,1.0,18.0,1.0,0.01,1.0,0.002,1.0,0.6,1.0,0.005,1.0,0.038,1.0,0.043,1.0,0.0,0.0,0.0,0.0,0.0,0.0,0.0,0.0
2023-02-26 09:00:00,DATAR1,2023-02-26 09:00:00,131121.0,27.0,1.0,17.0,1.0,0.014,1.0,0.002,1.0,0.7,1.0,0.015,1.0,0.037,1.0,0.052,1.0,0.0,0.0,0.0,0.0,0.0,0.0,0.0,0.0
2023-02-26 10:00:00,DATAR1,2023-02-26 10:00:00,131121.0,34.0,1.0,21.0,1.0,0.022,1.0,0.003,1.0,0.6,1.0,0.013,1.0,0.03,1.0,0.043,1.0,0.0,0.0,0.0,0.0,0.0,0.0,0.0,0.0
2023-02-26 11:00:00,DATAR1,2023-02-26 11:00:00,131121.0,34.0,1.0,22.0,1.0,0.025,1.0,0.003,1.0,0.6,1.0,0.012,1.0,0.028,1.0,0.04,1.0,0.0,0.0,0.0,0.0,0.0,0.0,0.0,0.0
2023-02-26 12:00:00,DATAR1,2023-02-26 12:00:00,131121.0,35.0,1.0,21.0,1.0,0.031,1.0,0.003,1.0,0.6,1.0,0.009,1.0,0.023,1.0,0.031,1.0,0.0,0.0,0.0,0.0,0.0,0.0,0.0,0.0
2023-02-26 13:00:00,DATAR1,2023-02-26 13:00:00,131121.0,32.0,1.0,20.0,1.0,0.033,1.0,0.003,1.0,0.6,1.0,0.009,1.0,0.024,1.0,0.032,1.0,0.0,0.0,0.0,0.0,0.0,0.0,0.0,0.0
2023-02-26 14:00:00,DATAR1,2023-02-26 14:00:00,131121.0,33.0,1.0,19.0,1.0,0.034,1.0,0.003,1.0,0.6,1.0,0.009,1.0,0.024,1.0,0.033,1.0,0.0,0.0,0.0,0.0,0.0,0.0,0.0,0.0
2023-02-26 15:00:00,DATAR1,2023-02-26 15:00:00,131121.0,33.0,1.0,19.0,1.0,0.035,1.0,0.002,1.0,0.5,1.0,0.008,1.0,0.024,1.0,0.033,1.0,0.0,0.0,0.0,0.0,0.0,0.0,0.0,0.0
2023-02-26 16:00:00,DATAR1,2023-02-26 16:00:00,131121.0,37.0,1.0,18.0,1.0,0.036,1.0,0.002,1.0,0.5,1.0,0.006,1.0,0.024,1.0,0.03,1.0,0.0,0.0,0.0,0.0,0.0,0.0,0.0,0.0
2023-02-26 17:00:00,DATAR1,2023-02-26 17:00:00,131121.0,32.0,1.0,13.0,1.0,0.038,1.0,0.002,1.0,0.4,1.0,0.005,1.0,0.023,1.0,0.028,1.0,0.0,0.0,0.0,0.0,0.0,0.0,0.0,0.0
2023-02-26 18:00:00,DATAR1,2023-02-26 18:00:00,131121.0,41.0,1.0,17.0,1.0,0.039,1.0,0.002,1.0,0.4,1.0,0.003,1.0,0.022,1.0,0.026,1.0,0.0,0.0,0.0,0.0,0.0,0.0,0.0,0.0
2023-02-26 19:00:00,DATAR1,2023-02-26 19:00:00,131121.0,36.0,1.0,16.0,1.0,0.038,1.0,0.002,1.0,0.4,1.0,0.003,1.0,0.024,1.0,0.027,1.0,0.0,0.0,0.0,0.0,0.0,0.0,0.0,0.0
2023-02-26 20:00:00,DATAR1,2023-02-26 20:00:00,131121.0,29.0,1.0,19.0,1.0,0.035,1.0,0.002,1.0,0.4,1.0,0.003,1.0,0.027,1.0,0.029,1.0,0.0,0.0,0.0,0.0,0.0,0.0,0.0,0.0
2023-02-26 21:00:00,DATAR1,2023-02-26 21:00:00,131121.0,35.0,1.0,23.0,1.0,0.033,1.0,0.003,1.0,0.6,1.0,0.002,1.0,0.028,1.0,0.03,1.0,0.0,0.0,0.0,0.0,0.0,0.0,0.0,0.0
2023-02-26 22:00:00,DATAR1,2023-02-26 22:00:00,131121.0,34.0,1.0,28.0,1.0,0.03,1.0,0.003,1.0,0.6,1.0,0.002,1.0,0.032,1.0,0.035,1.0,0.0,0.0,0.0,0.0,0.0,0.0,0.0,0.0
2023-02-26 23:00:00,DATAR1,2023-02-26 23:00:00,131121.0,38.0,1.0,30.0,1.0,0.024,1.0,0.003,1.0,0.6,1.0,0.003,1.0,0.039,1.0,0.042,1.0,0.0,0.0,0.0,0.0,0.0,0.0,0.0,0.0
2023-02-27 00:00:00,DATAR1,2023-02-27 00:00:00,131121.0,39.0,1.0,35.0,1.0,0.02,1.0,0.003,1.0,0.7,1.0,0.003,1.0,0.043,1.0,0.046,1.0,0.0,0.0,0.0,0.0,0.0,0.0,0.0,0.0
2023-02-27 01:00:00,DATAR1,2023-02-27 01:00:00,131121.0,41.0,1.0,41.0,1.0,0.012,1.0,0.002,1.0,0.6,1.0,0.003,1.0,0.049,1.0,0.052,1.0,0.0,0.0,0.0,0.0,0.0,0.0,0.0,0.0
2023-02-27 02:00:00,DATAR1,2023-02-27 02:00:00,131121.0,42.0,1.0,33.0,1.0,0.012,1.0,0.002,1.0,0.6,1.0,0.003,1.0,0.047,1.0,0.05,1.0,0.0,0.0,0.0,0.0,0.0,0.0,0.0,0.0
2023-02-27 03:00:00,DATAR1,2023-02-27 03:00:00,131121.0,42.0,1.0,27.0,1.0,0.011,1.0,0.002,1.0,0.7,1.0,0.003,1.0,0.047,1.0,0.05,1.0,0.0,0.0,0.0,0.0,0.0,0.0,0.0,0.0
2023-02-27 04:00:00,DATAR1,2023-02-27 04:00:00,131121.0,41.0,1.0,26.0,1.0,0.006,1.0,0.002,1.0,0.7,1.0,0.004,1.0,0.054,1.0,0.057,1.0,0.0,0.0,0.0,0.0,0.0,0.0,0.0,0.0
2023-02-27 05:00:00,DATAR1,2023-02-27 05:00:00,131121.0,38.0,1.0,31.0,1.0,0.004,1.0,0.002,1.0,0.7,1.0,0.009,1.0,0.055,1.0,0.064,1.0,0.0,0.0,0.0,0.0,0.0,0.0,0.0,0.0
2023-02-27 06:00:00,DATAR1,2023-02-27 06:00:00,131121.0,44.0,1.0,30.0,1.0,0.004,1.0,0.002,1.0,0.7,1.0,0.006,1.0,0.055,1.0,0.061,1.0,0.0,0.0,0.0,0.0,0.0,0.0,0.0,0.0
2023-02-27 07:00:00,DATAR1,2023-02-27 07:00:00,131121.0,34.0,1.0,27.0,1.0,0.002,1.0,0.002,1.0,0.9,1.0,0.055,1.0,0.061,1.0,0.116,1.0,0.0,0.0,0.0,0.0,0.0,0.0,0.0,0.0
2023-02-27 08:00:00,DATAR1,2023-02-27 08:00:00,131121.0,40.0,1.0,31.0,1.0,0.002,1.0,0.004,1.0,1.0,1.0,0.105,1.0,0.065,1.0,0.17,1.0,0.0,0.0,0.0,0.0,0.0,0.0,0.0,0.0
2023-02-27 09:00:00,DATAR1,2023-02-27 09:00:00,131121.0,48.0,1.0,36.0,1.0,0.004,1.0,0.003,1.0,0.7,1.0,0.088,1.0,0.063,1.0,0.15,1.0,0.0,0.0,0.0,0.0,0.0,0.0,0.0,0.0
2023-02-27 10:00:00,DATAR1,2023-02-27 10:00:00,131121.0,40.0,1.0,42.0,1.0,0.013,1.0,0.003,1.0,0.6,1.0,0.038,1.0,0.048,1.0,0.086,1.0,0.0,0.0,0.0,0.0,0.0,0.0,0.0,0.0
2023-02-27 11:00:00,DATAR1,2023-02-27 11:00:00,131121.0,43.0,1.0,36.0,1.0,0.026,1.0,0.003,1.0,0.6,1.0,0.018,1.0,0.037,1.0,0.054,1.0,0.0,0.0,0.0,0.0,0.0,0.0,0.0,0.0
2023-02-27 12:00:00,DATAR1,2023-02-27 12:00:00,131121.0,48.0,1.0,36.0,1.0,0.031,1.0,0.003,1.0,0.6,1.0,0.013,1.0,0.034,1.0,0.047,1.0,0.0,0.0,0.0,0.0,0.0,0.0,0.0,0.0
2023-02-27 13:00:00,DATAR1,2023-02-27 13:00:00,131121.0,59.0,1.0,32.0,1.0,0.034,1.0,0.003,1.0,0.6,1.0,0.013,1.0,0.035,1.0,0.048,1.0,0.0,0.0,0.0,0.0,0.0,0.0,0.0,0.0
2023-02-27 14:00:00,DATAR1,2023-02-27 14:00:00,131121.0,48.0,1.0,34.0,1.0,0.03,1.0,0.003,1.0,0.6,1.0,0.014,1.0,0.038,1.0,0.053,1.0,0.0,0.0,0.0,0.0,0.0,0.0,0.0,0.0
2023-02-27 15:00:00,DATAR1,2023-02-27 15:00:00,131121.0,57.0,1.0,46.0,1.0,0.025,1.0,0.003,1.0,0.6,1.0,0.019,1.0,0.048,1.0,0.066,1.0,0.0,0.0,0.0,0.0,0.0,0.0,0.0,0.0
2023-02-27 16:00:00,DATAR1,2023-02-27 16:00:00,131121.0,56.0,1.0,46.0,1.0,0.024,1.0,0.003,1.0,0.6,1.0,0.017,1.0,0.049,1.0,0.066,1.0,0.0,0.0,0.0,0.0,0.0,0.0,0.0,0.0
2023-02-27 17:00:00,DATAR1,2023-02-27 17:00:00,131121.0,60.0,1.0,41.0,1.0,0.038,1.0,0.005,1.0,0.6,1.0,0.008,1.0,0.042,1.0,0.049,1.0,0.0,0.0,0.0,0.0,0.0,0.0,0.0,0.0
2023-02-27 18:00:00,DATAR1,2023-02-27 18:00:00,131121.0,56.0,1.0,40.0,1.0,0.051,1.0,0.004,1.0,0.5,1.0,0.004,1.0,0.037,1.0,0.041,1.0,0.0,0.0,0.0,0.0,0.0,0.0,0.0,0.0
2023-02-27 19:00:00,DATAR1,2023-02-27 19:00:00,131121.0,32.0,1.0,32.0,1.0,0.042,1.0,0.004,1.0,0.4,1.0,0.003,1.0,0.033,1.0,0.036,1.0,0.0,0.0,0.0,0.0,0.0,0.0,0.0,0.0
2023-02-27 20:00:00,DATAR1,2023-02-27 20:00:00,131121.0,21.0,1.0,25.0,1.0,0.036,1.0,0.003,1.0,0.4,1.0,0.003,1.0,0.035,1.0,0.037,1.0,0.0,0.0,0.0,0.0,0.0,0.0,0.0,0.0
2023-02-27 21:00:00,DATAR1,2023-02-27 21:00:00,131121.0,29.0,1.0,21.0,1.0,0.022,1.0,0.003,1.0,0.5,1.0,0.003,1.0,0.05,1.0,0.053,1.0,0.0,0.0,0.0,0.0,0.0,0.0,0.0,0.0
2023-02-27 22:00:00,DATAR1,2023-02-27 22:00:00,131121.0,34.0,1.0,20.0,1.0,0.01,1.0,0.003,1.0,0.5,1.0,0.004,1.0,0.06,1.0,0.064,1.0,0.0,0.0,0.0,0.0,0.0,0.0,0.0,0.0
2023-02-27 23:00:00,DATAR1,2023-02-27 23:00:00,131121.0,41.0,1.0,26.0,1.0,0.009,1.0,0.003,1.0,0.5,1.0,0.005,1.0,0.059,1.0,0.064,1.0,0.0,0.0,0.0,0.0,0.0,0.0,0.0,0.0
2023-02-28 00:00:00,DATAR1,2023-02-28 00:00:00,131121.0,39.0,1.0,30.0,1.0,0.004,1.0,0.002,1.0,0.6,1.0,0.007,1.0,0.065,1.0,0.072,1.0,0.0,0.0,0.0,0.0,0.0,0.0,0.0,0.0
2023-02-28 01:00:00,DATAR1,2023-02-28 01:00:00,131121.0,42.0,1.0,26.0,1.0,0.005,1.0,0.002,1.0,0.6,1.0,0.006,1.0,0.062,1.0,0.068,1.0,0.0,0.0,0.0,0.0,0.0,0.0,0.0,0.0
2023-02-28 02:00:00,DATAR1,2023-02-28 02:00:00,131121.0,36.0,1.0,21.0,1.0,0.002,1.0,0.002,1.0,0.7,1.0,0.007,1.0,0.064,1.0,0.071,1.0,0.0,0.0,0.0,0.0,0.0,0.0,0.0,0.0
2023-02-28 03:00:00,DATAR1,2023-02-28 03:00:00,131121.0,34.0,1.0,24.0,1.0,0.002,1.0,0.002,1.0,0.7,1.0,0.018,1.0,0.063,1.0,0.081,1.0,0.0,0.0,0.0,0.0,0.0,0.0,0.0,0.0
2023-02-28 04:00:00,DATAR1,2023-02-28 04:00:00,131121.0,34.0,1.0,27.0,1.0,0.004,1.0,0.002,1.0,0.6,1.0,0.01,1.0,0.058,1.0,0.068,1.0,0.0,0.0,0.0,0.0,0.0,0.0,0.0,0.0
2023-02-28 05:00:00,DATAR1,2023-02-28 05:00:00,131121.0,25.0,1.0,26.0,1.0,0.011,1.0,0.002,1.0,0.6,1.0,0.006,1.0,0.05,1.0,0.056,1.0,0.0,0.0,0.0,0.0,0.0,0.0,0.0,0.0
2023-02-28 06:00:00,DATAR1,2023-02-28 06:00:00,131121.0,30.0,1.0,25.0,1.0,0.004,1.0,0.002,1.0,0.7,1.0,0.019,1.0,0.061,1.0,0.079,1.0,0.0,0.0,0.0,0.0,0.0,0.0,0.0,0.0
2023-02-28 07:00:00,DATAR1,2023-02-28 07:00:00,131121.0,23.0,1.0,24.0,1.0,0.002,1.0,0.003,1.0,0.8,1.0,0.064,1.0,0.067,1.0,0.131,1.0,0.0,0.0,0.0,0.0,0.0,0.0,0.0,0.0
2023-02-28 08:00:00,DATAR1,2023-02-28 08:00:00,131121.0,29.0,1.0,25.0,1.0,0.002,1.0,0.003,1.0,0.9,1.0,0.09,1.0,0.07,1.0,0.16,1.0,0.0,0.0,0.0,0.0,0.0,0.0,0.0,0.0
2023-02-28 09:00:00,DATAR1,2023-02-28 09:00:00,131121.0,35.0,1.0,28.0,1.0,0.005,1.0,0.003,1.0,1.0,1.0,0.083,1.0,0.07,1.0,0.153,1.0,0.0,0.0,0.0,0.0,0.0,0.0,0.0,0.0
2023-02-28 10:00:00,DATAR1,2023-02-28 10:00:00,131121.0,37.0,1.0,34.0,1.0,0.023,1.0,0.004,1.0,0.8,1.0,0.022,1.0,0.048,1.0,0.071,1.0,0.0,0.0,0.0,0.0,0.0,0.0,0.0,0.0
2023-02-28 11:00:00,DATAR1,2023-02-28 11:00:00,131121.0,45.0,1.0,39.0,1.0,0.034,1.0,0.004,1.0,0.6,1.0,0.012,1.0,0.039,1.0,0.05,1.0,0.0,0.0,0.0,0.0,0.0,0.0,0.0,0.0
2023-02-28 12:00:00,DATAR1,2023-02-28 12:00:00,131121.0,31.0,1.0,36.0,1.0,0.042,1.0,0.003,1.0,0.6,1.0,0.007,1.0,0.026,1.0,0.033,1.0,0.0,0.0,0.0,0.0,0.0,0.0,0.0,0.0
2023-02-28 13:00:00,DATAR1,2023-02-28 13:00:00,131121.0,23.0,1.0,31.0,1.0,0.042,1.0,0.003,1.0,0.5,1.0,0.006,1.0,0.025,1.0,0.031,1.0,0.0,0.0,0.0,0.0,0.0,0.0,0.0,0.0
2023-02-28 14:00:00,DATAR1,2023-02-28 14:00:00,131121.0,30.0,1.0,26.0,1.0,0.046,1.0,0.003,1.0,0.5,1.0,0.006,1.0,0.023,1.0,0.029,1.0,0.0,0.0,0.0,0.0,0.0,0.0,0.0,0.0
2023-02-28 15:00:00,DATAR1,2023-02-28 15:00:00,131121.0,35.0,1.0,25.0,1.0,0.049,1.0,0.002,1.0,0.5,1.0,0.005,1.0,0.022,1.0,0.027,1.0,0.0,0.0,0.0,0.0,0.0,0.0,0.0,0.0
2023-02-28 16:00:00,DATAR1,2023-02-28 16:00:00,131121.0,46.0,1.0,24.0,1.0,0.048,1.0,0.002,1.0,0.5,1.0,0.004,1.0,0.021,1.0,0.025,1.0,0.0,0.0,0.0,0.0,0.0,0.0,0.0,0.0
2023-02-28 17:00:00,DATAR1,2023-02-28 17:00:00,131121.0,45.0,1.0,23.0,1.0,0.047,1.0,0.002,1.0,0.5,1.0,0.004,1.0,0.021,1.0,0.025,1.0,0.0,0.0,0.0,0.0,0.0,0.0,0.0,0.0
2023-02-28 18:00:00,DATAR1,2023-02-28 18:00:00,131121.0,47.0,1.0,22.0,1.0,0.044,1.0,0.002,1.0,0.5,1.0,0.003,1.0,0.022,1.0,0.025,1.0,0.0,0.0,0.0,0.0,0.0,0.0,0.0,0.0
2023-02-28 19:00:00,DATAR1,2023-02-28 19:00:00,131121.0,30.0,1.0,30.0,1.0,0.039,1.0,0.002,1.0,0.4,1.0,0.003,1.0,0.025,1.0,0.028,1.0,0.0,0.0,0.0,0.0,0.0,0.0,0.0,0.0
2023-02-28 20:00:00,DATAR1,2023-02-28 20:00:00,131121.0,23.0,1.0,24.0,1.0,0.038,1.0,0.002,1.0,0.4,1.0,0.002,1.0,0.023,1.0,0.026,1.0,0.0,0.0,0.0,0.0,0.0,0.0,0.0,0.0
2023-02-28 21:00:00,DATAR1,2023-02-28 21:00:00,131121.0,14.0,1.0,19.0,1.0,0.038,1.0,0.002,1.0,0.4,1.0,0.002,1.0,0.022,1.0,0.024,1.0,0.0,0.0,0.0,0.0,0.0,0.0,0.0,0.0
2023-02-28 22:00:00,DATAR1,2023-02-28 22:00:00,131121.0,18.0,1.0,17.0,1.0,0.036,1.0,0.002,1.0,0.4,1.0,0.003,1.0,0.023,1.0,0.025,1.0,0.0,0.0,0.0,0.0,0.0,0.0,0.0,0.0
2023-02-28 23:00:00,DATAR1,2023-02-28 23:00:00,131121.0,17.0,1.0,14.0,1.0,0.036,1.0,0.002,1.0,0.4,1.0,0.002,1.0,0.023,1.0,0.026,1.0,0.0,0.0,0.0,0.0,0.0,0.0,0.0,0.0
2023-03-01 00:00:00,DATAR1,2023-03-01 00:00:00,131121.0,16.0,1.0,16.0,1.0,0.035,1.0,0.002,1.0,0.4,1.0,0.002,1.0,0.024,1.0,0.026,1.0,0.0,0.0,0.0,0.0,0.0,0.0,0.0,0.0
2023-03-01 01:00:00,DATAR1,2023-03-01 01:00:00,131121.0,20.0,1.0,15.0,1.0,0.034,1.0,0.002,1.0,0.5,1.0,0.002,1.0,0.023,1.0,0.026,1.0,0.0,0.0,0.0,0.0,0.0,0.0,0.0,0.0
2023-03-01 02:00:00,DATAR1,2023-03-01 02:00:00,131121.0,29.0,1.0,18.0,1.0,0.039,1.0,0.002,1.0,0.4,1.0,0.002,1.0,0.019,1.0,0.021,1.0,0.0,0.0,0.0,0.0,0.0,0.0,0.0,0.0
2023-03-01 03:00:00,DATAR1,2023-03-01 03:00:00,131121.0,24.0,1.0,19.0,1.0,0.04,1.0,0.002,1.0,0.4,1.0,0.002,1.0,0.019,1.0,0.021,1.0,0.0,0.0,0.0,0.0,0.0,0.0,0.0,0.0
2023-03-01 04:00:00,DATAR1,2023-03-01 04:00:00,131121.0,22.0,1.0,18.0,1.0,0.038,1.0,0.002,1.0,0.4,1.0,0.002,1.0,0.019,1.0,0.022,1.0,0.0,0.0,0.0,0.0,0.0,0.0,0.0,0.0
2023-03-01 05:00:00,DATAR1,2023-03-01 05:00:00,131121.0,29.0,1.0,18.0,1.0,0.029,1.0,0.002,1.0,0.5,1.0,0.002,1.0,0.025,1.0,0.028,1.0,0.0,0.0,0.0,0.0,0.0,0.0,0.0,0.0
2023-03-01 06:00:00,DATAR1,2023-03-01 06:00:00,131121.0,30.0,1.0,24.0,1.0,0.026,1.0,0.002,1.0,0.4,1.0,0.002,1.0,0.028,1.0,0.03,1.0,0.0,0.0,0.0,0.0,0.0,0.0,0.0,0.0
2023-03-01 07:00:00,DATAR1,2023-03-01 07:00:00,131121.0,24.0,1.0,25.0,1.0,0.019,1.0,0.002,1.0,0.4,1.0,0.004,1.0,0.036,1.0,0.04,1.0,0.0,0.0,0.0,0.0,0.0,0.0,0.0,0.0
2023-03-01 08:00:00,DATAR1,2023-03-01 08:00:00,131121.0,26.0,1.0,26.0,1.0,0.013,1.0,0.002,1.0,0.4,1.0,0.005,1.0,0.041,1.0,0.046,1.0,0.0,0.0,0.0,0.0,0.0,0.0,0.0,0.0
2023-03-01 09:00:00,DATAR1,2023-03-01 09:00:00,131121.0,31.0,1.0,33.0,1.0,0.014,1.0,0.002,1.0,0.5,1.0,0.006,1.0,0.042,1.0,0.048,1.0,0.0,0.0,0.0,0.0,0.0,0.0,0.0,0.0
2023-03-01 10:00:00,DATAR1,2023-03-01 10:00:00,131121.0,29.0,1.0,32.0,1.0,0.027,1.0,0.002,1.0,0.4,1.0,0.006,1.0,0.033,1.0,0.039,1.0,0.0,0.0,0.0,0.0,0.0,0.0,0.0,0.0
2023-03-01 11:00:00,DATAR1,2023-03-01 11:00:00,131121.0,24.0,1.0,26.0,1.0,0.038,1.0,0.002,1.0,0.4,1.0,0.004,1.0,0.024,1.0,0.028,1.0,0.0,0.0,0.0,0.0,0.0,0.0,0.0,0.0
2023-03-01 12:00:00,DATAR1,2023-03-01 12:00:00,131121.0,20.0,1.0,18.0,1.0,0.042,1.0,0.002,1.0,0.4,1.0,0.003,1.0,0.022,1.0,0.025,1.0,0.0,0.0,0.0,0.0,0.0,0.0,0.0,0.0
2023-03-01 13:00:00,DATAR1,2023-03-01 13:00:00,131121.0,34.0,1.0,20.0,1.0,0.047,1.0,0.002,1.0,0.4,1.0,0.003,1.0,0.02,1.0,0.023,1.0,0.0,0.0,0.0,0.0,0.0,0.0,0.0,0.0
2023-03-01 14:00:00,DATAR1,2023-03-01 14:00:00,131121.0,34.0,1.0,22.0,1.0,0.049,1.0,0.002,1.0,0.4,1.0,0.004,1.0,0.019,1.0,0.022,1.0,0.0,0.0,0.0,0.0,0.0,0.0,0.0,0.0
2023-03-01 15:00:00,DATAR1,2023-03-01 15:00:00,131121.0,51.0,1.0,27.0,1.0,0.048,1.0,0.002,1.0,0.5,1.0,0.003,1.0,0.017,1.0,0.02,1.0,0.0,0.0,0.0,0.0,0.0,0.0,0.0,0.0
2023-03-01 16:00:00,DATAR1,2023-03-01 16:00:00,131121.0,62.0,1.0,27.0,1.0,0.047,1.0,0.002,1.0,0.4,1.0,0.003,1.0,0.016,1.0,0.018,1.0,0.0,0.0,0.0,0.0,0.0,0.0,0.0,0.0
2023-03-01 17:00:00,DATAR1,2023-03-01 17:00:00,131121.0,68.0,1.0,21.0,1.0,0.043,1.0,0.002,1.0,0.3,1.0,0.003,1.0,0.014,1.0,0.017,1.0,0.0,0.0,0.0,0.0,0.0,0.0,0.0,0.0
2023-03-01 18:00:00,DATAR1,2023-03-01 18:00:00,131121.0,57.0,1.0,12.0,1.0,0.04,1.0,0.002,1.0,0.3,1.0,0.003,1.0,0.014,1.0,0.018,1.0,0.0,0.0,0.0,0.0,0.0,0.0,0.0,0.0
2023-03-01 19:00:00,DATAR1,2023-03-01 19:00:00,131121.0,42.0,1.0,7.0,1.0,0.038,1.0,0.002,1.0,0.3,1.0,0.003,1.0,0.015,1.0,0.018,1.0,0.0,0.0,0.0,0.0,0.0,0.0,0.0,0.0
2023-03-01 20:00:00,DATAR1,2023-03-01 20:00:00,131121.0,34.0,1.0,6.0,1.0,0.037,1.0,0.002,1.0,0.3,1.0,0.002,1.0,0.015,1.0,0.018,1.0,0.0,0.0,0.0,0.0,0.0,0.0,0.0,0.0
2023-03-01 21:00:00,DATAR1,2023-03-01 21:00:00,131121.0,26.0,1.0,3.0,1.0,0.038,1.0,0.002,1.0,0.3,1.0,0.002,1.0,0.015,1.0,0.017,1.0,0.0,0.0,0.0,0.0,0.0,0.0,0.0,0.0
2023-03-01 22:00:00,DATAR1,2023-03-01 22:00:00,131121.0,29.0,1.0,6.0,1.0,0.038,1.0,0.002,1.0,0.3,1.0,0.002,1.0,0.015,1.0,0.017,1.0,0.0,0.0,0.0,0.0,0.0,0.0,0.0,0.0
2023-03-01 23:00:00,DATAR1,2023-03-01 23:00:00,131121.0,22.0,1.0,8.0,1.0,0.037,1.0,0.002,1.0,0.4,1.0,0.002,1.0,0.015,1.0,0.017,1.0,0.0,0.0,0.0,0.0,0.0,0.0,0.0,0.0
2023-03-02 00:00:00,DATAR1,2023-03-02 00:00:00,131121.0,32.0,1.0,9.0,1.0,0.036,1.0,0.002,1.0,0.4,1.0,0.002,1.0,0.015,1.0,0.017,1.0,0.0,0.0,0.0,0.0,0.0,0.0,0.0,0.0
2023-03-02 01:00:00,DATAR1,2023-03-02 01:00:00,131121.0,24.0,1.0,11.0,1.0,0.036,1.0,0.002,1.0,0.3,1.0,0.002,1.0,0.015,1.0,0.017,1.0,0.0,0.0,0.0,0.0,0.0,0.0,0.0,0.0
2023-03-02 02:00:00,DATAR1,2023-03-02 02:00:00,131121.0,32.0,1.0,15.0,1.0,0.035,1.0,0.002,1.0,0.3,1.0,0.002,1.0,0.014,1.0,0.016,1.0,0.0,0.0,0.0,0.0,0.0,0.0,0.0,0.0
2023-03-02 03:00:00,DATAR1,2023-03-02 03:00:00,131121.0,31.0,1.0,14.0,1.0,0.034,1.0,0.002,1.0,0.4,1.0,0.002,1.0,0.014,1.0,0.016,1.0,0.0,0.0,0.0,0.0,0.0,0.0,0.0,0.0
2023-03-02 04:00:00,DATAR1,2023-03-02 04:00:00,131121.0,31.0,1.0,14.0,1.0,0.034,1.0,0.002,1.0,0.4,1.0,0.002,1.0,0.014,1.0,0.016,1.0,0.0,0.0,0.0,0.0,0.0,0.0,0.0,0.0
2023-03-02 05:00:00,DATAR1,2023-03-02 05:00:00,131121.0,38.0,1.0,13.0,1.0,0.034,1.0,0.002,1.0,0.3,1.0,0.002,1.0,0.014,1.0,0.016,1.0,0.0,0.0,0.0,0.0,0.0,0.0,0.0,0.0
2023-03-02 06:00:00,DATAR1,2023-03-02 06:00:00,131121.0,48.0,1.0,11.0,1.0,0.032,1.0,0.002,1.0,0.3,1.0,0.002,1.0,0.017,1.0,0.019,1.0,0.0,0.0,0.0,0.0,0.0,0.0,0.0,0.0
2023-03-02 07:00:00,DATAR1,2023-03-02 07:00:00,131121.0,61.0,1.0,11.0,1.0,0.025,1.0,0.002,1.0,0.3,1.0,0.003,1.0,0.024,1.0,0.027,1.0,0.0,0.0,0.0,0.0,0.0,0.0,0.0,0.0
2023-03-02 08:00:00,DATAR1,2023-03-02 08:00:00,131121.0,67.0,1.0,10.0,1.0,0.021,1.0,0.002,1.0,0.3,1.0,0.005,1.0,0.03,1.0,0.035,1.0,0.0,0.0,0.0,0.0,0.0,0.0,0.0,0.0
2023-03-02 09:00:00,DATAR1,2023-03-02 09:00:00,131121.0,73.0,1.0,10.0,1.0,0.022,1.0,0.002,1.0,0.3,1.0,0.01,1.0,0.028,1.0,0.038,1.0,0.0,0.0,0.0,0.0,0.0,0.0,0.0,0.0
2023-03-02 10:00:00,DATAR1,2023-03-02 10:00:00,131121.0,84.0,1.0,12.0,1.0,0.03,1.0,0.002,1.0,0.2,1.0,0.009,1.0,0.021,1.0,0.03,1.0,0.0,0.0,0.0,0.0,0.0,0.0,0.0,0.0
2023-03-02 11:00:00,DATAR1,2023-03-02 11:00:00,131121.0,82.0,1.0,12.0,1.0,0.033,1.0,0.002,1.0,0.3,1.0,0.007,1.0,0.018,1.0,0.024,1.0,0.0,0.0,0.0,0.0,0.0,0.0,0.0,0.0
2023-03-02 12:00:00,DATAR1,2023-03-02 12:00:00,131121.0,76.0,1.0,12.0,1.0,0.035,1.0,0.002,1.0,0.3,1.0,0.005,1.0,0.016,1.0,0.021,1.0,0.0,0.0,0.0,0.0,0.0,0.0,0.0,0.0
2023-03-02 13:00:00,DATAR1,2023-03-02 13:00:00,131121.0,77.0,1.0,12.0,1.0,0.036,1.0,0.002,1.0,0.4,1.0,0.006,1.0,0.016,1.0,0.022,1.0,0.0,0.0,0.0,0.0,0.0,0.0,0.0,0.0
2023-03-02 14:00:00,DATAR1,2023-03-02 14:00:00,131121.0,74.0,1.0,13.0,1.0,0.037,1.0,0.002,1.0,0.4,1.0,0.005,1.0,0.016,1.0,0.021,1.0,0.0,0.0,0.0,0.0,0.0,0.0,0.0,0.0
2023-03-02 15:00:00,DATAR1,2023-03-02 15:00:00,131121.0,66.0,1.0,12.0,1.0,0.04,1.0,0.002,1.0,0.4,1.0,0.004,1.0,0.015,1.0,0.02,1.0,0.0,0.0,0.0,0.0,0.0,0.0,0.0,0.0
2023-03-02 16:00:00,DATAR1,2023-03-02 16:00:00,131121.0,68.0,1.0,11.0,1.0,0.04,1.0,0.002,1.0,0.3,1.0,0.004,1.0,0.015,1.0,0.019,1.0,0.0,0.0,0.0,0.0,0.0,0.0,0.0,0.0
2023-03-02 17:00:00,DATAR1,2023-03-02 17:00:00,131121.0,60.0,1.0,8.0,1.0,0.038,1.0,0.002,1.0,0.3,1.0,0.004,1.0,0.017,1.0,0.021,1.0,0.0,0.0,0.0,0.0,0.0,0.0,0.0,0.0
2023-03-02 18:00:00,DATAR1,2023-03-02 18:00:00,131121.0,65.0,1.0,11.0,1.0,0.036,1.0,0.002,1.0,0.3,1.0,0.004,1.0,0.02,1.0,0.023,1.0,0.0,0.0,0.0,0.0,0.0,0.0,0.0,0.0
2023-03-02 19:00:00,DATAR1,2023-03-02 19:00:00,131121.0,55.0,1.0,13.0,1.0,0.033,1.0,0.002,1.0,0.3,1.0,0.003,1.0,0.023,1.0,0.026,1.0,0.0,0.0,0.0,0.0,0.0,0.0,0.0,0.0
2023-03-02 20:00:00,DATAR1,2023-03-02 20:00:00,131121.0,49.0,1.0,16.0,1.0,0.032,1.0,0.002,1.0,0.3,1.0,0.003,1.0,0.023,1.0,0.026,1.0,0.0,0.0,0.0,0.0,0.0,0.0,0.0,0.0
2023-03-02 21:00:00,DATAR1,2023-03-02 21:00:00,131121.0,38.0,1.0,12.0,1.0,0.034,1.0,0.002,1.0,0.4,1.0,0.002,1.0,0.02,1.0,0.022,1.0,0.0,0.0,0.0,0.0,0.0,0.0,0.0,0.0
2023-03-02 22:00:00,DATAR1,2023-03-02 22:00:00,131121.0,34.0,1.0,12.0,1.0,0.027,1.0,0.002,1.0,0.4,1.0,0.003,1.0,0.028,1.0,0.03,1.0,0.0,0.0,0.0,0.0,0.0,0.0,0.0,0.0
2023-03-02 23:00:00,DATAR1,2023-03-02 23:00:00,131121.0,35.0,1.0,12.0,1.0,0.018,1.0,0.002,1.0,0.4,1.0,0.003,1.0,0.038,1.0,0.04,1.0,0.0,0.0,0.0,0.0,0.0,0.0,0.0,0.0
2023-03-03 00:00:00,DATAR1,2023-03-03 00:00:00,131121.0,30.0,1.0,12.0,1.0,0.019,1.0,0.002,1.0,0.5,1.0,0.003,1.0,0.034,1.0,0.037,1.0,0.0,0.0,0.0,0.0,0.0,0.0,0.0,0.0
2023-03-03 01:00:00,DATAR1,2023-03-03 01:00:00,131121.0,37.0,1.0,15.0,1.0,0.016,1.0,0.002,1.0,0.4,1.0,0.002,1.0,0.037,1.0,0.04,1.0,0.0,0.0,0.0,0.0,0.0,0.0,0.0,0.0
2023-03-03 02:00:00,DATAR1,2023-03-03 02:00:00,131121.0,33.0,1.0,14.0,1.0,0.013,1.0,0.002,1.0,0.5,1.0,0.003,1.0,0.039,1.0,0.042,1.0,0.0,0.0,0.0,0.0,0.0,0.0,0.0,0.0
2023-03-03 03:00:00,DATAR1,2023-03-03 03:00:00,131121.0,27.0,1.0,8.0,1.0,0.008,1.0,0.002,1.0,0.5,1.0,0.003,1.0,0.044,1.0,0.048,1.0,0.0,0.0,0.0,0.0,0.0,0.0,0.0,0.0
2023-03-03 04:00:00,DATAR1,2023-03-03 04:00:00,131121.0,33.0,1.0,12.0,1.0,0.009,1.0,0.002,1.0,0.4,1.0,0.003,1.0,0.041,1.0,0.044,1.0,0.0,0.0,0.0,0.0,0.0,0.0,0.0,0.0
2023-03-03 05:00:00,DATAR1,2023-03-03 05:00:00,131121.0,30.0,1.0,17.0,1.0,0.013,1.0,0.002,1.0,0.5,1.0,0.004,1.0,0.036,1.0,0.039,1.0,0.0,0.0,0.0,0.0,0.0,0.0,0.0,0.0
2023-03-03 06:00:00,DATAR1,2023-03-03 06:00:00,131121.0,38.0,1.0,16.0,1.0,0.012,1.0,0.002,1.0,0.5,1.0,0.005,1.0,0.037,1.0,0.043,1.0,0.0,0.0,0.0,0.0,0.0,0.0,0.0,0.0
2023-03-03 07:00:00,DATAR1,2023-03-03 07:00:00,131121.0,40.0,1.0,20.0,1.0,0.007,1.0,0.002,1.0,0.5,1.0,0.011,1.0,0.045,1.0,0.055,1.0,0.0,0.0,0.0,0.0,0.0,0.0,0.0,0.0
2023-03-03 08:00:00,DATAR1,2023-03-03 08:00:00,131121.0,40.0,1.0,21.0,1.0,0.012,1.0,0.002,1.0,0.4,1.0,0.01,1.0,0.04,1.0,0.05,1.0,0.0,0.0,0.0,0.0,0.0,0.0,0.0,0.0
2023-03-03 09:00:00,DATAR1,2023-03-03 09:00:00,131121.0,33.0,1.0,21.0,1.0,0.016,1.0,0.002,1.0,0.4,1.0,0.023,1.0,0.038,1.0,0.06,1.0,0.0,0.0,0.0,0.0,0.0,0.0,0.0,0.0
2023-03-03 10:00:00,DATAR1,2023-03-03 10:00:00,131121.0,30.0,1.0,16.0,1.0,0.025,1.0,0.002,1.0,0.4,1.0,0.01,1.0,0.029,1.0,0.039,1.0,0.0,0.0,0.0,0.0,0.0,0.0,0.0,0.0
2023-03-03 11:00:00,DATAR1,2023-03-03 11:00:00,131121.0,34.0,1.0,13.0,1.0,0.026,1.0,0.002,1.0,0.5,1.0,0.012,1.0,0.03,1.0,0.042,1.0,0.0,0.0,0.0,0.0,0.0,0.0,0.0,0.0
2023-03-03 12:00:00,DATAR1,2023-03-03 12:00:00,131121.0,40.0,1.0,12.0,1.0,0.03,1.0,0.003,1.0,0.5,1.0,0.011,1.0,0.027,1.0,0.038,1.0,0.0,0.0,0.0,0.0,0.0,0.0,0.0,0.0
2023-03-03 13:00:00,DATAR1,2023-03-03 13:00:00,131121.0,42.0,1.0,11.0,1.0,0.036,1.0,0.003,1.0,0.4,1.0,0.008,1.0,0.023,1.0,0.031,1.0,0.0,0.0,0.0,0.0,0.0,0.0,0.0,0.0
2023-03-03 14:00:00,DATAR1,2023-03-03 14:00:00,131121.0,42.0,1.0,11.0,1.0,0.042,1.0,0.003,1.0,0.4,1.0,0.006,1.0,0.019,1.0,0.025,1.0,0.0,0.0,0.0,0.0,0.0,0.0,0.0,0.0
2023-03-03 15:00:00,DATAR1,2023-03-03 15:00:00,131121.0,52.0,1.0,11.0,1.0,0.044,1.0,0.003,1.0,0.4,1.0,0.004,1.0,0.018,1.0,0.022,1.0,0.0,0.0,0.0,0.0,0.0,0.0,0.0,0.0
2023-03-03 16:00:00,DATAR1,2023-03-03 16:00:00,131121.0,53.0,1.0,12.0,1.0,0.045,1.0,0.003,1.0,0.4,1.0,0.004,1.0,0.019,1.0,0.023,1.0,0.0,0.0,0.0,0.0,0.0,0.0,0.0,0.0
2023-03-03 17:00:00,DATAR1,2023-03-03 17:00:00,131121.0,51.0,1.0,13.0,1.0,0.042,1.0,0.002,1.0,0.4,1.0,0.004,1.0,0.021,1.0,0.025,1.0,0.0,0.0,0.0,0.0,0.0,0.0,0.0,0.0
2023-03-03 18:00:00,DATAR1,2023-03-03 18:00:00,131121.0,52.0,1.0,14.0,1.0,0.04,1.0,0.002,1.0,0.4,1.0,0.003,1.0,0.022,1.0,0.025,1.0,0.0,0.0,0.0,0.0,0.0,0.0,0.0,0.0
2023-03-03 19:00:00,DATAR1,2023-03-03 19:00:00,131121.0,48.0,1.0,16.0,1.0,0.038,1.0,0.002,1.0,0.4,1.0,0.003,1.0,0.023,1.0,0.025,1.0,0.0,0.0,0.0,0.0,0.0,0.0,0.0,0.0
2023-03-03 20:00:00,DATAR1,2023-03-03 20:00:00,131121.0,46.0,1.0,17.0,1.0,0.033,1.0,0.002,1.0,0.4,1.0,0.004,1.0,0.029,1.0,0.033,1.0,0.0,0.0,0.0,0.0,0.0,0.0,0.0,0.0
2023-03-03 21:00:00,DATAR1,2023-03-03 21:00:00,131121.0,69.0,1.0,18.0,1.0,0.032,1.0,0.002,1.0,0.4,1.0,0.003,1.0,0.028,1.0,0.031,1.0,0.0,0.0,0.0,0.0,0.0,0.0,0.0,0.0
2023-03-03 22:00:00,DATAR1,2023-03-03 22:00:00,131121.0,45.0,1.0,21.0,1.0,0.028,1.0,0.002,1.0,0.4,1.0,0.002,1.0,0.032,1.0,0.034,1.0,0.0,0.0,0.0,0.0,0.0,0.0,0.0,0.0
2023-03-03 23:00:00,DATAR1,2023-03-03 23:00:00,131121.0,54.0,1.0,25.0,1.0,0.018,1.0,0.002,1.0,0.5,1.0,0.003,1.0,0.043,1.0,0.046,1.0,0.0,0.0,0.0,0.0,0.0,0.0,0.0,0.0
2023-03-04 00:00:00,DATAR1,2023-03-04 00:00:00,131121.0,53.0,1.0,28.0,1.0,0.006,1.0,0.002,1.0,0.6,1.0,0.006,1.0,0.055,1.0,0.06,1.0,0.0,0.0,0.0,0.0,0.0,0.0,0.0,0.0
2023-03-04 01:00:00,DATAR1,2023-03-04 01:00:00,131121.0,54.0,1.0,29.0,1.0,0.007,1.0,0.002,1.0,0.7,1.0,0.004,1.0,0.052,1.0,0.056,1.0,0.0,0.0,0.0,0.0,0.0,0.0,0.0,0.0
2023-03-04 02:00:00,DATAR1,2023-03-04 02:00:00,131121.0,57.0,1.0,30.0,1.0,0.016,1.0,0.002,1.0,0.6,1.0,0.003,1.0,0.038,1.0,0.041,1.0,0.0,0.0,0.0,0.0,0.0,0.0,0.0,0.0
2023-03-04 03:00:00,DATAR1,2023-03-04 03:00:00,131121.0,45.0,1.0,34.0,1.0,0.022,1.0,0.001,1.0,0.5,1.0,0.003,1.0,0.03,1.0,0.033,1.0,0.0,0.0,0.0,0.0,0.0,0.0,0.0,0.0
2023-03-04 04:00:00,DATAR1,2023-03-04 04:00:00,131121.0,46.0,1.0,36.0,1.0,0.018,1.0,0.001,1.0,0.5,1.0,0.002,1.0,0.032,1.0,0.034,1.0,0.0,0.0,0.0,0.0,0.0,0.0,0.0,0.0
2023-03-04 05:00:00,DATAR1,2023-03-04 05:00:00,131121.0,39.0,1.0,32.0,1.0,0.009,1.0,0.001,1.0,0.5,1.0,0.003,1.0,0.04,1.0,0.042,1.0,0.0,0.0,0.0,0.0,0.0,0.0,0.0,0.0
2023-03-04 06:00:00,DATAR1,2023-03-04 06:00:00,131121.0,40.0,1.0,34.0,1.0,0.007,1.0,0.001,1.0,0.5,1.0,0.003,1.0,0.04,1.0,0.044,1.0,0.0,0.0,0.0,0.0,0.0,0.0,0.0,0.0
2023-03-04 07:00:00,DATAR1,2023-03-04 07:00:00,131121.0,40.0,1.0,34.0,1.0,0.003,1.0,0.002,1.0,0.5,1.0,0.011,1.0,0.047,1.0,0.058,1.0,0.0,0.0,0.0,0.0,0.0,0.0,0.0,0.0
2023-03-04 08:00:00,DATAR1,2023-03-04 08:00:00,131121.0,50.0,1.0,36.0,1.0,0.007,1.0,0.002,1.0,0.4,1.0,0.01,1.0,0.042,1.0,0.051,1.0,0.0,0.0,0.0,0.0,0.0,0.0,0.0,0.0
2023-03-04 09:00:00,DATAR1,2023-03-04 09:00:00,131121.0,46.0,1.0,40.0,1.0,0.025,1.0,0.001,1.0,0.5,1.0,0.006,1.0,0.03,1.0,0.037,1.0,0.0,0.0,0.0,0.0,0.0,0.0,0.0,0.0
2023-03-04 10:00:00,DATAR1,2023-03-04 10:00:00,131121.0,52.0,1.0,41.0,1.0,0.021,1.0,0.002,1.0,0.5,1.0,0.009,1.0,0.033,1.0,0.043,1.0,0.0,0.0,0.0,0.0,0.0,0.0,0.0,0.0
2023-03-04 11:00:00,DATAR1,2023-03-04 11:00:00,131121.0,62.0,1.0,40.0,1.0,0.029,1.0,0.002,1.0,0.5,1.0,0.008,1.0,0.028,1.0,0.037,1.0,0.0,0.0,0.0,0.0,0.0,0.0,0.0,0.0
2023-03-04 12:00:00,DATAR1,2023-03-04 12:00:00,131121.0,71.0,1.0,38.0,1.0,0.036,1.0,0.002,1.0,0.5,1.0,0.006,1.0,0.025,1.0,0.031,1.0,0.0,0.0,0.0,0.0,0.0,0.0,0.0,0.0
2023-03-04 13:00:00,DATAR1,2023-03-04 13:00:00,131121.0,65.0,1.0,36.0,1.0,0.039,1.0,0.002,1.0,0.5,1.0,0.006,1.0,0.028,1.0,0.033,1.0,0.0,0.0,0.0,0.0,0.0,0.0,0.0,0.0
2023-03-04 14:00:00,DATAR1,2023-03-04 14:00:00,131121.0,67.0,1.0,41.0,1.0,0.049,1.0,0.002,1.0,0.5,1.0,0.005,1.0,0.027,1.0,0.032,1.0,0.0,0.0,0.0,0.0,0.0,0.0,0.0,0.0
2023-03-04 15:00:00,DATAR1,2023-03-04 15:00:00,131121.0,68.0,1.0,49.0,1.0,0.058,1.0,0.003,1.0,0.5,1.0,0.004,1.0,0.029,1.0,0.033,1.0,0.0,0.0,0.0,0.0,0.0,0.0,0.0,0.0
2023-03-04 16:00:00,DATAR1,2023-03-04 16:00:00,131121.0,69.0,1.0,49.0,1.0,0.054,1.0,0.002,1.0,0.5,1.0,0.004,1.0,0.032,1.0,0.037,1.0,0.0,0.0,0.0,0.0,0.0,0.0,0.0,0.0
2023-03-04 17:00:00,DATAR1,2023-03-04 17:00:00,131121.0,78.0,1.0,51.0,1.0,0.054,1.0,0.002,1.0,0.6,1.0,0.004,1.0,0.036,1.0,0.04,1.0,0.0,0.0,0.0,0.0,0.0,0.0,0.0,0.0
2023-03-04 18:00:00,DATAR1,2023-03-04 18:00:00,131121.0,75.0,1.0,52.0,1.0,0.045,1.0,0.002,1.0,0.6,1.0,0.004,1.0,0.043,1.0,0.047,1.0,0.0,0.0,0.0,0.0,0.0,0.0,0.0,0.0
2023-03-04 19:00:00,DATAR1,2023-03-04 19:00:00,131121.0,101.0,1.0,53.0,1.0,0.026,1.0,0.003,1.0,0.7,1.0,0.003,1.0,0.056,1.0,0.059,1.0,0.0,0.0,0.0,0.0,0.0,0.0,0.0,0.0
2023-03-04 20:00:00,DATAR1,2023-03-04 20:00:00,131121.0,86.0,1.0,59.0,1.0,0.025,1.0,0.003,1.0,0.7,1.0,0.003,1.0,0.055,1.0,0.058,1.0,0.0,0.0,0.0,0.0,0.0,0.0,0.0,0.0
2023-03-04 21:00:00,DATAR1,2023-03-04 21:00:00,131121.0,75.0,1.0,62.0,1.0,0.027,1.0,0.003,1.0,0.8,1.0,0.003,1.0,0.05,1.0,0.053,1.0,0.0,0.0,0.0,0.0,0.0,0.0,0.0,0.0
2023-03-04 22:00:00,DATAR1,2023-03-04 22:00:00,131121.0,75.0,1.0,58.0,1.0,0.027,1.0,0.003,1.0,0.7,1.0,0.003,1.0,0.048,1.0,0.051,1.0,0.0,0.0,0.0,0.0,0.0,0.0,0.0,0.0
2023-03-04 23:00:00,DATAR1,2023-03-04 23:00:00,131121.0,72.0,1.0,60.0,1.0,0.021,1.0,0.002,1.0,0.8,1.0,0.003,1.0,0.051,1.0,0.054,1.0,0.0,0.0,0.0,0.0,0.0,0.0,0.0,0.0
2023-03-05 00:00:00,DATAR1,2023-03-05 00:00:00,131121.0,85.0,1.0,67.0,1.0,0.015,1.0,0.002,1.0,0.8,1.0,0.003,1.0,0.057,1.0,0.06,1.0,0.0,0.0,0.0,0.0,0.0,0.0,0.0,0.0
2023-03-05 01:00:00,DATAR1,2023-03-05 01:00:00,131121.0,93.0,1.0,62.0,1.0,0.016,1.0,0.002,1.0,0.8,1.0,0.003,1.0,0.055,1.0,0.058,1.0,0.0,0.0,0.0,0.0,0.0,0.0,0.0,0.0
2023-03-05 02:00:00,DATAR1,2023-03-05 02:00:00,131121.0,91.0,1.0,60.0,1.0,0.02,1.0,0.002,1.0,0.8,1.0,0.003,1.0,0.046,1.0,0.049,1.0,0.0,0.0,0.0,0.0,0.0,0.0,0.0,0.0
2023-03-05 03:00:00,DATAR1,2023-03-05 03:00:00,131121.0,80.0,1.0,69.0,1.0,0.018,1.0,0.002,1.0,0.8,1.0,0.002,1.0,0.044,1.0,0.047,1.0,0.0,0.0,0.0,0.0,0.0,0.0,0.0,0.0
2023-03-05 04:00:00,DATAR1,2023-03-05 04:00:00,131121.0,80.0,1.0,75.0,1.0,0.016,1.0,0.002,1.0,0.7,1.0,0.002,1.0,0.045,1.0,0.047,1.0,0.0,0.0,0.0,0.0,0.0,0.0,0.0,0.0
2023-03-05 05:00:00,DATAR1,2023-03-05 05:00:00,131121.0,,2.0,74.0,1.0,0.005,1.0,0.002,1.0,0.8,1.0,0.005,1.0,0.057,1.0,0.062,1.0,0.0,0.0,0.0,0.0,0.0,0.0,0.0,0.0
2023-03-05 06:00:00,DATAR1,2023-03-05 06:00:00,131121.0,,2.0,72.0,1.0,0.004,1.0,0.002,1.0,0.8,1.0,0.008,1.0,0.058,1.0,0.066,1.0,0.0,0.0,0.0,0.0,0.0,0.0,0.0,0.0
2023-03-05 07:00:00,DATAR1,2023-03-05 07:00:00,131121.0,76.0,1.0,72.0,1.0,0.008,1.0,0.002,1.0,0.8,1.0,0.005,1.0,0.053,1.0,0.059,1.0,0.0,0.0,0.0,0.0,0.0,0.0,0.0,0.0
2023-03-05 08:00:00,DATAR1,2023-03-05 08:00:00,131121.0,84.0,1.0,74.0,1.0,0.006,1.0,0.002,1.0,0.9,1.0,0.027,1.0,0.058,1.0,0.084,1.0,0.0,0.0,0.0,0.0,0.0,0.0,0.0,0.0
2023-03-05 09:00:00,DATAR1,2023-03-05 09:00:00,131121.0,79.0,1.0,77.0,1.0,0.004,1.0,0.003,1.0,0.9,1.0,0.053,1.0,0.06,1.0,0.113,1.0,0.0,0.0,0.0,0.0,0.0,0.0,0.0,0.0
2023-03-05 10:00:00,DATAR1,2023-03-05 10:00:00,131121.0,83.0,1.0,80.0,1.0,0.013,1.0,0.002,1.0,0.8,1.0,0.024,1.0,0.051,1.0,0.074,1.0,0.0,0.0,0.0,0.0,0.0,0.0,0.0,0.0
2023-03-05 11:00:00,DATAR1,2023-03-05 11:00:00,131121.0,99.0,1.0,90.0,1.0,0.029,1.0,0.003,1.0,0.7,1.0,0.011,1.0,0.038,1.0,0.049,1.0,0.0,0.0,0.0,0.0,0.0,0.0,0.0,0.0
2023-03-05 12:00:00,DATAR1,2023-03-05 12:00:00,131121.0,103.0,1.0,92.0,1.0,0.044,1.0,0.003,1.0,0.7,1.0,0.005,1.0,0.033,1.0,0.038,1.0,0.0,0.0,0.0,0.0,0.0,0.0,0.0,0.0
2023-03-05 13:00:00,DATAR1,2023-03-05 13:00:00,131121.0,102.0,1.0,85.0,1.0,0.055,1.0,0.003,1.0,0.6,1.0,0.005,1.0,0.033,1.0,0.037,1.0,0.0,0.0,0.0,0.0,0.0,0.0,0.0,0.0
2023-03-05 14:00:00,DATAR1,2023-03-05 14:00:00,131121.0,94.0,1.0,80.0,1.0,0.059,1.0,0.003,1.0,0.7,1.0,0.005,1.0,0.034,1.0,0.039,1.0,0.0,0.0,0.0,0.0,0.0,0.0,0.0,0.0
2023-03-05 15:00:00,DATAR1,2023-03-05 15:00:00,131121.0,84.0,1.0,78.0,1.0,0.061,1.0,0.003,1.0,0.7,1.0,0.005,1.0,0.038,1.0,0.043,1.0,0.0,0.0,0.0,0.0,0.0,0.0,0.0,0.0
2023-03-05 16:00:00,DATAR1,2023-03-05 16:00:00,131121.0,76.0,1.0,73.0,1.0,0.066,1.0,0.003,1.0,0.6,1.0,0.004,1.0,0.036,1.0,0.04,1.0,0.0,0.0,0.0,0.0,0.0,0.0,0.0,0.0
2023-03-05 17:00:00,DATAR1,2023-03-05 17:00:00,131121.0,75.0,1.0,66.0,1.0,0.074,1.0,0.003,1.0,0.5,1.0,0.003,1.0,0.031,1.0,0.034,1.0,0.0,0.0,0.0,0.0,0.0,0.0,0.0,0.0
2023-03-05 18:00:00,DATAR1,2023-03-05 18:00:00,131121.0,71.0,1.0,58.0,1.0,0.065,1.0,0.003,1.0,0.5,1.0,0.002,1.0,0.031,1.0,0.033,1.0,0.0,0.0,0.0,0.0,0.0,0.0,0.0,0.0
2023-03-05 19:00:00,DATAR1,2023-03-05 19:00:00,131121.0,70.0,1.0,45.0,1.0,0.053,1.0,0.003,1.0,0.4,1.0,0.002,1.0,0.033,1.0,0.036,1.0,0.0,0.0,0.0,0.0,0.0,0.0,0.0,0.0
2023-03-05 20:00:00,DATAR1,2023-03-05 20:00:00,131121.0,37.0,1.0,31.0,1.0,0.046,1.0,0.002,1.0,0.3,1.0,0.002,1.0,0.031,1.0,0.034,1.0,0.0,0.0,0.0,0.0,0.0,0.0,0.0,0.0
2023-03-05 21:00:00,DATAR1,2023-03-05 21:00:00,131121.0,25.0,1.0,19.0,1.0,0.044,1.0,0.002,1.0,0.3,1.0,0.002,1.0,0.03,1.0,0.033,1.0,0.0,0.0,0.0,0.0,0.0,0.0,0.0,0.0
2023-03-05 22:00:00,DATAR1,2023-03-05 22:00:00,131121.0,31.0,1.0,16.0,1.0,0.028,1.0,0.002,1.0,0.4,1.0,0.002,1.0,0.043,1.0,0.045,1.0,0.0,0.0,0.0,0.0,0.0,0.0,0.0,0.0
2023-03-05 23:00:00,DATAR1,2023-03-05 23:00:00,131121.0,31.0,1.0,18.0,1.0,0.031,1.0,0.002,1.0,0.6,1.0,0.002,1.0,0.04,1.0,0.042,1.0,0.0,0.0,0.0,0.0,0.0,0.0,0.0,0.0
2023-03-06 00:00:00,DATAR1,2023-03-06 00:00:00,131121.0,31.0,1.0,21.0,1.0,0.036,1.0,0.002,1.0,0.6,1.0,0.002,1.0,0.039,1.0,0.041,1.0,0.0,0.0,0.0,0.0,0.0,0.0,0.0,0.0
2023-03-06 01:00:00,DATAR1,2023-03-06 01:00:00,131121.0,44.0,1.0,27.0,1.0,0.025,1.0,0.002,1.0,0.7,1.0,0.003,1.0,0.052,1.0,0.055,1.0,0.0,0.0,0.0,0.0,0.0,0.0,0.0,0.0
2023-03-06 02:00:00,DATAR1,2023-03-06 02:00:00,131121.0,46.0,1.0,30.0,1.0,0.021,1.0,0.002,1.0,0.7,1.0,0.003,1.0,0.054,1.0,0.057,1.0,0.0,0.0,0.0,0.0,0.0,0.0,0.0,0.0
2023-03-06 03:00:00,DATAR1,2023-03-06 03:00:00,131121.0,43.0,1.0,34.0,1.0,0.025,1.0,0.002,1.0,0.6,1.0,0.003,1.0,0.046,1.0,0.049,1.0,0.0,0.0,0.0,0.0,0.0,0.0,0.0,0.0
2023-03-06 04:00:00,DATAR1,2023-03-06 04:00:00,131121.0,41.0,1.0,34.0,1.0,0.01,1.0,0.002,1.0,0.7,1.0,0.004,1.0,0.061,1.0,0.064,1.0,0.0,0.0,0.0,0.0,0.0,0.0,0.0,0.0
2023-03-06 05:00:00,DATAR1,2023-03-06 05:00:00,131121.0,39.0,1.0,34.0,1.0,0.004,1.0,0.002,1.0,0.7,1.0,0.007,1.0,0.067,1.0,0.074,1.0,0.0,0.0,0.0,0.0,0.0,0.0,0.0,0.0
2023-03-06 06:00:00,DATAR1,2023-03-06 06:00:00,131121.0,40.0,1.0,37.0,1.0,0.022,1.0,0.002,1.0,0.6,1.0,0.004,1.0,0.051,1.0,0.055,1.0,0.0,0.0,0.0,0.0,0.0,0.0,0.0,0.0
2023-03-06 07:00:00,DATAR1,2023-03-06 07:00:00,131121.0,43.0,1.0,38.0,1.0,0.005,1.0,0.002,1.0,0.8,1.0,0.025,1.0,0.074,1.0,0.1,1.0,0.0,0.0,0.0,0.0,0.0,0.0,0.0,0.0
2023-03-06 08:00:00,DATAR1,2023-03-06 08:00:00,131121.0,40.0,1.0,38.0,1.0,0.002,1.0,0.003,1.0,0.8,1.0,0.093,1.0,0.076,1.0,0.169,1.0,0.0,0.0,0.0,0.0,0.0,0.0,0.0,0.0
2023-03-06 09:00:00,DATAR1,2023-03-06 09:00:00,131121.0,44.0,1.0,36.0,1.0,0.004,1.0,0.004,1.0,0.8,1.0,0.125,1.0,0.082,1.0,0.207,1.0,0.0,0.0,0.0,0.0,0.0,0.0,0.0,0.0
2023-03-06 10:00:00,DATAR1,2023-03-06 10:00:00,131121.0,38.0,1.0,36.0,1.0,0.02,1.0,0.003,1.0,0.6,1.0,0.034,1.0,0.062,1.0,0.095,1.0,0.0,0.0,0.0,0.0,0.0,0.0,0.0,0.0
2023-03-06 11:00:00,DATAR1,2023-03-06 11:00:00,131121.0,42.0,1.0,35.0,1.0,0.039,1.0,0.003,1.0,0.5,1.0,0.013,1.0,0.042,1.0,0.055,1.0,0.0,0.0,0.0,0.0,0.0,0.0,0.0,0.0
2023-03-06 12:00:00,DATAR1,2023-03-06 12:00:00,131121.0,,3.0,,3.0,,3.0,,3.0,,3.0,,3.0,,3.0,,3.0,0.0,0.0,0.0,0.0,0.0,0.0,0.0,0.0
2023-03-06 13:00:00,DATAR1,2023-03-06 13:00:00,131121.0,,3.0,,3.0,,3.0,,3.0,,3.0,,3.0,,3.0,,3.0,0.0,0.0,0.0,0.0,0.0,0.0,0.0,0.0
2023-03-06 14:00:00,DATAR1,2023-03-06 14:00:00,131121.0,51.0,1.0,23.0,1.0,0.041,1.0,0.003,1.0,0.5,1.0,0.006,1.0,0.02,1.0,0.026,1.0,0.0,0.0,0.0,0.0,0.0,0.0,0.0,0.0
2023-03-06 15:00:00,DATAR1,2023-03-06 15:00:00,131121.0,44.0,1.0,18.0,1.0,0.054,1.0,0.003,1.0,0.5,1.0,0.004,1.0,0.015,1.0,0.019,1.0,0.0,0.0,0.0,0.0,0.0,0.0,0.0,0.0
2023-03-06 16:00:00,DATAR1,2023-03-06 16:00:00,131121.0,46.0,1.0,14.0,1.0,0.06,1.0,0.003,1.0,0.4,1.0,0.003,1.0,0.015,1.0,0.018,1.0,0.0,0.0,0.0,0.0,0.0,0.0,0.0,0.0
2023-03-06 17:00:00,DATAR1,2023-03-06 17:00:00,131121.0,50.0,1.0,29.0,1.0,0.062,1.0,0.003,1.0,0.4,1.0,0.003,1.0,0.017,1.0,0.02,1.0,0.0,0.0,0.0,0.0,0.0,0.0,0.0,0.0
2023-03-06 18:00:00,DATAR1,2023-03-06 18:00:00,131121.0,68.0,1.0,37.0,1.0,0.064,1.0,0.003,1.0,0.4,1.0,0.002,1.0,0.022,1.0,0.024,1.0,0.0,0.0,0.0,0.0,0.0,0.0,0.0,0.0
2023-03-06 19:00:00,DATAR1,2023-03-06 19:00:00,131121.0,56.0,1.0,37.0,1.0,0.058,1.0,0.003,1.0,0.4,1.0,0.002,1.0,0.026,1.0,0.028,1.0,0.0,0.0,0.0,0.0,0.0,0.0,0.0,0.0
2023-03-06 20:00:00,DATAR1,2023-03-06 20:00:00,131121.0,50.0,1.0,38.0,1.0,0.045,1.0,0.003,1.0,0.5,1.0,0.002,1.0,0.035,1.0,0.038,1.0,0.0,0.0,0.0,0.0,0.0,0.0,0.0,0.0
2023-03-06 21:00:00,DATAR1,2023-03-06 21:00:00,131121.0,44.0,1.0,34.0,1.0,0.036,1.0,0.002,1.0,0.5,1.0,0.005,1.0,0.042,1.0,0.047,1.0,0.0,0.0,0.0,0.0,0.0,0.0,0.0,0.0
2023-03-06 22:00:00,DATAR1,2023-03-06 22:00:00,131121.0,58.0,1.0,36.0,1.0,0.022,1.0,0.002,1.0,0.6,1.0,0.003,1.0,0.052,1.0,0.055,1.0,0.0,0.0,0.0,0.0,0.0,0.0,0.0,0.0
2023-03-06 23:00:00,DATAR1,2023-03-06 23:00:00,131121.0,52.0,1.0,34.0,1.0,0.015,1.0,0.002,1.0,0.7,1.0,0.005,1.0,0.056,1.0,0.06,1.0,0.0,0.0,0.0,0.0,0.0,0.0,0.0,0.0
2023-03-07 00:00:00,DATAR1,2023-03-07 00:00:00,131121.0,42.0,1.0,32.0,1.0,0.03,1.0,0.002,1.0,0.4,1.0,0.003,1.0,0.033,1.0,0.036,1.0,0.0,0.0,0.0,0.0,0.0,0.0,0.0,0.0
2023-03-07 01:00:00,DATAR1,2023-03-07 01:00:00,131121.0,39.0,1.0,31.0,1.0,0.039,1.0,0.002,1.0,0.5,1.0,0.002,1.0,0.025,1.0,0.027,1.0,0.0,0.0,0.0,0.0,0.0,0.0,0.0,0.0
2023-03-07 02:00:00,DATAR1,2023-03-07 02:00:00,131121.0,46.0,1.0,31.0,1.0,0.039,1.0,0.002,1.0,0.5,1.0,0.002,1.0,0.026,1.0,0.029,1.0,0.0,0.0,0.0,0.0,0.0,0.0,0.0,0.0
2023-03-07 03:00:00,DATAR1,2023-03-07 03:00:00,131121.0,44.0,1.0,30.0,1.0,0.042,1.0,0.002,1.0,0.4,1.0,0.003,1.0,0.02,1.0,0.023,1.0,0.0,0.0,0.0,0.0,0.0,0.0,0.0,0.0
2023-03-07 04:00:00,DATAR1,2023-03-07 04:00:00,131121.0,33.0,1.0,27.0,1.0,0.045,1.0,0.002,1.0,0.4,1.0,0.002,1.0,0.019,1.0,0.021,1.0,0.0,0.0,0.0,0.0,0.0,0.0,0.0,0.0
2023-03-07 05:00:00,DATAR1,2023-03-07 05:00:00,131121.0,39.0,1.0,27.0,1.0,0.016,1.0,0.002,1.0,0.5,1.0,0.003,1.0,0.046,1.0,0.049,1.0,0.0,0.0,0.0,0.0,0.0,0.0,0.0,0.0
2023-03-07 06:00:00,DATAR1,2023-03-07 06:00:00,131121.0,44.0,1.0,28.0,1.0,0.02,1.0,0.002,1.0,0.5,1.0,0.004,1.0,0.041,1.0,0.045,1.0,0.0,0.0,0.0,0.0,0.0,0.0,0.0,0.0
2023-03-07 07:00:00,DATAR1,2023-03-07 07:00:00,131121.0,42.0,1.0,25.0,1.0,0.024,1.0,0.002,1.0,0.5,1.0,0.004,1.0,0.038,1.0,0.043,1.0,0.0,0.0,0.0,0.0,0.0,0.0,0.0,0.0
2023-03-07 08:00:00,DATAR1,2023-03-07 08:00:00,131121.0,41.0,1.0,27.0,1.0,0.016,1.0,0.002,1.0,0.5,1.0,0.009,1.0,0.049,1.0,0.058,1.0,0.0,0.0,0.0,0.0,0.0,0.0,0.0,0.0
2023-03-07 09:00:00,DATAR1,2023-03-07 09:00:00,131121.0,50.0,1.0,30.0,1.0,0.01,1.0,0.002,1.0,0.6,1.0,0.041,1.0,0.06,1.0,0.101,1.0,0.0,0.0,0.0,0.0,0.0,0.0,0.0,0.0
2023-03-07 10:00:00,DATAR1,2023-03-07 10:00:00,131121.0,49.0,1.0,32.0,1.0,0.022,1.0,0.002,1.0,0.6,1.0,0.018,1.0,0.044,1.0,0.062,1.0,0.0,0.0,0.0,0.0,0.0,0.0,0.0,0.0
2023-03-07 11:00:00,DATAR1,2023-03-07 11:00:00,131121.0,43.0,1.0,30.0,1.0,0.05,1.0,0.002,1.0,0.3,1.0,0.004,1.0,0.018,1.0,0.022,1.0,0.0,0.0,0.0,0.0,0.0,0.0,0.0,0.0
2023-03-07 12:00:00,DATAR1,2023-03-07 12:00:00,131121.0,50.0,1.0,22.0,1.0,0.049,1.0,0.002,1.0,0.4,1.0,0.005,1.0,0.021,1.0,0.026,1.0,0.0,0.0,0.0,0.0,0.0,0.0,0.0,0.0
2023-03-07 13:00:00,DATAR1,2023-03-07 13:00:00,131121.0,66.0,1.0,23.0,1.0,0.054,1.0,0.002,1.0,0.4,1.0,0.005,1.0,0.021,1.0,0.026,1.0,0.0,0.0,0.0,0.0,0.0,0.0,0.0,0.0
2023-03-07 14:00:00,DATAR1,2023-03-07 14:00:00,131121.0,72.0,1.0,26.0,1.0,0.059,1.0,0.003,1.0,0.4,1.0,0.004,1.0,0.02,1.0,0.024,1.0,0.0,0.0,0.0,0.0,0.0,0.0,0.0,0.0
2023-03-07 15:00:00,DATAR1,2023-03-07 15:00:00,131121.0,75.0,1.0,29.0,1.0,0.067,1.0,0.003,1.0,0.5,1.0,0.003,1.0,0.016,1.0,0.019,1.0,0.0,0.0,0.0,0.0,0.0,0.0,0.0,0.0
2023-03-07 16:00:00,DATAR1,2023-03-07 16:00:00,131121.0,74.0,1.0,29.0,1.0,0.069,1.0,0.003,1.0,0.5,1.0,0.003,1.0,0.018,1.0,0.02,1.0,0.0,0.0,0.0,0.0,0.0,0.0,0.0,0.0
2023-03-07 17:00:00,DATAR1,2023-03-07 17:00:00,131121.0,85.0,1.0,32.0,1.0,0.071,1.0,0.003,1.0,0.5,1.0,0.003,1.0,0.018,1.0,0.021,1.0,0.0,0.0,0.0,0.0,0.0,0.0,0.0,0.0
2023-03-07 18:00:00,DATAR1,2023-03-07 18:00:00,131121.0,90.0,1.0,39.0,1.0,0.065,1.0,0.003,1.0,0.6,1.0,0.002,1.0,0.021,1.0,0.024,1.0,0.0,0.0,0.0,0.0,0.0,0.0,0.0,0.0
2023-03-07 19:00:00,DATAR1,2023-03-07 19:00:00,131121.0,100.0,1.0,43.0,1.0,0.055,1.0,0.003,1.0,0.5,1.0,0.003,1.0,0.026,1.0,0.029,1.0,0.0,0.0,0.0,0.0,0.0,0.0,0.0,0.0
2023-03-07 20:00:00,DATAR1,2023-03-07 20:00:00,131121.0,86.0,1.0,47.0,1.0,0.049,1.0,0.003,1.0,0.6,1.0,0.002,1.0,0.026,1.0,0.029,1.0,0.0,0.0,0.0,0.0,0.0,0.0,0.0,0.0
2023-03-07 21:00:00,DATAR1,2023-03-07 21:00:00,131121.0,85.0,1.0,46.0,1.0,0.042,1.0,0.003,1.0,0.7,1.0,0.002,1.0,0.028,1.0,0.03,1.0,0.0,0.0,0.0,0.0,0.0,0.0,0.0,0.0
2023-03-07 22:00:00,DATAR1,2023-03-07 22:00:00,131121.0,79.0,1.0,44.0,1.0,0.036,1.0,0.003,1.0,0.6,1.0,0.002,1.0,0.03,1.0,0.032,1.0,0.0,0.0,0.0,0.0,0.0,0.0,0.0,0.0
2023-03-07 23:00:00,DATAR1,2023-03-07 23:00:00,131121.0,78.0,1.0,53.0,1.0,0.041,1.0,0.002,1.0,0.5,1.0,0.002,1.0,0.025,1.0,0.027,1.0,0.0,0.0,0.0,0.0,0.0,0.0,0.0,0.0
2023-03-08 00:00:00,DATAR1,2023-03-08 00:00:00,131121.0,61.0,1.0,49.0,1.0,0.045,1.0,0.002,1.0,0.5,1.0,0.002,1.0,0.022,1.0,0.024,1.0,0.0,0.0,0.0,0.0,0.0,0.0,0.0,0.0
2023-03-08 01:00:00,DATAR1,2023-03-08 01:00:00,131121.0,54.0,1.0,40.0,1.0,0.051,1.0,0.002,1.0,0.4,1.0,0.002,1.0,0.018,1.0,0.02,1.0,0.0,0.0,0.0,0.0,0.0,0.0,0.0,0.0
2023-03-08 02:00:00,DATAR1,2023-03-08 02:00:00,131121.0,66.0,1.0,38.0,1.0,0.053,1.0,0.002,1.0,0.4,1.0,0.002,1.0,0.017,1.0,0.02,1.0,0.0,0.0,0.0,0.0,0.0,0.0,0.0,0.0
2023-03-08 03:00:00,DATAR1,2023-03-08 03:00:00,131121.0,60.0,1.0,35.0,1.0,0.054,1.0,0.002,1.0,0.4,1.0,0.002,1.0,0.017,1.0,0.019,1.0,0.0,0.0,0.0,0.0,0.0,0.0,0.0,0.0
2023-03-08 04:00:00,DATAR1,2023-03-08 04:00:00,131121.0,53.0,1.0,34.0,1.0,0.049,1.0,0.002,1.0,0.4,1.0,0.002,1.0,0.019,1.0,0.022,1.0,0.0,0.0,0.0,0.0,0.0,0.0,0.0,0.0
2023-03-08 05:00:00,DATAR1,2023-03-08 05:00:00,131121.0,52.0,1.0,30.0,1.0,0.049,1.0,0.002,1.0,0.5,1.0,0.002,1.0,0.021,1.0,0.023,1.0,0.0,0.0,0.0,0.0,0.0,0.0,0.0,0.0
2023-03-08 06:00:00,DATAR1,2023-03-08 06:00:00,131121.0,47.0,1.0,28.0,1.0,0.032,1.0,0.002,1.0,0.5,1.0,0.003,1.0,0.041,1.0,0.044,1.0,0.0,0.0,0.0,0.0,0.0,0.0,0.0,0.0
2023-03-08 07:00:00,DATAR1,2023-03-08 07:00:00,131121.0,59.0,1.0,32.0,1.0,0.033,1.0,0.002,1.0,0.5,1.0,0.003,1.0,0.04,1.0,0.043,1.0,0.0,0.0,0.0,0.0,0.0,0.0,0.0,0.0
2023-03-08 08:00:00,DATAR1,2023-03-08 08:00:00,131121.0,107.0,1.0,53.0,1.0,0.038,1.0,0.002,1.0,0.5,1.0,0.004,1.0,0.036,1.0,0.039,1.0,0.0,0.0,0.0,0.0,0.0,0.0,0.0,0.0
2023-03-08 09:00:00,DATAR1,2023-03-08 09:00:00,131121.0,64.0,1.0,46.0,1.0,0.043,1.0,0.002,1.0,0.5,1.0,0.004,1.0,0.03,1.0,0.033,1.0,0.0,0.0,0.0,0.0,0.0,0.0,0.0,0.0
2023-03-08 10:00:00,DATAR1,2023-03-08 10:00:00,131121.0,61.0,1.0,31.0,1.0,0.043,1.0,0.002,1.0,0.5,1.0,0.004,1.0,0.03,1.0,0.033,1.0,0.0,0.0,0.0,0.0,0.0,0.0,0.0,0.0
2023-03-08 11:00:00,DATAR1,2023-03-08 11:00:00,131121.0,57.0,1.0,23.0,1.0,0.046,1.0,0.002,1.0,0.4,1.0,0.006,1.0,0.027,1.0,0.033,1.0,0.0,0.0,0.0,0.0,0.0,0.0,0.0,0.0
2023-03-08 12:00:00,DATAR1,2023-03-08 12:00:00,131121.0,59.0,1.0,16.0,1.0,0.052,1.0,0.003,1.0,0.4,1.0,0.005,1.0,0.023,1.0,0.028,1.0,0.0,0.0,0.0,0.0,0.0,0.0,0.0,0.0
2023-03-08 13:00:00,DATAR1,2023-03-08 13:00:00,131121.0,54.0,1.0,15.0,1.0,0.06,1.0,0.003,1.0,0.5,1.0,0.004,1.0,0.017,1.0,0.02,1.0,0.0,0.0,0.0,0.0,0.0,0.0,0.0,0.0
2023-03-08 14:00:00,DATAR1,2023-03-08 14:00:00,131121.0,68.0,1.0,15.0,1.0,0.056,1.0,0.003,1.0,0.5,1.0,0.007,1.0,0.024,1.0,0.03,1.0,0.0,0.0,0.0,0.0,0.0,0.0,0.0,0.0
2023-03-08 15:00:00,DATAR1,2023-03-08 15:00:00,131121.0,56.0,1.0,19.0,1.0,0.059,1.0,0.003,1.0,0.4,1.0,0.003,1.0,0.019,1.0,0.022,1.0,0.0,0.0,0.0,0.0,0.0,0.0,0.0,0.0
2023-03-08 16:00:00,DATAR1,2023-03-08 16:00:00,131121.0,69.0,1.0,19.0,1.0,0.062,1.0,0.002,1.0,0.4,1.0,0.003,1.0,0.018,1.0,0.021,1.0,0.0,0.0,0.0,0.0,0.0,0.0,0.0,0.0
2023-03-08 17:00:00,DATAR1,2023-03-08 17:00:00,131121.0,70.0,1.0,18.0,1.0,0.057,1.0,0.002,1.0,0.4,1.0,0.003,1.0,0.022,1.0,0.024,1.0,0.0,0.0,0.0,0.0,0.0,0.0,0.0,0.0
2023-03-08 18:00:00,DATAR1,2023-03-08 18:00:00,131121.0,76.0,1.0,19.0,1.0,0.054,1.0,0.002,1.0,0.4,1.0,0.002,1.0,0.026,1.0,0.029,1.0,0.0,0.0,0.0,0.0,0.0,0.0,0.0,0.0
2023-03-08 19:00:00,DATAR1,2023-03-08 19:00:00,131121.0,67.0,1.0,25.0,1.0,0.038,1.0,0.002,1.0,0.5,1.0,0.003,1.0,0.041,1.0,0.044,1.0,0.0,0.0,0.0,0.0,0.0,0.0,0.0,0.0
2023-03-08 20:00:00,DATAR1,2023-03-08 20:00:00,131121.0,60.0,1.0,27.0,1.0,0.03,1.0,0.002,1.0,0.5,1.0,0.003,1.0,0.045,1.0,0.048,1.0,0.0,0.0,0.0,0.0,0.0,0.0,0.0,0.0
2023-03-08 21:00:00,DATAR1,2023-03-08 21:00:00,131121.0,53.0,1.0,24.0,1.0,0.038,1.0,0.002,1.0,0.4,1.0,0.002,1.0,0.029,1.0,0.031,1.0,0.0,0.0,0.0,0.0,0.0,0.0,0.0,0.0
2023-03-08 22:00:00,DATAR1,2023-03-08 22:00:00,131121.0,47.0,1.0,23.0,1.0,0.045,1.0,0.002,1.0,0.4,1.0,0.002,1.0,0.02,1.0,0.022,1.0,0.0,0.0,0.0,0.0,0.0,0.0,0.0,0.0
2023-03-08 23:00:00,DATAR1,2023-03-08 23:00:00,131121.0,44.0,1.0,22.0,1.0,0.05,1.0,0.002,1.0,0.4,1.0,0.002,1.0,0.014,1.0,0.016,1.0,0.0,0.0,0.0,0.0,0.0,0.0,0.0,0.0
2023-03-09 00:00:00,DATAR1,2023-03-09 00:00:00,131121.0,47.0,1.0,20.0,1.0,0.045,1.0,0.002,1.0,0.4,1.0,0.002,1.0,0.018,1.0,0.02,1.0,0.0,0.0,0.0,0.0,0.0,0.0,0.0,0.0
2023-03-09 01:00:00,DATAR1,2023-03-09 01:00:00,131121.0,59.0,1.0,25.0,1.0,0.028,1.0,0.002,1.0,0.6,1.0,0.003,1.0,0.029,1.0,0.032,1.0,0.0,0.0,0.0,0.0,0.0,0.0,0.0,0.0
2023-03-09 02:00:00,DATAR1,2023-03-09 02:00:00,131121.0,67.0,1.0,32.0,1.0,0.043,1.0,0.001,1.0,0.5,1.0,0.002,1.0,0.013,1.0,0.016,1.0,0.0,0.0,0.0,0.0,0.0,0.0,0.0,0.0
2023-03-09 03:00:00,DATAR1,2023-03-09 03:00:00,131121.0,40.0,1.0,23.0,1.0,0.042,1.0,0.001,1.0,0.4,1.0,0.002,1.0,0.013,1.0,0.015,1.0,0.0,0.0,0.0,0.0,0.0,0.0,0.0,0.0
2023-03-09 04:00:00,DATAR1,2023-03-09 04:00:00,131121.0,41.0,1.0,22.0,1.0,0.042,1.0,0.001,1.0,0.4,1.0,0.002,1.0,0.013,1.0,0.015,1.0,0.0,0.0,0.0,0.0,0.0,0.0,0.0,0.0
2023-03-09 05:00:00,DATAR1,2023-03-09 05:00:00,131121.0,49.0,1.0,21.0,1.0,0.042,1.0,0.001,1.0,0.4,1.0,0.002,1.0,0.013,1.0,0.015,1.0,0.0,0.0,0.0,0.0,0.0,0.0,0.0,0.0
2023-03-09 06:00:00,DATAR1,2023-03-09 06:00:00,131121.0,38.0,1.0,21.0,1.0,0.035,1.0,0.001,1.0,0.4,1.0,0.002,1.0,0.016,1.0,0.019,1.0,0.0,0.0,0.0,0.0,0.0,0.0,0.0,0.0
2023-03-09 07:00:00,DATAR1,2023-03-09 07:00:00,131121.0,31.0,1.0,18.0,1.0,0.025,1.0,0.002,1.0,0.4,1.0,0.003,1.0,0.025,1.0,0.028,1.0,0.0,0.0,0.0,0.0,0.0,0.0,0.0,0.0
2023-03-09 08:00:00,DATAR1,2023-03-09 08:00:00,131121.0,38.0,1.0,18.0,1.0,0.024,1.0,0.002,1.0,0.6,1.0,0.006,1.0,0.03,1.0,0.036,1.0,0.0,0.0,0.0,0.0,0.0,0.0,0.0,0.0
2023-03-09 09:00:00,DATAR1,2023-03-09 09:00:00,131121.0,49.0,1.0,22.0,1.0,0.026,1.0,0.002,1.0,0.5,1.0,0.005,1.0,0.028,1.0,0.033,1.0,0.0,0.0,0.0,0.0,0.0,0.0,0.0,0.0
2023-03-09 10:00:00,DATAR1,2023-03-09 10:00:00,131121.0,67.0,1.0,28.0,1.0,0.035,1.0,0.001,1.0,0.6,1.0,0.004,1.0,0.022,1.0,0.025,1.0,0.0,0.0,0.0,0.0,0.0,0.0,0.0,0.0
2023-03-09 11:00:00,DATAR1,2023-03-09 11:00:00,131121.0,73.0,1.0,39.0,1.0,0.04,1.0,0.001,1.0,0.5,1.0,0.003,1.0,0.021,1.0,0.024,1.0,0.0,0.0,0.0,0.0,0.0,0.0,0.0,0.0
2023-03-09 12:00:00,DATAR1,2023-03-09 12:00:00,131121.0,76.0,1.0,43.0,1.0,0.04,1.0,0.001,1.0,0.5,1.0,0.006,1.0,0.024,1.0,0.029,1.0,0.0,0.0,0.0,0.0,0.0,0.0,0.0,0.0
2023-03-09 13:00:00,DATAR1,2023-03-09 13:00:00,131121.0,74.0,1.0,51.0,1.0,0.049,1.0,0.001,1.0,0.8,1.0,0.004,1.0,0.019,1.0,0.023,1.0,0.0,0.0,0.0,0.0,0.0,0.0,0.0,0.0
2023-03-09 14:00:00,DATAR1,2023-03-09 14:00:00,131121.0,68.0,1.0,58.0,1.0,0.051,1.0,0.002,1.0,0.8,1.0,0.006,1.0,0.021,1.0,0.027,1.0,0.0,0.0,0.0,0.0,0.0,0.0,0.0,0.0
2023-03-09 15:00:00,DATAR1,2023-03-09 15:00:00,131121.0,71.0,1.0,56.0,1.0,0.061,1.0,0.002,1.0,0.6,1.0,0.004,1.0,0.019,1.0,0.023,1.0,0.0,0.0,0.0,0.0,0.0,0.0,0.0,0.0
2023-03-09 16:00:00,DATAR1,2023-03-09 16:00:00,131121.0,72.0,1.0,60.0,1.0,0.058,1.0,0.002,1.0,0.6,1.0,0.004,1.0,0.022,1.0,0.026,1.0,0.0,0.0,0.0,0.0,0.0,0.0,0.0,0.0
2023-03-09 17:00:00,DATAR1,2023-03-09 17:00:00,131121.0,78.0,1.0,64.0,1.0,0.038,1.0,0.002,1.0,0.6,1.0,0.005,1.0,0.036,1.0,0.042,1.0,0.0,0.0,0.0,0.0,0.0,0.0,0.0,0.0
2023-03-09 18:00:00,DATAR1,2023-03-09 18:00:00,131121.0,81.0,1.0,62.0,1.0,0.038,1.0,0.002,1.0,0.6,1.0,0.004,1.0,0.039,1.0,0.043,1.0,0.0,0.0,0.0,0.0,0.0,0.0,0.0,0.0
2023-03-09 19:00:00,DATAR1,2023-03-09 19:00:00,131121.0,87.0,1.0,64.0,1.0,0.026,1.0,0.002,1.0,0.6,1.0,0.004,1.0,0.048,1.0,0.053,1.0,0.0,0.0,0.0,0.0,0.0,0.0,0.0,0.0
2023-03-09 20:00:00,DATAR1,2023-03-09 20:00:00,131121.0,75.0,1.0,62.0,1.0,0.021,1.0,0.001,1.0,0.6,1.0,0.003,1.0,0.046,1.0,0.049,1.0,0.0,0.0,0.0,0.0,0.0,0.0,0.0,0.0
2023-03-09 21:00:00,DATAR1,2023-03-09 21:00:00,131121.0,70.0,1.0,66.0,1.0,0.009,1.0,0.002,1.0,0.8,1.0,0.004,1.0,0.058,1.0,0.062,1.0,0.0,0.0,0.0,0.0,0.0,0.0,0.0,0.0
2023-03-09 22:00:00,DATAR1,2023-03-09 22:00:00,131121.0,79.0,1.0,68.0,1.0,0.003,1.0,0.001,1.0,0.9,1.0,0.007,1.0,0.06,1.0,0.066,1.0,0.0,0.0,0.0,0.0,0.0,0.0,0.0,0.0
2023-03-09 23:00:00,DATAR1,2023-03-09 23:00:00,131121.0,77.0,1.0,72.0,1.0,0.005,1.0,0.001,1.0,0.8,1.0,0.006,1.0,0.057,1.0,0.062,1.0,0.0,0.0,0.0,0.0,0.0,0.0,0.0,0.0
2023-03-10 00:00:00,DATAR1,2023-03-10 00:00:00,131121.0,82.0,1.0,74.0,1.0,0.002,1.0,0.002,1.0,0.8,1.0,0.015,1.0,0.06,1.0,0.076,1.0,0.0,0.0,0.0,0.0,0.0,0.0,0.0,0.0
2023-03-10 01:00:00,DATAR1,2023-03-10 01:00:00,131121.0,97.0,1.0,71.0,1.0,0.001,1.0,0.002,1.0,0.9,1.0,0.016,1.0,0.06,1.0,0.076,1.0,0.0,0.0,0.0,0.0,0.0,0.0,0.0,0.0
2023-03-10 02:00:00,DATAR1,2023-03-10 02:00:00,131121.0,79.0,1.0,66.0,1.0,0.001,1.0,0.002,1.0,0.9,1.0,0.023,1.0,0.056,1.0,0.079,1.0,0.0,0.0,0.0,0.0,0.0,0.0,0.0,0.0
2023-03-10 03:00:00,DATAR1,2023-03-10 03:00:00,131121.0,70.0,1.0,64.0,1.0,0.001,1.0,0.002,1.0,0.9,1.0,0.032,1.0,0.054,1.0,0.085,1.0,0.0,0.0,0.0,0.0,0.0,0.0,0.0,0.0
2023-03-10 04:00:00,DATAR1,2023-03-10 04:00:00,131121.0,67.0,1.0,59.0,1.0,0.001,1.0,0.002,1.0,0.8,1.0,0.016,1.0,0.052,1.0,0.068,1.0,0.0,0.0,0.0,0.0,0.0,0.0,0.0,0.0
2023-03-10 05:00:00,DATAR1,2023-03-10 05:00:00,131121.0,60.0,1.0,57.0,1.0,0.001,1.0,0.002,1.0,0.9,1.0,0.028,1.0,0.051,1.0,0.079,1.0,0.0,0.0,0.0,0.0,0.0,0.0,0.0,0.0
2023-03-10 06:00:00,DATAR1,2023-03-10 06:00:00,131121.0,63.0,1.0,58.0,1.0,0.002,1.0,0.002,1.0,0.9,1.0,0.037,1.0,0.048,1.0,0.085,1.0,0.0,0.0,0.0,0.0,0.0,0.0,0.0,0.0
2023-03-10 07:00:00,DATAR1,2023-03-10 07:00:00,131121.0,,2.0,64.0,1.0,0.001,1.0,0.003,1.0,0.9,1.0,0.066,1.0,0.048,1.0,0.115,1.0,0.0,0.0,0.0,0.0,0.0,0.0,0.0,0.0
2023-03-10 08:00:00,DATAR1,2023-03-10 08:00:00,131121.0,84.0,1.0,66.0,1.0,0.002,1.0,0.003,1.0,0.9,1.0,0.098,1.0,0.049,1.0,0.147,1.0,0.0,0.0,0.0,0.0,0.0,0.0,0.0,0.0
2023-03-10 09:00:00,DATAR1,2023-03-10 09:00:00,131121.0,81.0,1.0,64.0,1.0,0.003,1.0,0.003,1.0,0.9,1.0,0.091,1.0,0.051,1.0,0.142,1.0,0.0,0.0,0.0,0.0,0.0,0.0,0.0,0.0
2023-03-10 10:00:00,DATAR1,2023-03-10 10:00:00,131121.0,88.0,1.0,66.0,1.0,0.008,1.0,0.003,1.0,0.8,1.0,0.058,1.0,0.05,1.0,0.107,1.0,0.0,0.0,0.0,0.0,0.0,0.0,0.0,0.0
2023-03-10 11:00:00,DATAR1,2023-03-10 11:00:00,131121.0,83.0,1.0,60.0,1.0,0.034,1.0,0.002,1.0,0.5,1.0,0.01,1.0,0.029,1.0,0.039,1.0,0.0,0.0,0.0,0.0,0.0,0.0,0.0,0.0
2023-03-10 12:00:00,DATAR1,2023-03-10 12:00:00,131121.0,72.0,1.0,45.0,1.0,0.047,1.0,0.002,1.0,0.4,1.0,0.005,1.0,0.021,1.0,0.026,1.0,0.0,0.0,0.0,0.0,0.0,0.0,0.0,0.0
2023-03-10 13:00:00,DATAR1,2023-03-10 13:00:00,131121.0,70.0,1.0,34.0,1.0,0.045,1.0,0.002,1.0,0.4,1.0,0.006,1.0,0.026,1.0,0.032,1.0,0.0,0.0,0.0,0.0,0.0,0.0,0.0,0.0
2023-03-10 14:00:00,DATAR1,2023-03-10 14:00:00,131121.0,60.0,1.0,28.0,1.0,0.055,1.0,0.002,1.0,0.3,1.0,0.005,1.0,0.02,1.0,0.024,1.0,0.0,0.0,0.0,0.0,0.0,0.0,0.0,0.0
2023-03-10 15:00:00,DATAR1,2023-03-10 15:00:00,131121.0,89.0,1.0,22.0,1.0,0.068,1.0,0.002,1.0,0.5,1.0,0.003,1.0,0.018,1.0,0.022,1.0,0.0,0.0,0.0,0.0,0.0,0.0,0.0,0.0
2023-03-10 16:00:00,DATAR1,2023-03-10 16:00:00,131121.0,99.0,1.0,29.0,1.0,0.07,1.0,0.002,1.0,0.5,1.0,0.003,1.0,0.021,1.0,0.024,1.0,0.0,0.0,0.0,0.0,0.0,0.0,0.0,0.0
2023-03-10 17:00:00,DATAR1,2023-03-10 17:00:00,131121.0,105.0,1.0,34.0,1.0,0.073,1.0,0.002,1.0,0.5,1.0,0.003,1.0,0.021,1.0,0.024,1.0,0.0,0.0,0.0,0.0,0.0,0.0,0.0,0.0
2023-03-10 18:00:00,DATAR1,2023-03-10 18:00:00,131121.0,105.0,1.0,36.0,1.0,0.07,1.0,0.002,1.0,0.5,1.0,0.002,1.0,0.023,1.0,0.026,1.0,0.0,0.0,0.0,0.0,0.0,0.0,0.0,0.0
2023-03-10 19:00:00,DATAR1,2023-03-10 19:00:00,131121.0,93.0,1.0,45.0,1.0,0.055,1.0,0.002,1.0,0.6,1.0,0.003,1.0,0.036,1.0,0.039,1.0,0.0,0.0,0.0,0.0,0.0,0.0,0.0,0.0
2023-03-10 20:00:00,DATAR1,2023-03-10 20:00:00,131121.0,108.0,1.0,48.0,1.0,0.035,1.0,0.003,1.0,0.8,1.0,0.003,1.0,0.054,1.0,0.057,1.0,0.0,0.0,0.0,0.0,0.0,0.0,0.0,0.0
2023-03-10 21:00:00,DATAR1,2023-03-10 21:00:00,131121.0,113.0,1.0,50.0,1.0,0.033,1.0,0.003,1.0,0.8,1.0,0.003,1.0,0.054,1.0,0.057,1.0,0.0,0.0,0.0,0.0,0.0,0.0,0.0,0.0
2023-03-10 22:00:00,DATAR1,2023-03-10 22:00:00,131121.0,103.0,1.0,55.0,1.0,0.026,1.0,0.002,1.0,0.8,1.0,0.003,1.0,0.054,1.0,0.057,1.0,0.0,0.0,0.0,0.0,0.0,0.0,0.0,0.0
2023-03-10 23:00:00,DATAR1,2023-03-10 23:00:00,131121.0,107.0,1.0,56.0,1.0,0.035,1.0,0.003,1.0,0.8,1.0,0.005,1.0,0.044,1.0,0.049,1.0,0.0,0.0,0.0,0.0,0.0,0.0,0.0,0.0
2023-03-11 00:00:00,DATAR1,2023-03-11 00:00:00,131121.0,109.0,1.0,62.0,1.0,0.046,1.0,0.003,1.0,0.7,1.0,0.004,1.0,0.035,1.0,0.039,1.0,0.0,0.0,0.0,0.0,0.0,0.0,0.0,0.0
2023-03-11 01:00:00,DATAR1,2023-03-11 01:00:00,131121.0,125.0,1.0,59.0,1.0,0.038,1.0,0.003,1.0,0.8,1.0,0.002,1.0,0.038,1.0,0.04,1.0,0.0,0.0,0.0,0.0,0.0,0.0,0.0,0.0
2023-03-11 02:00:00,DATAR1,2023-03-11 02:00:00,131121.0,115.0,1.0,62.0,1.0,0.034,1.0,0.002,1.0,0.8,1.0,0.002,1.0,0.036,1.0,0.038,1.0,0.0,0.0,0.0,0.0,0.0,0.0,0.0,0.0
2023-03-11 03:00:00,DATAR1,2023-03-11 03:00:00,131121.0,113.0,1.0,70.0,1.0,0.045,1.0,0.002,1.0,0.8,1.0,0.002,1.0,0.03,1.0,0.032,1.0,0.0,0.0,0.0,0.0,0.0,0.0,0.0,0.0
2023-03-11 04:00:00,DATAR1,2023-03-11 04:00:00,131121.0,106.0,1.0,78.0,1.0,0.04,1.0,0.002,1.0,0.8,1.0,0.003,1.0,0.034,1.0,0.037,1.0,0.0,0.0,0.0,0.0,0.0,0.0,0.0,0.0
2023-03-11 05:00:00,DATAR1,2023-03-11 05:00:00,131121.0,99.0,1.0,74.0,1.0,0.044,1.0,0.002,1.0,0.7,1.0,0.002,1.0,0.032,1.0,0.034,1.0,0.0,0.0,0.0,0.0,0.0,0.0,0.0,0.0
2023-03-11 06:00:00,DATAR1,2023-03-11 06:00:00,131121.0,112.0,1.0,69.0,1.0,0.052,1.0,0.002,1.0,0.7,1.0,0.003,1.0,0.031,1.0,0.034,1.0,0.0,0.0,0.0,0.0,0.0,0.0,0.0,0.0
2023-03-11 07:00:00,DATAR1,2023-03-11 07:00:00,131121.0,109.0,1.0,67.0,1.0,0.032,1.0,0.002,1.0,0.7,1.0,0.003,1.0,0.048,1.0,0.052,1.0,0.0,0.0,0.0,0.0,0.0,0.0,0.0,0.0
2023-03-11 08:00:00,DATAR1,2023-03-11 08:00:00,131121.0,99.0,1.0,78.0,1.0,0.004,1.0,0.003,1.0,1.0,1.0,0.078,1.0,0.08,1.0,0.158,1.0,0.0,0.0,0.0,0.0,0.0,0.0,0.0,0.0
2023-03-11 09:00:00,DATAR1,2023-03-11 09:00:00,131121.0,101.0,1.0,85.0,1.0,0.004,1.0,0.004,1.0,1.1,1.0,0.091,1.0,0.077,1.0,0.168,1.0,0.0,0.0,0.0,0.0,0.0,0.0,0.0,0.0
2023-03-11 10:00:00,DATAR1,2023-03-11 10:00:00,131121.0,109.0,1.0,83.0,1.0,0.032,1.0,0.003,1.0,0.8,1.0,0.04,1.0,0.052,1.0,0.092,1.0,0.0,0.0,0.0,0.0,0.0,0.0,0.0,0.0
2023-03-11 11:00:00,DATAR1,2023-03-11 11:00:00,131121.0,106.0,1.0,62.0,1.0,0.059,1.0,0.003,1.0,0.4,1.0,0.005,1.0,0.022,1.0,0.028,1.0,0.0,0.0,0.0,0.0,0.0,0.0,0.0,0.0
2023-03-11 12:00:00,DATAR1,2023-03-11 12:00:00,131121.0,94.0,1.0,42.0,1.0,0.058,1.0,0.002,1.0,0.3,1.0,0.004,1.0,0.022,1.0,0.026,1.0,0.0,0.0,0.0,0.0,0.0,0.0,0.0,0.0
2023-03-11 13:00:00,DATAR1,2023-03-11 13:00:00,131121.0,87.0,1.0,27.0,1.0,0.062,1.0,0.002,1.0,0.4,1.0,0.004,1.0,0.02,1.0,0.024,1.0,0.0,0.0,0.0,0.0,0.0,0.0,0.0,0.0
2023-03-11 14:00:00,DATAR1,2023-03-11 14:00:00,131121.0,88.0,1.0,22.0,1.0,0.067,1.0,0.003,1.0,0.5,1.0,0.004,1.0,0.018,1.0,0.022,1.0,0.0,0.0,0.0,0.0,0.0,0.0,0.0,0.0
2023-03-11 15:00:00,DATAR1,2023-03-11 15:00:00,131121.0,97.0,1.0,18.0,1.0,0.069,1.0,0.003,1.0,0.5,1.0,0.003,1.0,0.015,1.0,0.018,1.0,0.0,0.0,0.0,0.0,0.0,0.0,0.0,0.0
2023-03-11 16:00:00,DATAR1,2023-03-11 16:00:00,131121.0,100.0,1.0,14.0,1.0,0.07,1.0,0.003,1.0,0.4,1.0,0.002,1.0,0.014,1.0,0.016,1.0,0.0,0.0,0.0,0.0,0.0,0.0,0.0,0.0
2023-03-11 17:00:00,DATAR1,2023-03-11 17:00:00,131121.0,98.0,1.0,17.0,1.0,0.072,1.0,0.002,1.0,0.4,1.0,0.002,1.0,0.014,1.0,0.016,1.0,0.0,0.0,0.0,0.0,0.0,0.0,0.0,0.0
2023-03-11 18:00:00,DATAR1,2023-03-11 18:00:00,131121.0,96.0,1.0,18.0,1.0,0.074,1.0,0.003,1.0,0.4,1.0,0.002,1.0,0.018,1.0,0.02,1.0,0.0,0.0,0.0,0.0,0.0,0.0,0.0,0.0
2023-03-11 19:00:00,DATAR1,2023-03-11 19:00:00,131121.0,96.0,1.0,26.0,1.0,0.072,1.0,0.003,1.0,0.5,1.0,0.002,1.0,0.015,1.0,0.017,1.0,0.0,0.0,0.0,0.0,0.0,0.0,0.0,0.0
2023-03-11 20:00:00,DATAR1,2023-03-11 20:00:00,131121.0,84.0,1.0,28.0,1.0,0.065,1.0,0.003,1.0,0.5,1.0,0.002,1.0,0.017,1.0,0.019,1.0,0.0,0.0,0.0,0.0,0.0,0.0,0.0,0.0
2023-03-11 21:00:00,DATAR1,2023-03-11 21:00:00,131121.0,83.0,1.0,28.0,1.0,0.062,1.0,0.003,1.0,0.6,1.0,0.002,1.0,0.019,1.0,0.021,1.0,0.0,0.0,0.0,0.0,0.0,0.0,0.0,0.0
2023-03-11 22:00:00,DATAR1,2023-03-11 22:00:00,131121.0,86.0,1.0,31.0,1.0,0.063,1.0,0.003,1.0,0.5,1.0,0.002,1.0,0.017,1.0,0.02,1.0,0.0,0.0,0.0,0.0,0.0,0.0,0.0,0.0
2023-03-11 23:00:00,DATAR1,2023-03-11 23:00:00,131121.0,81.0,1.0,34.0,1.0,0.055,1.0,0.002,1.0,0.5,1.0,0.002,1.0,0.024,1.0,0.026,1.0,0.0,0.0,0.0,0.0,0.0,0.0,0.0,0.0
2023-03-12 00:00:00,DATAR1,2023-03-12 00:00:00,131121.0,80.0,1.0,39.0,1.0,0.057,1.0,0.002,1.0,0.5,1.0,0.002,1.0,0.02,1.0,0.022,1.0,0.0,0.0,0.0,0.0,0.0,0.0,0.0,0.0
2023-03-12 01:00:00,DATAR1,2023-03-12 01:00:00,131121.0,76.0,1.0,40.0,1.0,0.065,1.0,0.002,1.0,0.5,1.0,0.002,1.0,0.014,1.0,0.017,1.0,0.0,0.0,0.0,0.0,0.0,0.0,0.0,0.0
2023-03-12 02:00:00,DATAR1,2023-03-12 02:00:00,131121.0,84.0,1.0,38.0,1.0,0.06,1.0,0.002,1.0,0.5,1.0,0.002,1.0,0.016,1.0,0.018,1.0,0.0,0.0,0.0,0.0,0.0,0.0,0.0,0.0
2023-03-12 03:00:00,DATAR1,2023-03-12 03:00:00,131121.0,80.0,1.0,38.0,1.0,0.06,1.0,0.002,1.0,0.5,1.0,0.002,1.0,0.015,1.0,0.017,1.0,0.0,0.0,0.0,0.0,0.0,0.0,0.0,0.0
2023-03-12 04:00:00,DATAR1,2023-03-12 04:00:00,131121.0,89.0,1.0,44.0,1.0,0.059,1.0,0.002,1.0,0.5,1.0,0.002,1.0,0.015,1.0,0.017,1.0,0.0,0.0,0.0,0.0,0.0,0.0,0.0,0.0
2023-03-12 05:00:00,DATAR1,2023-03-12 05:00:00,131121.0,93.0,1.0,45.0,1.0,0.062,1.0,0.002,1.0,0.6,1.0,0.002,1.0,0.014,1.0,0.016,1.0,0.0,0.0,0.0,0.0,0.0,0.0,0.0,0.0
2023-03-12 06:00:00,DATAR1,2023-03-12 06:00:00,131121.0,99.0,1.0,50.0,1.0,0.065,1.0,0.002,1.0,0.7,1.0,0.002,1.0,0.012,1.0,0.014,1.0,0.0,0.0,0.0,0.0,0.0,0.0,0.0,0.0
2023-03-12 07:00:00,DATAR1,2023-03-12 07:00:00,131121.0,104.0,1.0,60.0,1.0,0.067,1.0,0.001,1.0,0.6,1.0,0.002,1.0,0.012,1.0,0.014,1.0,0.0,0.0,0.0,0.0,0.0,0.0,0.0,0.0
2023-03-12 08:00:00,DATAR1,2023-03-12 08:00:00,131121.0,100.0,1.0,60.0,1.0,0.066,1.0,0.001,1.0,0.6,1.0,0.002,1.0,0.013,1.0,0.015,1.0,0.0,0.0,0.0,0.0,0.0,0.0,0.0,0.0
2023-03-12 09:00:00,DATAR1,2023-03-12 09:00:00,131121.0,69.0,1.0,54.0,1.0,0.058,1.0,0.001,1.0,0.7,1.0,0.002,1.0,0.016,1.0,0.018,1.0,0.0,0.0,0.0,0.0,0.0,0.0,0.0,0.0
2023-03-12 10:00:00,DATAR1,2023-03-12 10:00:00,131121.0,,2.0,45.0,1.0,0.049,1.0,0.001,1.0,0.6,1.0,0.002,1.0,0.016,1.0,0.018,1.0,0.0,0.0,0.0,0.0,0.0,0.0,0.0,0.0
2023-03-12 11:00:00,DATAR1,2023-03-12 11:00:00,131121.0,,2.0,30.0,1.0,0.045,1.0,0.001,1.0,0.6,1.0,0.002,1.0,0.016,1.0,0.019,1.0,0.0,0.0,0.0,0.0,0.0,0.0,0.0,0.0
2023-03-12 12:00:00,DATAR1,2023-03-12 12:00:00,131121.0,,2.0,20.0,1.0,0.04,1.0,0.001,1.0,0.5,1.0,0.002,1.0,0.015,1.0,0.018,1.0,0.0,0.0,0.0,0.0,0.0,0.0,0.0,0.0
2023-03-12 13:00:00,DATAR1,2023-03-12 13:00:00,131121.0,9.0,1.0,14.0,1.0,0.038,1.0,0.001,1.0,0.5,1.0,0.003,1.0,0.014,1.0,0.017,1.0,0.0,0.0,0.0,0.0,0.0,0.0,0.0,0.0
2023-03-12 14:00:00,DATAR1,2023-03-12 14:00:00,131121.0,9.0,1.0,13.0,1.0,0.036,1.0,0.001,1.0,0.4,1.0,0.003,1.0,0.014,1.0,0.017,1.0,0.0,0.0,0.0,0.0,0.0,0.0,0.0,0.0
2023-03-12 15:00:00,DATAR1,2023-03-12 15:00:00,131121.0,37.0,1.0,9.0,1.0,0.037,1.0,0.001,1.0,0.4,1.0,0.003,1.0,0.013,1.0,0.015,1.0,0.0,0.0,0.0,0.0,0.0,0.0,0.0,0.0
2023-03-12 16:00:00,DATAR1,2023-03-12 16:00:00,131121.0,55.0,1.0,14.0,1.0,0.035,1.0,0.001,1.0,0.3,1.0,0.002,1.0,0.011,1.0,0.013,1.0,0.0,0.0,0.0,0.0,0.0,0.0,0.0,0.0
2023-03-12 17:00:00,DATAR1,2023-03-12 17:00:00,131121.0,58.0,1.0,12.0,1.0,0.037,1.0,0.001,1.0,0.4,1.0,0.003,1.0,0.011,1.0,0.013,1.0,0.0,0.0,0.0,0.0,0.0,0.0,0.0,0.0
2023-03-12 18:00:00,DATAR1,2023-03-12 18:00:00,131121.0,81.0,1.0,13.0,1.0,0.042,1.0,0.001,1.0,0.4,1.0,0.002,1.0,0.009,1.0,0.012,1.0,0.0,0.0,0.0,0.0,0.0,0.0,0.0,0.0
2023-03-12 19:00:00,DATAR1,2023-03-12 19:00:00,131121.0,60.0,1.0,13.0,1.0,0.041,1.0,0.001,1.0,0.3,1.0,0.002,1.0,0.009,1.0,0.011,1.0,0.0,0.0,0.0,0.0,0.0,0.0,0.0,0.0
2023-03-12 20:00:00,DATAR1,2023-03-12 20:00:00,131121.0,47.0,1.0,10.0,1.0,0.039,1.0,0.001,1.0,0.3,1.0,0.002,1.0,0.008,1.0,0.011,1.0,0.0,0.0,0.0,0.0,0.0,0.0,0.0,0.0
2023-03-12 21:00:00,DATAR1,2023-03-12 21:00:00,131121.0,39.0,1.0,10.0,1.0,0.039,1.0,0.001,1.0,0.3,1.0,0.002,1.0,0.008,1.0,0.01,1.0,0.0,0.0,0.0,0.0,0.0,0.0,0.0,0.0
2023-03-12 22:00:00,DATAR1,2023-03-12 22:00:00,131121.0,35.0,1.0,6.0,1.0,0.038,1.0,0.001,1.0,0.4,1.0,0.002,1.0,0.008,1.0,0.01,1.0,0.0,0.0,0.0,0.0,0.0,0.0,0.0,0.0
2023-03-12 23:00:00,DATAR1,2023-03-12 23:00:00,131121.0,38.0,1.0,8.0,1.0,0.036,1.0,0.002,1.0,0.3,1.0,0.002,1.0,0.008,1.0,0.011,1.0,0.0,0.0,0.0,0.0,0.0,0.0,0.0,0.0
2023-03-13 00:00:00,DATAR1,2023-03-13 00:00:00,131121.0,41.0,1.0,10.0,1.0,0.036,1.0,0.002,1.0,0.3,1.0,0.002,1.0,0.008,1.0,0.01,1.0,0.0,0.0,0.0,0.0,0.0,0.0,0.0,0.0
2023-03-13 01:00:00,DATAR1,2023-03-13 01:00:00,131121.0,46.0,1.0,3.0,1.0,0.037,1.0,0.002,1.0,0.3,1.0,0.002,1.0,0.006,1.0,0.008,1.0,0.0,0.0,0.0,0.0,0.0,0.0,0.0,0.0
2023-03-13 02:00:00,DATAR1,2023-03-13 02:00:00,131121.0,44.0,1.0,4.0,1.0,0.037,1.0,0.002,1.0,0.3,1.0,0.002,1.0,0.006,1.0,0.008,1.0,0.0,0.0,0.0,0.0,0.0,0.0,0.0,0.0
2023-03-13 03:00:00,DATAR1,2023-03-13 03:00:00,131121.0,32.0,1.0,6.0,1.0,0.036,1.0,0.002,1.0,0.2,1.0,0.002,1.0,0.006,1.0,0.008,1.0,0.0,0.0,0.0,0.0,0.0,0.0,0.0,0.0
2023-03-13 04:00:00,DATAR1,2023-03-13 04:00:00,131121.0,32.0,1.0,10.0,1.0,0.036,1.0,0.002,1.0,0.2,1.0,0.002,1.0,0.006,1.0,0.008,1.0,0.0,0.0,0.0,0.0,0.0,0.0,0.0,0.0
2023-03-13 05:00:00,DATAR1,2023-03-13 05:00:00,131121.0,32.0,1.0,9.0,1.0,0.035,1.0,0.002,1.0,0.2,1.0,0.002,1.0,0.007,1.0,0.009,1.0,0.0,0.0,0.0,0.0,0.0,0.0,0.0,0.0
2023-03-13 06:00:00,DATAR1,2023-03-13 06:00:00,131121.0,28.0,1.0,9.0,1.0,0.033,1.0,0.002,1.0,0.2,1.0,0.002,1.0,0.009,1.0,0.012,1.0,0.0,0.0,0.0,0.0,0.0,0.0,0.0,0.0
2023-03-13 07:00:00,DATAR1,2023-03-13 07:00:00,131121.0,24.0,1.0,9.0,1.0,0.03,1.0,0.002,1.0,0.3,1.0,0.002,1.0,0.012,1.0,0.014,1.0,0.0,0.0,0.0,0.0,0.0,0.0,0.0,0.0
2023-03-13 08:00:00,DATAR1,2023-03-13 08:00:00,131121.0,26.0,1.0,7.0,1.0,0.024,1.0,0.002,1.0,0.3,1.0,0.005,1.0,0.02,1.0,0.025,1.0,0.0,0.0,0.0,0.0,0.0,0.0,0.0,0.0
2023-03-13 09:00:00,DATAR1,2023-03-13 09:00:00,131121.0,30.0,1.0,8.0,1.0,0.027,1.0,0.002,1.0,0.3,1.0,0.006,1.0,0.017,1.0,0.023,1.0,0.0,0.0,0.0,0.0,0.0,0.0,0.0,0.0
2023-03-13 10:00:00,DATAR1,2023-03-13 10:00:00,131121.0,21.0,1.0,10.0,1.0,0.031,1.0,0.002,1.0,0.4,1.0,0.006,1.0,0.013,1.0,0.019,1.0,0.0,0.0,0.0,0.0,0.0,0.0,0.0,0.0
2023-03-13 11:00:00,DATAR1,2023-03-13 11:00:00,131121.0,33.0,1.0,8.0,1.0,0.032,1.0,0.002,1.0,0.4,1.0,0.006,1.0,0.013,1.0,0.02,1.0,0.0,0.0,0.0,0.0,0.0,0.0,0.0,0.0
2023-03-13 12:00:00,DATAR1,2023-03-13 12:00:00,131121.0,31.0,1.0,8.0,1.0,0.032,1.0,0.002,1.0,0.4,1.0,0.007,1.0,0.013,1.0,0.021,1.0,0.0,0.0,0.0,0.0,0.0,0.0,0.0,0.0
2023-03-13 13:00:00,DATAR1,2023-03-13 13:00:00,131121.0,33.0,1.0,6.0,1.0,0.034,1.0,0.002,1.0,0.4,1.0,0.006,1.0,0.013,1.0,0.019,1.0,0.0,0.0,0.0,0.0,0.0,0.0,0.0,0.0
2023-03-13 14:00:00,DATAR1,2023-03-13 14:00:00,131121.0,34.0,1.0,5.0,1.0,0.034,1.0,0.002,1.0,0.4,1.0,0.007,1.0,0.014,1.0,0.021,1.0,0.0,0.0,0.0,0.0,0.0,0.0,0.0,0.0
2023-03-13 15:00:00,DATAR1,2023-03-13 15:00:00,131121.0,34.0,1.0,7.0,1.0,0.036,1.0,0.002,1.0,0.3,1.0,0.006,1.0,0.014,1.0,0.02,1.0,0.0,0.0,0.0,0.0,0.0,0.0,0.0,0.0
2023-03-13 16:00:00,DATAR1,2023-03-13 16:00:00,131121.0,43.0,1.0,9.0,1.0,0.038,1.0,0.002,1.0,0.3,1.0,0.005,1.0,0.013,1.0,0.018,1.0,0.0,0.0,0.0,0.0,0.0,0.0,0.0,0.0
2023-03-13 17:00:00,DATAR1,2023-03-13 17:00:00,131121.0,42.0,1.0,7.0,1.0,0.039,1.0,0.002,1.0,0.3,1.0,0.004,1.0,0.013,1.0,0.018,1.0,0.0,0.0,0.0,0.0,0.0,0.0,0.0,0.0
2023-03-13 18:00:00,DATAR1,2023-03-13 18:00:00,131121.0,45.0,1.0,6.0,1.0,0.039,1.0,0.002,1.0,0.3,1.0,0.004,1.0,0.014,1.0,0.018,1.0,0.0,0.0,0.0,0.0,0.0,0.0,0.0,0.0
2023-03-13 19:00:00,DATAR1,2023-03-13 19:00:00,131121.0,43.0,1.0,8.0,1.0,0.035,1.0,0.002,1.0,0.3,1.0,0.004,1.0,0.019,1.0,0.022,1.0,0.0,0.0,0.0,0.0,0.0,0.0,0.0,0.0
2023-03-13 20:00:00,DATAR1,2023-03-13 20:00:00,131121.0,37.0,1.0,10.0,1.0,0.034,1.0,0.002,1.0,0.3,1.0,0.004,1.0,0.018,1.0,0.022,1.0,0.0,0.0,0.0,0.0,0.0,0.0,0.0,0.0
2023-03-13 21:00:00,DATAR1,2023-03-13 21:00:00,131121.0,44.0,1.0,7.0,1.0,0.029,1.0,0.002,1.0,0.4,1.0,0.004,1.0,0.022,1.0,0.026,1.0,0.0,0.0,0.0,0.0,0.0,0.0,0.0,0.0
2023-03-13 22:00:00,DATAR1,2023-03-13 22:00:00,131121.0,41.0,1.0,6.0,1.0,0.029,1.0,0.002,1.0,0.5,1.0,0.003,1.0,0.022,1.0,0.025,1.0,0.0,0.0,0.0,0.0,0.0,0.0,0.0,0.0
2023-03-13 23:00:00,DATAR1,2023-03-13 23:00:00,131121.0,38.0,1.0,7.0,1.0,0.028,1.0,0.002,1.0,0.6,1.0,0.003,1.0,0.022,1.0,0.024,1.0,0.0,0.0,0.0,0.0,0.0,0.0,0.0,0.0
2023-03-14 00:00:00,DATAR1,2023-03-14 00:00:00,131121.0,36.0,1.0,11.0,1.0,0.026,1.0,0.002,1.0,0.5,1.0,0.003,1.0,0.021,1.0,0.024,1.0,0.0,0.0,0.0,0.0,0.0,0.0,0.0,0.0
2023-03-14 01:00:00,DATAR1,2023-03-14 01:00:00,131121.0,49.0,1.0,15.0,1.0,0.027,1.0,0.002,1.0,0.4,1.0,0.004,1.0,0.019,1.0,0.023,1.0,0.0,0.0,0.0,0.0,0.0,0.0,0.0,0.0
2023-03-14 02:00:00,DATAR1,2023-03-14 02:00:00,131121.0,38.0,1.0,18.0,1.0,0.035,1.0,0.002,1.0,0.4,1.0,0.002,1.0,0.013,1.0,0.016,1.0,0.0,0.0,0.0,0.0,0.0,0.0,0.0,0.0
2023-03-14 03:00:00,DATAR1,2023-03-14 03:00:00,131121.0,38.0,1.0,13.0,1.0,0.033,1.0,0.002,1.0,0.4,1.0,0.002,1.0,0.014,1.0,0.016,1.0,0.0,0.0,0.0,0.0,0.0,0.0,0.0,0.0
2023-03-14 04:00:00,DATAR1,2023-03-14 04:00:00,131121.0,41.0,1.0,13.0,1.0,0.033,1.0,0.002,1.0,0.4,1.0,0.003,1.0,0.014,1.0,0.016,1.0,0.0,0.0,0.0,0.0,0.0,0.0,0.0,0.0
2023-03-14 05:00:00,DATAR1,2023-03-14 05:00:00,131121.0,37.0,1.0,12.0,1.0,0.037,1.0,0.002,1.0,0.3,1.0,0.003,1.0,0.012,1.0,0.015,1.0,0.0,0.0,0.0,0.0,0.0,0.0,0.0,0.0
2023-03-14 06:00:00,DATAR1,2023-03-14 06:00:00,131121.0,39.0,1.0,11.0,1.0,0.032,1.0,0.002,1.0,0.2,1.0,0.003,1.0,0.017,1.0,0.02,1.0,0.0,0.0,0.0,0.0,0.0,0.0,0.0,0.0
2023-03-14 07:00:00,DATAR1,2023-03-14 07:00:00,131121.0,43.0,1.0,13.0,1.0,0.026,1.0,0.002,1.0,0.4,1.0,0.005,1.0,0.024,1.0,0.028,1.0,0.0,0.0,0.0,0.0,0.0,0.0,0.0,0.0
2023-03-14 08:00:00,DATAR1,2023-03-14 08:00:00,131121.0,43.0,1.0,11.0,1.0,0.028,1.0,0.002,1.0,0.4,1.0,0.004,1.0,0.02,1.0,0.024,1.0,0.0,0.0,0.0,0.0,0.0,0.0,0.0,0.0
2023-03-14 09:00:00,DATAR1,2023-03-14 09:00:00,131121.0,48.0,1.0,12.0,1.0,0.032,1.0,0.002,1.0,0.2,1.0,0.005,1.0,0.017,1.0,0.023,1.0,0.0,0.0,0.0,0.0,0.0,0.0,0.0,0.0
2023-03-14 10:00:00,DATAR1,2023-03-14 10:00:00,131121.0,45.0,1.0,14.0,1.0,0.032,1.0,0.002,1.0,0.3,1.0,0.006,1.0,0.016,1.0,0.021,1.0,0.0,0.0,0.0,0.0,0.0,0.0,0.0,0.0
2023-03-14 11:00:00,DATAR1,2023-03-14 11:00:00,131121.0,,3.0,,3.0,,3.0,,3.0,,3.0,,3.0,,3.0,,3.0,0.0,0.0,0.0,0.0,0.0,0.0,0.0,0.0
2023-03-14 12:00:00,DATAR1,2023-03-14 12:00:00,131121.0,,3.0,,3.0,,3.0,,3.0,,3.0,,3.0,,3.0,,3.0,0.0,0.0,0.0,0.0,0.0,0.0,0.0,0.0
2023-03-14 13:00:00,DATAR1,2023-03-14 13:00:00,131121.0,63.0,1.0,14.0,1.0,0.04,1.0,0.002,1.0,0.4,1.0,0.007,1.0,0.014,1.0,0.022,1.0,0.0,0.0,0.0,0.0,0.0,0.0,0.0,0.0
2023-03-14 14:00:00,DATAR1,2023-03-14 14:00:00,131121.0,62.0,1.0,11.0,1.0,0.045,1.0,0.002,1.0,0.4,1.0,0.004,1.0,0.011,1.0,0.015,1.0,0.0,0.0,0.0,0.0,0.0,0.0,0.0,0.0
2023-03-14 15:00:00,DATAR1,2023-03-14 15:00:00,131121.0,65.0,1.0,6.0,1.0,0.046,1.0,0.002,1.0,0.4,1.0,0.004,1.0,0.011,1.0,0.015,1.0,0.0,0.0,0.0,0.0,0.0,0.0,0.0,0.0
2023-03-14 16:00:00,DATAR1,2023-03-14 16:00:00,131121.0,63.0,1.0,4.0,1.0,0.046,1.0,0.002,1.0,0.4,1.0,0.004,1.0,0.011,1.0,0.014,1.0,0.0,0.0,0.0,0.0,0.0,0.0,0.0,0.0
2023-03-14 17:00:00,DATAR1,2023-03-14 17:00:00,131121.0,48.0,1.0,5.0,1.0,0.046,1.0,0.002,1.0,0.3,1.0,0.003,1.0,0.011,1.0,0.014,1.0,0.0,0.0,0.0,0.0,0.0,0.0,0.0,0.0
2023-03-14 18:00:00,DATAR1,2023-03-14 18:00:00,131121.0,51.0,1.0,5.0,1.0,0.043,1.0,0.002,1.0,0.3,1.0,0.003,1.0,0.013,1.0,0.016,1.0,0.0,0.0,0.0,0.0,0.0,0.0,0.0,0.0
2023-03-14 19:00:00,DATAR1,2023-03-14 19:00:00,131121.0,41.0,1.0,3.0,1.0,0.039,1.0,0.002,1.0,0.4,1.0,0.003,1.0,0.017,1.0,0.02,1.0,0.0,0.0,0.0,0.0,0.0,0.0,0.0,0.0
2023-03-14 20:00:00,DATAR1,2023-03-14 20:00:00,131121.0,27.0,1.0,5.0,1.0,0.035,1.0,0.002,1.0,0.4,1.0,0.002,1.0,0.019,1.0,0.021,1.0,0.0,0.0,0.0,0.0,0.0,0.0,0.0,0.0
2023-03-14 21:00:00,DATAR1,2023-03-14 21:00:00,131121.0,27.0,1.0,5.0,1.0,0.021,1.0,0.002,1.0,0.6,1.0,0.003,1.0,0.034,1.0,0.037,1.0,0.0,0.0,0.0,0.0,0.0,0.0,0.0,0.0
2023-03-14 22:00:00,DATAR1,2023-03-14 22:00:00,131121.0,31.0,1.0,7.0,1.0,0.013,1.0,0.002,1.0,0.6,1.0,0.004,1.0,0.043,1.0,0.047,1.0,0.0,0.0,0.0,0.0,0.0,0.0,0.0,0.0
2023-03-14 23:00:00,DATAR1,2023-03-14 23:00:00,131121.0,30.0,1.0,8.0,1.0,0.027,1.0,0.002,1.0,0.6,1.0,0.003,1.0,0.027,1.0,0.029,1.0,0.0,0.0,0.0,0.0,0.0,0.0,0.0,0.0
2023-03-15 00:00:00,DATAR1,2023-03-15 00:00:00,131121.0,39.0,1.0,11.0,1.0,0.029,1.0,0.002,1.0,0.5,1.0,0.003,1.0,0.024,1.0,0.027,1.0,0.0,0.0,0.0,0.0,0.0,0.0,0.0,0.0
2023-03-15 01:00:00,DATAR1,2023-03-15 01:00:00,131121.0,26.0,1.0,14.0,1.0,0.022,1.0,0.002,1.0,0.4,1.0,0.002,1.0,0.029,1.0,0.032,1.0,0.0,0.0,0.0,0.0,0.0,0.0,0.0,0.0
2023-03-15 02:00:00,DATAR1,2023-03-15 02:00:00,131121.0,40.0,1.0,9.0,1.0,0.023,1.0,0.002,1.0,0.5,1.0,0.002,1.0,0.024,1.0,0.027,1.0,0.0,0.0,0.0,0.0,0.0,0.0,0.0,0.0
2023-03-15 03:00:00,DATAR1,2023-03-15 03:00:00,131121.0,27.0,1.0,12.0,1.0,0.019,1.0,0.002,1.0,0.6,1.0,0.002,1.0,0.025,1.0,0.028,1.0,0.0,0.0,0.0,0.0,0.0,0.0,0.0,0.0
2023-03-15 04:00:00,DATAR1,2023-03-15 04:00:00,131121.0,31.0,1.0,11.0,1.0,0.019,1.0,0.002,1.0,0.5,1.0,0.002,1.0,0.026,1.0,0.028,1.0,0.0,0.0,0.0,0.0,0.0,0.0,0.0,0.0
2023-03-15 05:00:00,DATAR1,2023-03-15 05:00:00,131121.0,30.0,1.0,10.0,1.0,0.021,1.0,0.002,1.0,0.4,1.0,0.002,1.0,0.027,1.0,0.029,1.0,0.0,0.0,0.0,0.0,0.0,0.0,0.0,0.0
2023-03-15 06:00:00,DATAR1,2023-03-15 06:00:00,131121.0,24.0,1.0,8.0,1.0,0.03,1.0,0.002,1.0,0.4,1.0,0.003,1.0,0.019,1.0,0.022,1.0,0.0,0.0,0.0,0.0,0.0,0.0,0.0,0.0
2023-03-15 07:00:00,DATAR1,2023-03-15 07:00:00,131121.0,31.0,1.0,8.0,1.0,0.038,1.0,0.001,1.0,0.4,1.0,0.002,1.0,0.012,1.0,0.014,1.0,0.0,0.0,0.0,0.0,0.0,0.0,0.0,0.0
2023-03-15 08:00:00,DATAR1,2023-03-15 08:00:00,131121.0,26.0,1.0,8.0,1.0,0.036,1.0,0.002,1.0,0.4,1.0,0.003,1.0,0.015,1.0,0.017,1.0,0.0,0.0,0.0,0.0,0.0,0.0,0.0,0.0
2023-03-15 09:00:00,DATAR1,2023-03-15 09:00:00,131121.0,20.0,1.0,8.0,1.0,0.027,1.0,0.002,1.0,0.4,1.0,0.007,1.0,0.028,1.0,0.034,1.0,0.0,0.0,0.0,0.0,0.0,0.0,0.0,0.0
2023-03-15 10:00:00,DATAR1,2023-03-15 10:00:00,131121.0,30.0,1.0,9.0,1.0,0.028,1.0,0.002,1.0,0.4,1.0,0.006,1.0,0.024,1.0,0.031,1.0,0.0,0.0,0.0,0.0,0.0,0.0,0.0,0.0
2023-03-15 11:00:00,DATAR1,2023-03-15 11:00:00,131121.0,25.0,1.0,8.0,1.0,0.034,1.0,0.002,1.0,0.3,1.0,0.006,1.0,0.018,1.0,0.023,1.0,0.0,0.0,0.0,0.0,0.0,0.0,0.0,0.0
2023-03-15 12:00:00,DATAR1,2023-03-15 12:00:00,131121.0,27.0,1.0,6.0,1.0,0.038,1.0,0.002,1.0,0.3,1.0,0.004,1.0,0.015,1.0,0.019,1.0,0.0,0.0,0.0,0.0,0.0,0.0,0.0,0.0
2023-03-15 13:00:00,DATAR1,2023-03-15 13:00:00,131121.0,26.0,1.0,7.0,1.0,0.045,1.0,0.002,1.0,0.4,1.0,0.003,1.0,0.01,1.0,0.013,1.0,0.0,0.0,0.0,0.0,0.0,0.0,0.0,0.0
2023-03-15 14:00:00,DATAR1,2023-03-15 14:00:00,131121.0,30.0,1.0,6.0,1.0,0.047,1.0,0.002,1.0,0.4,1.0,0.003,1.0,0.01,1.0,0.013,1.0,0.0,0.0,0.0,0.0,0.0,0.0,0.0,0.0
2023-03-15 15:00:00,DATAR1,2023-03-15 15:00:00,131121.0,38.0,1.0,6.0,1.0,0.046,1.0,0.002,1.0,0.3,1.0,0.003,1.0,0.012,1.0,0.015,1.0,0.0,0.0,0.0,0.0,0.0,0.0,0.0,0.0
2023-03-15 16:00:00,DATAR1,2023-03-15 16:00:00,131121.0,53.0,1.0,11.0,1.0,0.039,1.0,0.002,1.0,0.3,1.0,0.002,1.0,0.015,1.0,0.018,1.0,0.0,0.0,0.0,0.0,0.0,0.0,0.0,0.0
2023-03-15 17:00:00,DATAR1,2023-03-15 17:00:00,131121.0,49.0,1.0,15.0,1.0,0.04,1.0,0.002,1.0,0.3,1.0,0.002,1.0,0.016,1.0,0.018,1.0,0.0,0.0,0.0,0.0,0.0,0.0,0.0,0.0
2023-03-15 18:00:00,DATAR1,2023-03-15 18:00:00,131121.0,38.0,1.0,18.0,1.0,0.042,1.0,0.002,1.0,0.4,1.0,0.002,1.0,0.014,1.0,0.016,1.0,0.0,0.0,0.0,0.0,0.0,0.0,0.0,0.0
2023-03-15 19:00:00,DATAR1,2023-03-15 19:00:00,131121.0,51.0,1.0,22.0,1.0,0.039,1.0,0.001,1.0,0.4,1.0,0.002,1.0,0.018,1.0,0.02,1.0,0.0,0.0,0.0,0.0,0.0,0.0,0.0,0.0
2023-03-15 20:00:00,DATAR1,2023-03-15 20:00:00,131121.0,59.0,1.0,27.0,1.0,0.031,1.0,0.002,1.0,0.4,1.0,0.002,1.0,0.019,1.0,0.021,1.0,0.0,0.0,0.0,0.0,0.0,0.0,0.0,0.0
2023-03-15 21:00:00,DATAR1,2023-03-15 21:00:00,131121.0,74.0,1.0,26.0,1.0,0.026,1.0,0.001,1.0,0.5,1.0,0.002,1.0,0.016,1.0,0.019,1.0,0.0,0.0,0.0,0.0,0.0,0.0,0.0,0.0
2023-03-15 22:00:00,DATAR1,2023-03-15 22:00:00,131121.0,108.0,1.0,15.0,1.0,0.03,1.0,0.002,1.0,0.4,1.0,0.002,1.0,0.011,1.0,0.014,1.0,0.0,0.0,0.0,0.0,0.0,0.0,0.0,0.0
2023-03-15 23:00:00,DATAR1,2023-03-15 23:00:00,131121.0,107.0,1.0,9.0,1.0,0.031,1.0,0.002,1.0,0.4,1.0,0.002,1.0,0.011,1.0,0.013,1.0,0.0,0.0,0.0,0.0,0.0,0.0,0.0,0.0
2023-03-16 00:00:00,DATAR1,2023-03-16 00:00:00,131121.0,98.0,1.0,9.0,1.0,0.033,1.0,0.002,1.0,0.4,1.0,0.002,1.0,0.01,1.0,0.012,1.0,0.0,0.0,0.0,0.0,0.0,0.0,0.0,0.0
2023-03-16 01:00:00,DATAR1,2023-03-16 01:00:00,131121.0,114.0,1.0,8.0,1.0,0.033,1.0,0.002,1.0,0.4,1.0,0.002,1.0,0.009,1.0,0.011,1.0,0.0,0.0,0.0,0.0,0.0,0.0,0.0,0.0
2023-03-16 02:00:00,DATAR1,2023-03-16 02:00:00,131121.0,87.0,1.0,10.0,1.0,0.035,1.0,0.002,1.0,0.4,1.0,0.002,1.0,0.009,1.0,0.011,1.0,0.0,0.0,0.0,0.0,0.0,0.0,0.0,0.0
2023-03-16 03:00:00,DATAR1,2023-03-16 03:00:00,131121.0,65.0,1.0,11.0,1.0,0.034,1.0,0.002,1.0,0.4,1.0,0.002,1.0,0.009,1.0,0.011,1.0,0.0,0.0,0.0,0.0,0.0,0.0,0.0,0.0
2023-03-16 04:00:00,DATAR1,2023-03-16 04:00:00,131121.0,68.0,1.0,11.0,1.0,0.031,1.0,0.002,1.0,0.4,1.0,0.002,1.0,0.011,1.0,0.013,1.0,0.0,0.0,0.0,0.0,0.0,0.0,0.0,0.0
2023-03-16 05:00:00,DATAR1,2023-03-16 05:00:00,131121.0,62.0,1.0,9.0,1.0,0.029,1.0,0.002,1.0,0.4,1.0,0.002,1.0,0.013,1.0,0.015,1.0,0.0,0.0,0.0,0.0,0.0,0.0,0.0,0.0
2023-03-16 06:00:00,DATAR1,2023-03-16 06:00:00,131121.0,55.0,1.0,9.0,1.0,0.024,1.0,0.002,1.0,0.4,1.0,0.002,1.0,0.018,1.0,0.021,1.0,0.0,0.0,0.0,0.0,0.0,0.0,0.0,0.0
2023-03-16 07:00:00,DATAR1,2023-03-16 07:00:00,131121.0,44.0,1.0,10.0,1.0,0.026,1.0,0.002,1.0,0.3,1.0,0.003,1.0,0.016,1.0,0.018,1.0,0.0,0.0,0.0,0.0,0.0,0.0,0.0,0.0
2023-03-16 08:00:00,DATAR1,2023-03-16 08:00:00,131121.0,43.0,1.0,10.0,1.0,0.025,1.0,0.002,1.0,0.3,1.0,0.004,1.0,0.017,1.0,0.021,1.0,0.0,0.0,0.0,0.0,0.0,0.0,0.0,0.0
2023-03-16 09:00:00,DATAR1,2023-03-16 09:00:00,131121.0,40.0,1.0,11.0,1.0,0.024,1.0,0.002,1.0,0.3,1.0,0.007,1.0,0.019,1.0,0.026,1.0,0.0,0.0,0.0,0.0,0.0,0.0,0.0,0.0
2023-03-16 10:00:00,DATAR1,2023-03-16 10:00:00,131121.0,44.0,1.0,11.0,1.0,0.026,1.0,0.002,1.0,0.3,1.0,0.008,1.0,0.017,1.0,0.025,1.0,0.0,0.0,0.0,0.0,0.0,0.0,0.0,0.0
2023-03-16 11:00:00,DATAR1,2023-03-16 11:00:00,131121.0,55.0,1.0,10.0,1.0,0.029,1.0,0.002,1.0,0.4,1.0,0.006,1.0,0.013,1.0,0.02,1.0,0.0,0.0,0.0,0.0,0.0,0.0,0.0,0.0
2023-03-16 12:00:00,DATAR1,2023-03-16 12:00:00,131121.0,63.0,1.0,7.0,1.0,0.031,1.0,0.002,1.0,0.4,1.0,0.006,1.0,0.012,1.0,0.018,1.0,0.0,0.0,0.0,0.0,0.0,0.0,0.0,0.0
2023-03-16 13:00:00,DATAR1,2023-03-16 13:00:00,131121.0,63.0,1.0,8.0,1.0,0.034,1.0,0.002,1.0,0.3,1.0,0.004,1.0,0.01,1.0,0.015,1.0,0.0,0.0,0.0,0.0,0.0,0.0,0.0,0.0
2023-03-16 14:00:00,DATAR1,2023-03-16 14:00:00,131121.0,56.0,1.0,7.0,1.0,0.035,1.0,0.002,1.0,0.3,1.0,0.006,1.0,0.012,1.0,0.018,1.0,0.0,0.0,0.0,0.0,0.0,0.0,0.0,0.0
2023-03-16 15:00:00,DATAR1,2023-03-16 15:00:00,131121.0,65.0,1.0,9.0,1.0,0.037,1.0,0.002,1.0,0.4,1.0,0.004,1.0,0.012,1.0,0.015,1.0,0.0,0.0,0.0,0.0,0.0,0.0,0.0,0.0
2023-03-16 16:00:00,DATAR1,2023-03-16 16:00:00,131121.0,64.0,1.0,10.0,1.0,0.037,1.0,0.002,1.0,0.4,1.0,0.004,1.0,0.013,1.0,0.018,1.0,0.0,0.0,0.0,0.0,0.0,0.0,0.0,0.0
2023-03-16 17:00:00,DATAR1,2023-03-16 17:00:00,131121.0,62.0,1.0,10.0,1.0,0.036,1.0,0.002,1.0,0.3,1.0,0.003,1.0,0.013,1.0,0.016,1.0,0.0,0.0,0.0,0.0,0.0,0.0,0.0,0.0
2023-03-16 18:00:00,DATAR1,2023-03-16 18:00:00,131121.0,62.0,1.0,11.0,1.0,0.036,1.0,0.002,1.0,0.3,1.0,0.004,1.0,0.015,1.0,0.018,1.0,0.0,0.0,0.0,0.0,0.0,0.0,0.0,0.0
2023-03-16 19:00:00,DATAR1,2023-03-16 19:00:00,131121.0,59.0,1.0,11.0,1.0,0.031,1.0,0.002,1.0,0.4,1.0,0.005,1.0,0.022,1.0,0.027,1.0,0.0,0.0,0.0,0.0,0.0,0.0,0.0,0.0
2023-03-16 20:00:00,DATAR1,2023-03-16 20:00:00,131121.0,57.0,1.0,12.0,1.0,0.03,1.0,0.002,1.0,0.4,1.0,0.004,1.0,0.022,1.0,0.026,1.0,0.0,0.0,0.0,0.0,0.0,0.0,0.0,0.0
2023-03-16 21:00:00,DATAR1,2023-03-16 21:00:00,131121.0,56.0,1.0,12.0,1.0,0.03,1.0,0.002,1.0,0.4,1.0,0.003,1.0,0.018,1.0,0.021,1.0,0.0,0.0,0.0,0.0,0.0,0.0,0.0,0.0
2023-03-16 22:00:00,DATAR1,2023-03-16 22:00:00,131121.0,50.0,1.0,10.0,1.0,0.027,1.0,0.002,1.0,0.4,1.0,0.002,1.0,0.02,1.0,0.022,1.0,0.0,0.0,0.0,0.0,0.0,0.0,0.0,0.0
2023-03-16 23:00:00,DATAR1,2023-03-16 23:00:00,131121.0,51.0,1.0,13.0,1.0,0.02,1.0,0.002,1.0,0.4,1.0,0.002,1.0,0.026,1.0,0.029,1.0,0.0,0.0,0.0,0.0,0.0,0.0,0.0,0.0
2023-03-17 00:00:00,DATAR1,2023-03-17 00:00:00,131121.0,49.0,1.0,12.0,1.0,0.018,1.0,0.002,1.0,0.5,1.0,0.002,1.0,0.028,1.0,0.03,1.0,0.0,0.0,0.0,0.0,0.0,0.0,0.0,0.0
2023-03-17 01:00:00,DATAR1,2023-03-17 01:00:00,131121.0,54.0,1.0,11.0,1.0,0.026,1.0,0.002,1.0,0.3,1.0,0.002,1.0,0.016,1.0,0.019,1.0,0.0,0.0,0.0,0.0,0.0,0.0,0.0,0.0
2023-03-17 02:00:00,DATAR1,2023-03-17 02:00:00,131121.0,47.0,1.0,10.0,1.0,0.031,1.0,0.002,1.0,0.3,1.0,0.002,1.0,0.01,1.0,0.012,1.0,0.0,0.0,0.0,0.0,0.0,0.0,0.0,0.0
2023-03-17 03:00:00,DATAR1,2023-03-17 03:00:00,131121.0,47.0,1.0,10.0,1.0,0.029,1.0,0.002,1.0,0.4,1.0,0.002,1.0,0.011,1.0,0.014,1.0,0.0,0.0,0.0,0.0,0.0,0.0,0.0,0.0
2023-03-17 04:00:00,DATAR1,2023-03-17 04:00:00,131121.0,46.0,1.0,12.0,1.0,0.029,1.0,0.002,1.0,0.4,1.0,0.002,1.0,0.011,1.0,0.013,1.0,0.0,0.0,0.0,0.0,0.0,0.0,0.0,0.0
2023-03-17 05:00:00,DATAR1,2023-03-17 05:00:00,131121.0,47.0,1.0,13.0,1.0,0.029,1.0,0.002,1.0,0.4,1.0,0.002,1.0,0.01,1.0,0.013,1.0,0.0,0.0,0.0,0.0,0.0,0.0,0.0,0.0
2023-03-17 06:00:00,DATAR1,2023-03-17 06:00:00,131121.0,42.0,1.0,11.0,1.0,0.027,1.0,0.002,1.0,0.5,1.0,0.003,1.0,0.012,1.0,0.015,1.0,0.0,0.0,0.0,0.0,0.0,0.0,0.0,0.0
2023-03-17 07:00:00,DATAR1,2023-03-17 07:00:00,131121.0,44.0,1.0,11.0,1.0,0.027,1.0,0.002,1.0,0.5,1.0,0.003,1.0,0.013,1.0,0.016,1.0,0.0,0.0,0.0,0.0,0.0,0.0,0.0,0.0
2023-03-17 08:00:00,DATAR1,2023-03-17 08:00:00,131121.0,43.0,1.0,14.0,1.0,0.018,1.0,0.002,1.0,0.4,1.0,0.007,1.0,0.024,1.0,0.03,1.0,0.0,0.0,0.0,0.0,0.0,0.0,0.0,0.0
2023-03-17 09:00:00,DATAR1,2023-03-17 09:00:00,131121.0,42.0,1.0,13.0,1.0,0.018,1.0,0.002,1.0,0.4,1.0,0.008,1.0,0.024,1.0,0.032,1.0,0.0,0.0,0.0,0.0,0.0,0.0,0.0,0.0
2023-03-17 10:00:00,DATAR1,2023-03-17 10:00:00,131121.0,46.0,1.0,12.0,1.0,0.018,1.0,0.002,1.0,0.4,1.0,0.013,1.0,0.025,1.0,0.038,1.0,0.0,0.0,0.0,0.0,0.0,0.0,0.0,0.0
2023-03-17 11:00:00,DATAR1,2023-03-17 11:00:00,131121.0,43.0,1.0,15.0,1.0,0.017,1.0,0.002,1.0,0.5,1.0,0.021,1.0,0.028,1.0,0.049,1.0,0.0,0.0,0.0,0.0,0.0,0.0,0.0,0.0
2023-03-17 12:00:00,DATAR1,2023-03-17 12:00:00,131121.0,52.0,1.0,16.0,1.0,0.022,1.0,0.002,1.0,0.5,1.0,0.014,1.0,0.024,1.0,0.039,1.0,0.0,0.0,0.0,0.0,0.0,0.0,0.0,0.0
2023-03-17 13:00:00,DATAR1,2023-03-17 13:00:00,131121.0,54.0,1.0,15.0,1.0,0.024,1.0,0.002,1.0,0.4,1.0,0.013,1.0,0.024,1.0,0.037,1.0,0.0,0.0,0.0,0.0,0.0,0.0,0.0,0.0
2023-03-17 14:00:00,DATAR1,2023-03-17 14:00:00,131121.0,51.0,1.0,12.0,1.0,0.027,1.0,0.002,1.0,0.4,1.0,0.01,1.0,0.023,1.0,0.033,1.0,0.0,0.0,0.0,0.0,0.0,0.0,0.0,0.0
2023-03-17 15:00:00,DATAR1,2023-03-17 15:00:00,131121.0,41.0,1.0,10.0,1.0,0.032,1.0,0.002,1.0,0.4,1.0,0.008,1.0,0.018,1.0,0.026,1.0,0.0,0.0,0.0,0.0,0.0,0.0,0.0,0.0
2023-03-17 16:00:00,DATAR1,2023-03-17 16:00:00,131121.0,37.0,1.0,9.0,1.0,0.034,1.0,0.002,1.0,0.4,1.0,0.005,1.0,0.017,1.0,0.022,1.0,0.0,0.0,0.0,0.0,0.0,0.0,0.0,0.0
2023-03-17 17:00:00,DATAR1,2023-03-17 17:00:00,131121.0,37.0,1.0,8.0,1.0,0.034,1.0,0.002,1.0,0.4,1.0,0.004,1.0,0.018,1.0,0.022,1.0,0.0,0.0,0.0,0.0,0.0,0.0,0.0,0.0
2023-03-17 18:00:00,DATAR1,2023-03-17 18:00:00,131121.0,35.0,1.0,6.0,1.0,0.032,1.0,0.002,1.0,0.4,1.0,0.003,1.0,0.021,1.0,0.024,1.0,0.0,0.0,0.0,0.0,0.0,0.0,0.0,0.0
2023-03-17 19:00:00,DATAR1,2023-03-17 19:00:00,131121.0,35.0,1.0,13.0,1.0,0.024,1.0,0.002,1.0,0.4,1.0,0.003,1.0,0.031,1.0,0.034,1.0,0.0,0.0,0.0,0.0,0.0,0.0,0.0,0.0
2023-03-17 20:00:00,DATAR1,2023-03-17 20:00:00,131121.0,37.0,1.0,11.0,1.0,0.016,1.0,0.002,1.0,0.5,1.0,0.003,1.0,0.038,1.0,0.042,1.0,0.0,0.0,0.0,0.0,0.0,0.0,0.0,0.0
2023-03-17 21:00:00,DATAR1,2023-03-17 21:00:00,131121.0,33.0,1.0,14.0,1.0,0.015,1.0,0.002,1.0,0.6,1.0,0.003,1.0,0.038,1.0,0.041,1.0,0.0,0.0,0.0,0.0,0.0,0.0,0.0,0.0
2023-03-17 22:00:00,DATAR1,2023-03-17 22:00:00,131121.0,33.0,1.0,16.0,1.0,0.013,1.0,0.002,1.0,0.6,1.0,0.003,1.0,0.039,1.0,0.042,1.0,0.0,0.0,0.0,0.0,0.0,0.0,0.0,0.0
2023-03-17 23:00:00,DATAR1,2023-03-17 23:00:00,131121.0,28.0,1.0,18.0,1.0,0.011,1.0,0.002,1.0,0.6,1.0,0.003,1.0,0.04,1.0,0.043,1.0,0.0,0.0,0.0,0.0,0.0,0.0,0.0,0.0
2023-03-18 00:00:00,DATAR1,2023-03-18 00:00:00,131121.0,36.0,1.0,15.0,1.0,0.014,1.0,0.002,1.0,0.6,1.0,0.003,1.0,0.035,1.0,0.038,1.0,0.0,0.0,0.0,0.0,0.0,0.0,0.0,0.0
2023-03-18 01:00:00,DATAR1,2023-03-18 01:00:00,131121.0,31.0,1.0,12.0,1.0,0.015,1.0,0.002,1.0,0.6,1.0,0.003,1.0,0.031,1.0,0.034,1.0,0.0,0.0,0.0,0.0,0.0,0.0,0.0,0.0
2023-03-18 02:00:00,DATAR1,2023-03-18 02:00:00,131121.0,49.0,1.0,16.0,1.0,0.016,1.0,0.002,1.0,0.6,1.0,0.003,1.0,0.028,1.0,0.031,1.0,0.0,0.0,0.0,0.0,0.0,0.0,0.0,0.0
2023-03-18 03:00:00,DATAR1,2023-03-18 03:00:00,131121.0,52.0,1.0,22.0,1.0,0.013,1.0,0.002,1.0,0.7,1.0,0.003,1.0,0.031,1.0,0.034,1.0,0.0,0.0,0.0,0.0,0.0,0.0,0.0,0.0
2023-03-18 04:00:00,DATAR1,2023-03-18 04:00:00,131121.0,62.0,1.0,27.0,1.0,0.011,1.0,0.003,1.0,0.7,1.0,0.003,1.0,0.033,1.0,0.036,1.0,0.0,0.0,0.0,0.0,0.0,0.0,0.0,0.0
2023-03-18 05:00:00,DATAR1,2023-03-18 05:00:00,131121.0,67.0,1.0,30.0,1.0,0.016,1.0,0.003,1.0,0.8,1.0,0.003,1.0,0.027,1.0,0.03,1.0,0.0,0.0,0.0,0.0,0.0,0.0,0.0,0.0
2023-03-18 06:00:00,DATAR1,2023-03-18 06:00:00,131121.0,64.0,1.0,32.0,1.0,0.016,1.0,0.002,1.0,0.7,1.0,0.003,1.0,0.025,1.0,0.028,1.0,0.0,0.0,0.0,0.0,0.0,0.0,0.0,0.0
2023-03-18 07:00:00,DATAR1,2023-03-18 07:00:00,131121.0,62.0,1.0,32.0,1.0,0.012,1.0,0.003,1.0,0.6,1.0,0.004,1.0,0.031,1.0,0.035,1.0,0.0,0.0,0.0,0.0,0.0,0.0,0.0,0.0
2023-03-18 08:00:00,DATAR1,2023-03-18 08:00:00,131121.0,58.0,1.0,30.0,1.0,0.01,1.0,0.003,1.0,0.6,1.0,0.008,1.0,0.034,1.0,0.041,1.0,0.0,0.0,0.0,0.0,0.0,0.0,0.0,0.0
2023-03-18 09:00:00,DATAR1,2023-03-18 09:00:00,131121.0,47.0,1.0,30.0,1.0,0.01,1.0,0.003,1.0,0.6,1.0,0.021,1.0,0.034,1.0,0.056,1.0,0.0,0.0,0.0,0.0,0.0,0.0,0.0,0.0
2023-03-18 10:00:00,DATAR1,2023-03-18 10:00:00,131121.0,58.0,1.0,31.0,1.0,0.014,1.0,0.003,1.0,0.7,1.0,0.021,1.0,0.032,1.0,0.054,1.0,0.0,0.0,0.0,0.0,0.0,0.0,0.0,0.0
2023-03-18 11:00:00,DATAR1,2023-03-18 11:00:00,131121.0,63.0,1.0,28.0,1.0,0.018,1.0,0.003,1.0,0.6,1.0,0.016,1.0,0.029,1.0,0.046,1.0,0.0,0.0,0.0,0.0,0.0,0.0,0.0,0.0
2023-03-18 12:00:00,DATAR1,2023-03-18 12:00:00,131121.0,62.0,1.0,30.0,1.0,0.024,1.0,0.003,1.0,0.6,1.0,0.014,1.0,0.026,1.0,0.04,1.0,0.0,0.0,0.0,0.0,0.0,0.0,0.0,0.0
2023-03-18 13:00:00,DATAR1,2023-03-18 13:00:00,131121.0,49.0,1.0,27.0,1.0,0.03,1.0,0.003,1.0,0.5,1.0,0.01,1.0,0.022,1.0,0.032,1.0,0.0,0.0,0.0,0.0,0.0,0.0,0.0,0.0
2023-03-18 14:00:00,DATAR1,2023-03-18 14:00:00,131121.0,51.0,1.0,22.0,1.0,0.034,1.0,0.003,1.0,0.5,1.0,0.008,1.0,0.019,1.0,0.026,1.0,0.0,0.0,0.0,0.0,0.0,0.0,0.0,0.0
2023-03-18 15:00:00,DATAR1,2023-03-18 15:00:00,131121.0,40.0,1.0,20.0,1.0,0.046,1.0,0.002,1.0,0.4,1.0,0.004,1.0,0.011,1.0,0.015,1.0,0.0,0.0,0.0,0.0,0.0,0.0,0.0,0.0
2023-03-18 16:00:00,DATAR1,2023-03-18 16:00:00,131121.0,47.0,1.0,14.0,1.0,0.05,1.0,0.002,1.0,0.4,1.0,0.003,1.0,0.009,1.0,0.012,1.0,0.0,0.0,0.0,0.0,0.0,0.0,0.0,0.0
2023-03-18 17:00:00,DATAR1,2023-03-18 17:00:00,131121.0,66.0,1.0,13.0,1.0,0.053,1.0,0.002,1.0,0.4,1.0,0.003,1.0,0.01,1.0,0.013,1.0,0.0,0.0,0.0,0.0,0.0,0.0,0.0,0.0
2023-03-18 18:00:00,DATAR1,2023-03-18 18:00:00,131121.0,80.0,1.0,21.0,1.0,0.052,1.0,0.002,1.0,0.5,1.0,0.003,1.0,0.014,1.0,0.016,1.0,0.0,0.0,0.0,0.0,0.0,0.0,0.0,0.0
2023-03-18 19:00:00,DATAR1,2023-03-18 19:00:00,131121.0,77.0,1.0,24.0,1.0,0.046,1.0,0.002,1.0,0.5,1.0,0.002,1.0,0.017,1.0,0.02,1.0,0.0,0.0,0.0,0.0,0.0,0.0,0.0,0.0
2023-03-18 20:00:00,DATAR1,2023-03-18 20:00:00,131121.0,62.0,1.0,26.0,1.0,0.043,1.0,0.002,1.0,0.5,1.0,0.002,1.0,0.016,1.0,0.018,1.0,0.0,0.0,0.0,0.0,0.0,0.0,0.0,0.0
2023-03-18 21:00:00,DATAR1,2023-03-18 21:00:00,131121.0,63.0,1.0,33.0,1.0,0.039,1.0,0.002,1.0,0.6,1.0,0.002,1.0,0.019,1.0,0.021,1.0,0.0,0.0,0.0,0.0,0.0,0.0,0.0,0.0
2023-03-18 22:00:00,DATAR1,2023-03-18 22:00:00,131121.0,61.0,1.0,33.0,1.0,0.032,1.0,0.002,1.0,0.6,1.0,0.002,1.0,0.025,1.0,0.027,1.0,0.0,0.0,0.0,0.0,0.0,0.0,0.0,0.0
2023-03-18 23:00:00,DATAR1,2023-03-18 23:00:00,131121.0,70.0,1.0,38.0,1.0,0.029,1.0,0.002,1.0,0.7,1.0,0.003,1.0,0.027,1.0,0.029,1.0,0.0,0.0,0.0,0.0,0.0,0.0,0.0,0.0
2023-03-19 00:00:00,DATAR1,2023-03-19 00:00:00,131121.0,70.0,1.0,40.0,1.0,0.029,1.0,0.002,1.0,0.7,1.0,0.002,1.0,0.024,1.0,0.026,1.0,0.0,0.0,0.0,0.0,0.0,0.0,0.0,0.0
2023-03-19 01:00:00,DATAR1,2023-03-19 01:00:00,131121.0,74.0,1.0,43.0,1.0,0.028,1.0,0.002,1.0,0.7,1.0,0.002,1.0,0.022,1.0,0.024,1.0,0.0,0.0,0.0,0.0,0.0,0.0,0.0,0.0
2023-03-19 02:00:00,DATAR1,2023-03-19 02:00:00,131121.0,89.0,1.0,50.0,1.0,0.029,1.0,0.002,1.0,0.7,1.0,0.002,1.0,0.02,1.0,0.022,1.0,0.0,0.0,0.0,0.0,0.0,0.0,0.0,0.0
2023-03-19 03:00:00,DATAR1,2023-03-19 03:00:00,131121.0,83.0,1.0,54.0,1.0,0.025,1.0,0.002,1.0,0.8,1.0,0.002,1.0,0.022,1.0,0.024,1.0,0.0,0.0,0.0,0.0,0.0,0.0,0.0,0.0
2023-03-19 04:00:00,DATAR1,2023-03-19 04:00:00,131121.0,73.0,1.0,52.0,1.0,0.028,1.0,0.002,1.0,0.8,1.0,0.002,1.0,0.018,1.0,0.021,1.0,0.0,0.0,0.0,0.0,0.0,0.0,0.0,0.0
2023-03-19 05:00:00,DATAR1,2023-03-19 05:00:00,131121.0,74.0,1.0,53.0,1.0,0.024,1.0,0.002,1.0,0.7,1.0,0.002,1.0,0.022,1.0,0.024,1.0,0.0,0.0,0.0,0.0,0.0,0.0,0.0,0.0
2023-03-19 06:00:00,DATAR1,2023-03-19 06:00:00,131121.0,71.0,1.0,55.0,1.0,0.015,1.0,0.001,1.0,0.7,1.0,0.002,1.0,0.03,1.0,0.032,1.0,0.0,0.0,0.0,0.0,0.0,0.0,0.0,0.0
2023-03-19 07:00:00,DATAR1,2023-03-19 07:00:00,131121.0,75.0,1.0,56.0,1.0,0.017,1.0,0.001,1.0,0.7,1.0,0.003,1.0,0.029,1.0,0.032,1.0,0.0,0.0,0.0,0.0,0.0,0.0,0.0,0.0
2023-03-19 08:00:00,DATAR1,2023-03-19 08:00:00,131121.0,91.0,1.0,57.0,1.0,0.02,1.0,0.002,1.0,0.7,1.0,0.004,1.0,0.025,1.0,0.03,1.0,0.0,0.0,0.0,0.0,0.0,0.0,0.0,0.0
2023-03-19 09:00:00,DATAR1,2023-03-19 09:00:00,131121.0,74.0,1.0,58.0,1.0,0.025,1.0,0.002,1.0,0.7,1.0,0.004,1.0,0.021,1.0,0.025,1.0,0.0,0.0,0.0,0.0,0.0,0.0,0.0,0.0
2023-03-19 10:00:00,DATAR1,2023-03-19 10:00:00,131121.0,65.0,1.0,64.0,1.0,0.03,1.0,0.002,1.0,0.7,1.0,0.006,1.0,0.02,1.0,0.026,1.0,0.0,0.0,0.0,0.0,0.0,0.0,0.0,0.0
2023-03-19 11:00:00,DATAR1,2023-03-19 11:00:00,131121.0,,2.0,62.0,1.0,0.033,1.0,0.002,1.0,0.7,1.0,0.006,1.0,0.021,1.0,0.027,1.0,0.0,0.0,0.0,0.0,0.0,0.0,0.0,0.0
2023-03-19 12:00:00,DATAR1,2023-03-19 12:00:00,131121.0,,2.0,57.0,1.0,0.04,1.0,0.003,1.0,0.6,1.0,0.006,1.0,0.021,1.0,0.027,1.0,0.0,0.0,0.0,0.0,0.0,0.0,0.0,0.0
2023-03-19 13:00:00,DATAR1,2023-03-19 13:00:00,131121.0,62.0,1.0,57.0,1.0,0.043,1.0,0.003,1.0,0.6,1.0,0.006,1.0,0.023,1.0,0.029,1.0,0.0,0.0,0.0,0.0,0.0,0.0,0.0,0.0
2023-03-19 14:00:00,DATAR1,2023-03-19 14:00:00,131121.0,89.0,1.0,52.0,1.0,0.049,1.0,0.003,1.0,0.6,1.0,0.005,1.0,0.022,1.0,0.028,1.0,0.0,0.0,0.0,0.0,0.0,0.0,0.0,0.0
2023-03-19 15:00:00,DATAR1,2023-03-19 15:00:00,131121.0,81.0,1.0,47.0,1.0,0.06,1.0,0.003,1.0,0.6,1.0,0.003,1.0,0.017,1.0,0.02,1.0,0.0,0.0,0.0,0.0,0.0,0.0,0.0,0.0
2023-03-19 16:00:00,DATAR1,2023-03-19 16:00:00,131121.0,54.0,1.0,38.0,1.0,0.067,1.0,0.003,1.0,0.5,1.0,0.002,1.0,0.014,1.0,0.016,1.0,0.0,0.0,0.0,0.0,0.0,0.0,0.0,0.0
2023-03-19 17:00:00,DATAR1,2023-03-19 17:00:00,131121.0,47.0,1.0,29.0,1.0,0.071,1.0,0.004,1.0,0.5,1.0,0.002,1.0,0.015,1.0,0.018,1.0,0.0,0.0,0.0,0.0,0.0,0.0,0.0,0.0
2023-03-19 18:00:00,DATAR1,2023-03-19 18:00:00,131121.0,57.0,1.0,29.0,1.0,0.063,1.0,0.003,1.0,0.5,1.0,0.003,1.0,0.015,1.0,0.018,1.0,0.0,0.0,0.0,0.0,0.0,0.0,0.0,0.0
2023-03-19 19:00:00,DATAR1,2023-03-19 19:00:00,131121.0,58.0,1.0,31.0,1.0,0.06,1.0,0.002,1.0,0.6,1.0,0.002,1.0,0.017,1.0,0.019,1.0,0.0,0.0,0.0,0.0,0.0,0.0,0.0,0.0
2023-03-19 20:00:00,DATAR1,2023-03-19 20:00:00,131121.0,53.0,1.0,33.0,1.0,0.055,1.0,0.002,1.0,0.6,1.0,0.002,1.0,0.019,1.0,0.022,1.0,0.0,0.0,0.0,0.0,0.0,0.0,0.0,0.0
2023-03-19 21:00:00,DATAR1,2023-03-19 21:00:00,131121.0,60.0,1.0,39.0,1.0,0.042,1.0,0.002,1.0,0.6,1.0,0.002,1.0,0.032,1.0,0.034,1.0,0.0,0.0,0.0,0.0,0.0,0.0,0.0,0.0
2023-03-19 22:00:00,DATAR1,2023-03-19 22:00:00,131121.0,89.0,1.0,53.0,1.0,0.031,1.0,0.002,1.0,0.7,1.0,0.002,1.0,0.039,1.0,0.042,1.0,0.0,0.0,0.0,0.0,0.0,0.0,0.0,0.0
2023-03-19 23:00:00,DATAR1,2023-03-19 23:00:00,131121.0,89.0,1.0,61.0,1.0,0.033,1.0,0.002,1.0,0.8,1.0,0.003,1.0,0.036,1.0,0.039,1.0,0.0,0.0,0.0,0.0,0.0,0.0,0.0,0.0
2023-03-20 00:00:00,DATAR1,2023-03-20 00:00:00,131121.0,85.0,1.0,64.0,1.0,0.035,1.0,0.002,1.0,0.8,1.0,0.002,1.0,0.036,1.0,0.038,1.0,0.0,0.0,0.0,0.0,0.0,0.0,0.0,0.0
2023-03-20 01:00:00,DATAR1,2023-03-20 01:00:00,131121.0,83.0,1.0,61.0,1.0,0.037,1.0,0.002,1.0,0.7,1.0,0.002,1.0,0.037,1.0,0.039,1.0,0.0,0.0,0.0,0.0,0.0,0.0,0.0,0.0
2023-03-20 02:00:00,DATAR1,2023-03-20 02:00:00,131121.0,96.0,1.0,62.0,1.0,0.014,1.0,0.002,1.0,0.9,1.0,0.003,1.0,0.052,1.0,0.055,1.0,0.0,0.0,0.0,0.0,0.0,0.0,0.0,0.0
2023-03-20 03:00:00,DATAR1,2023-03-20 03:00:00,131121.0,92.0,1.0,70.0,1.0,0.018,1.0,0.002,1.0,0.8,1.0,0.003,1.0,0.044,1.0,0.046,1.0,0.0,0.0,0.0,0.0,0.0,0.0,0.0,0.0
2023-03-20 04:00:00,DATAR1,2023-03-20 04:00:00,131121.0,87.0,1.0,66.0,1.0,0.02,1.0,0.002,1.0,0.8,1.0,0.003,1.0,0.041,1.0,0.044,1.0,0.0,0.0,0.0,0.0,0.0,0.0,0.0,0.0
2023-03-20 05:00:00,DATAR1,2023-03-20 05:00:00,131121.0,88.0,1.0,68.0,1.0,0.023,1.0,0.002,1.0,0.8,1.0,0.002,1.0,0.037,1.0,0.04,1.0,0.0,0.0,0.0,0.0,0.0,0.0,0.0,0.0
2023-03-20 06:00:00,DATAR1,2023-03-20 06:00:00,131121.0,77.0,1.0,70.0,1.0,0.014,1.0,0.002,1.0,0.8,1.0,0.004,1.0,0.049,1.0,0.054,1.0,0.0,0.0,0.0,0.0,0.0,0.0,0.0,0.0
2023-03-20 07:00:00,DATAR1,2023-03-20 07:00:00,131121.0,90.0,1.0,67.0,1.0,0.013,1.0,0.002,1.0,0.8,1.0,0.007,1.0,0.053,1.0,0.06,1.0,0.0,0.0,0.0,0.0,0.0,0.0,0.0,0.0
2023-03-20 08:00:00,DATAR1,2023-03-20 08:00:00,131121.0,81.0,1.0,71.0,1.0,0.006,1.0,0.002,1.0,0.9,1.0,0.031,1.0,0.062,1.0,0.093,1.0,0.0,0.0,0.0,0.0,0.0,0.0,0.0,0.0
2023-03-20 09:00:00,DATAR1,2023-03-20 09:00:00,131121.0,92.0,1.0,77.0,1.0,0.01,1.0,0.002,1.0,0.9,1.0,0.037,1.0,0.057,1.0,0.094,1.0,0.0,0.0,0.0,0.0,0.0,0.0,0.0,0.0
2023-03-20 10:00:00,DATAR1,2023-03-20 10:00:00,131121.0,84.0,1.0,79.0,1.0,0.013,1.0,0.003,1.0,1.0,1.0,0.048,1.0,0.062,1.0,0.11,1.0,0.0,0.0,0.0,0.0,0.0,0.0,0.0,0.0
2023-03-20 11:00:00,DATAR1,2023-03-20 11:00:00,131121.0,82.0,1.0,79.0,1.0,0.018,1.0,0.004,1.0,0.7,1.0,0.033,1.0,0.057,1.0,0.09,1.0,0.0,0.0,0.0,0.0,0.0,0.0,0.0,0.0
2023-03-20 12:00:00,DATAR1,2023-03-20 12:00:00,131121.0,77.0,1.0,67.0,1.0,0.037,1.0,0.003,1.0,0.6,1.0,0.011,1.0,0.037,1.0,0.049,1.0,0.0,0.0,0.0,0.0,0.0,0.0,0.0,0.0
2023-03-20 13:00:00,DATAR1,2023-03-20 13:00:00,131121.0,59.0,1.0,52.0,1.0,0.05,1.0,0.002,1.0,0.5,1.0,0.006,1.0,0.026,1.0,0.031,1.0,0.0,0.0,0.0,0.0,0.0,0.0,0.0,0.0
2023-03-20 14:00:00,DATAR1,2023-03-20 14:00:00,131121.0,46.0,1.0,38.0,1.0,0.044,1.0,0.002,1.0,0.5,1.0,0.01,1.0,0.033,1.0,0.043,1.0,0.0,0.0,0.0,0.0,0.0,0.0,0.0,0.0
2023-03-20 15:00:00,DATAR1,2023-03-20 15:00:00,131121.0,60.0,1.0,34.0,1.0,0.04,1.0,0.002,1.0,0.6,1.0,0.009,1.0,0.04,1.0,0.05,1.0,0.0,0.0,0.0,0.0,0.0,0.0,0.0,0.0
2023-03-20 16:00:00,DATAR1,2023-03-20 16:00:00,131121.0,56.0,1.0,36.0,1.0,0.044,1.0,0.002,1.0,0.6,1.0,0.008,1.0,0.038,1.0,0.045,1.0,0.0,0.0,0.0,0.0,0.0,0.0,0.0,0.0
2023-03-20 17:00:00,DATAR1,2023-03-20 17:00:00,131121.0,60.0,1.0,36.0,1.0,0.046,1.0,0.003,1.0,0.6,1.0,0.006,1.0,0.039,1.0,0.045,1.0,0.0,0.0,0.0,0.0,0.0,0.0,0.0,0.0
2023-03-20 18:00:00,DATAR1,2023-03-20 18:00:00,131121.0,53.0,1.0,41.0,1.0,0.051,1.0,0.002,1.0,0.5,1.0,0.005,1.0,0.028,1.0,0.032,1.0,0.0,0.0,0.0,0.0,0.0,0.0,0.0,0.0
2023-03-20 19:00:00,DATAR1,2023-03-20 19:00:00,131121.0,30.0,1.0,33.0,1.0,0.047,1.0,0.002,1.0,0.4,1.0,0.003,1.0,0.027,1.0,0.03,1.0,0.0,0.0,0.0,0.0,0.0,0.0,0.0,0.0
2023-03-20 20:00:00,DATAR1,2023-03-20 20:00:00,131121.0,39.0,1.0,28.0,1.0,0.035,1.0,0.003,1.0,0.6,1.0,0.002,1.0,0.04,1.0,0.042,1.0,0.0,0.0,0.0,0.0,0.0,0.0,0.0,0.0
2023-03-20 21:00:00,DATAR1,2023-03-20 21:00:00,131121.0,45.0,1.0,30.0,1.0,0.028,1.0,0.003,1.0,0.7,1.0,0.002,1.0,0.044,1.0,0.046,1.0,0.0,0.0,0.0,0.0,0.0,0.0,0.0,0.0
2023-03-20 22:00:00,DATAR1,2023-03-20 22:00:00,131121.0,58.0,1.0,29.0,1.0,0.027,1.0,0.002,1.0,0.7,1.0,0.003,1.0,0.043,1.0,0.046,1.0,0.0,0.0,0.0,0.0,0.0,0.0,0.0,0.0
2023-03-20 23:00:00,DATAR1,2023-03-20 23:00:00,131121.0,49.0,1.0,30.0,1.0,0.018,1.0,0.002,1.0,0.8,1.0,0.003,1.0,0.05,1.0,0.052,1.0,0.0,0.0,0.0,0.0,0.0,0.0,0.0,0.0
2023-03-21 00:00:00,DATAR1,2023-03-21 00:00:00,131121.0,48.0,1.0,30.0,1.0,0.02,1.0,0.002,1.0,0.7,1.0,0.003,1.0,0.044,1.0,0.047,1.0,0.0,0.0,0.0,0.0,0.0,0.0,0.0,0.0
2023-03-21 01:00:00,DATAR1,2023-03-21 01:00:00,131121.0,49.0,1.0,39.0,1.0,0.007,1.0,0.002,1.0,0.7,1.0,0.004,1.0,0.062,1.0,0.066,1.0,0.0,0.0,0.0,0.0,0.0,0.0,0.0,0.0
2023-03-21 02:00:00,DATAR1,2023-03-21 02:00:00,131121.0,58.0,1.0,43.0,1.0,0.012,1.0,0.003,1.0,0.7,1.0,0.004,1.0,0.055,1.0,0.058,1.0,0.0,0.0,0.0,0.0,0.0,0.0,0.0,0.0
2023-03-21 03:00:00,DATAR1,2023-03-21 03:00:00,131121.0,63.0,1.0,42.0,1.0,0.004,1.0,0.003,1.0,0.8,1.0,0.004,1.0,0.063,1.0,0.067,1.0,0.0,0.0,0.0,0.0,0.0,0.0,0.0,0.0
2023-03-21 04:00:00,DATAR1,2023-03-21 04:00:00,131121.0,56.0,1.0,41.0,1.0,0.004,1.0,0.003,1.0,0.8,1.0,0.015,1.0,0.06,1.0,0.075,1.0,0.0,0.0,0.0,0.0,0.0,0.0,0.0,0.0
2023-03-21 05:00:00,DATAR1,2023-03-21 05:00:00,131121.0,48.0,1.0,38.0,1.0,0.003,1.0,0.002,1.0,0.7,1.0,0.007,1.0,0.06,1.0,0.067,1.0,0.0,0.0,0.0,0.0,0.0,0.0,0.0,0.0
2023-03-21 06:00:00,DATAR1,2023-03-21 06:00:00,131121.0,50.0,1.0,35.0,1.0,0.002,1.0,0.003,1.0,0.8,1.0,0.022,1.0,0.059,1.0,0.081,1.0,0.0,0.0,0.0,0.0,0.0,0.0,0.0,0.0
2023-03-21 07:00:00,DATAR1,2023-03-21 07:00:00,131121.0,49.0,1.0,33.0,1.0,0.002,1.0,0.003,1.0,0.8,1.0,0.065,1.0,0.063,1.0,0.128,1.0,0.0,0.0,0.0,0.0,0.0,0.0,0.0,0.0
2023-03-21 08:00:00,DATAR1,2023-03-21 08:00:00,131121.0,52.0,1.0,38.0,1.0,0.004,1.0,0.003,1.0,0.8,1.0,0.052,1.0,0.06,1.0,0.112,1.0,0.0,0.0,0.0,0.0,0.0,0.0,0.0,0.0
2023-03-21 09:00:00,DATAR1,2023-03-21 09:00:00,131121.0,46.0,1.0,37.0,1.0,0.01,1.0,0.003,1.0,0.8,1.0,0.037,1.0,0.055,1.0,0.091,1.0,0.0,0.0,0.0,0.0,0.0,0.0,0.0,0.0
2023-03-21 10:00:00,DATAR1,2023-03-21 10:00:00,131121.0,56.0,1.0,39.0,1.0,0.011,1.0,0.003,1.0,0.8,1.0,0.055,1.0,0.061,1.0,0.116,1.0,0.0,0.0,0.0,0.0,0.0,0.0,0.0,0.0
2023-03-21 11:00:00,DATAR1,2023-03-21 11:00:00,131121.0,75.0,1.0,44.0,1.0,0.017,1.0,0.003,1.0,0.7,1.0,0.042,1.0,0.059,1.0,0.101,1.0,0.0,0.0,0.0,0.0,0.0,0.0,0.0,0.0
2023-03-21 12:00:00,DATAR1,2023-03-21 12:00:00,131121.0,63.0,1.0,42.0,1.0,0.05,1.0,0.003,1.0,0.5,1.0,0.008,1.0,0.027,1.0,0.035,1.0,0.0,0.0,0.0,0.0,0.0,0.0,0.0,0.0
2023-03-21 13:00:00,DATAR1,2023-03-21 13:00:00,131121.0,37.0,1.0,32.0,1.0,0.053,1.0,0.003,1.0,0.5,1.0,0.007,1.0,0.03,1.0,0.037,1.0,0.0,0.0,0.0,0.0,0.0,0.0,0.0,0.0
2023-03-21 14:00:00,DATAR1,2023-03-21 14:00:00,131121.0,51.0,1.0,32.0,1.0,0.055,1.0,0.003,1.0,0.5,1.0,0.008,1.0,0.031,1.0,0.039,1.0,0.0,0.0,0.0,0.0,0.0,0.0,0.0,0.0
2023-03-21 15:00:00,DATAR1,2023-03-21 15:00:00,131121.0,,3.0,35.0,1.0,0.062,1.0,0.002,1.0,0.4,1.0,0.005,1.0,0.025,1.0,0.029,1.0,0.0,0.0,0.0,0.0,0.0,0.0,0.0,0.0
2023-03-21 16:00:00,DATAR1,2023-03-21 16:00:00,131121.0,,3.0,33.0,1.0,0.063,1.0,0.002,1.0,0.5,1.0,0.004,1.0,0.025,1.0,0.03,1.0,0.0,0.0,0.0,0.0,0.0,0.0,0.0,0.0
2023-03-21 17:00:00,DATAR1,2023-03-21 17:00:00,131121.0,64.0,1.0,27.0,1.0,0.063,1.0,0.002,1.0,0.5,1.0,0.004,1.0,0.028,1.0,0.032,1.0,0.0,0.0,0.0,0.0,0.0,0.0,0.0,0.0
2023-03-21 18:00:00,DATAR1,2023-03-21 18:00:00,131121.0,72.0,1.0,26.0,1.0,0.054,1.0,0.002,1.0,0.5,1.0,0.004,1.0,0.038,1.0,0.042,1.0,0.0,0.0,0.0,0.0,0.0,0.0,0.0,0.0
2023-03-21 19:00:00,DATAR1,2023-03-21 19:00:00,131121.0,68.0,1.0,29.0,1.0,0.039,1.0,0.002,1.0,0.6,1.0,0.003,1.0,0.054,1.0,0.057,1.0,0.0,0.0,0.0,0.0,0.0,0.0,0.0,0.0
2023-03-21 20:00:00,DATAR1,2023-03-21 20:00:00,131121.0,87.0,1.0,38.0,1.0,0.031,1.0,0.003,1.0,0.7,1.0,0.003,1.0,0.063,1.0,0.066,1.0,0.0,0.0,0.0,0.0,0.0,0.0,0.0,0.0
2023-03-21 21:00:00,DATAR1,2023-03-21 21:00:00,131121.0,88.0,1.0,48.0,1.0,0.029,1.0,0.003,1.0,0.8,1.0,0.003,1.0,0.056,1.0,0.059,1.0,0.0,0.0,0.0,0.0,0.0,0.0,0.0,0.0
2023-03-21 22:00:00,DATAR1,2023-03-21 22:00:00,131121.0,74.0,1.0,51.0,1.0,0.029,1.0,0.002,1.0,0.8,1.0,0.003,1.0,0.053,1.0,0.056,1.0,0.0,0.0,0.0,0.0,0.0,0.0,0.0,0.0
2023-03-21 23:00:00,DATAR1,2023-03-21 23:00:00,131121.0,80.0,1.0,52.0,1.0,0.023,1.0,0.002,1.0,0.8,1.0,0.003,1.0,0.052,1.0,0.054,1.0,0.0,0.0,0.0,0.0,0.0,0.0,0.0,0.0
2023-03-22 00:00:00,DATAR1,2023-03-22 00:00:00,131121.0,77.0,1.0,49.0,1.0,0.025,1.0,0.002,1.0,0.8,1.0,0.003,1.0,0.044,1.0,0.047,1.0,0.0,0.0,0.0,0.0,0.0,0.0,0.0,0.0
2023-03-22 01:00:00,DATAR1,2023-03-22 01:00:00,131121.0,76.0,1.0,43.0,1.0,0.027,1.0,0.002,1.0,0.8,1.0,0.003,1.0,0.039,1.0,0.042,1.0,0.0,0.0,0.0,0.0,0.0,0.0,0.0,0.0
2023-03-22 02:00:00,DATAR1,2023-03-22 02:00:00,131121.0,80.0,1.0,47.0,1.0,0.018,1.0,0.002,1.0,0.8,1.0,0.003,1.0,0.048,1.0,0.051,1.0,0.0,0.0,0.0,0.0,0.0,0.0,0.0,0.0
2023-03-22 03:00:00,DATAR1,2023-03-22 03:00:00,131121.0,74.0,1.0,49.0,1.0,0.008,1.0,0.002,1.0,1.0,1.0,0.006,1.0,0.059,1.0,0.065,1.0,0.0,0.0,0.0,0.0,0.0,0.0,0.0,0.0
2023-03-22 04:00:00,DATAR1,2023-03-22 04:00:00,131121.0,67.0,1.0,51.0,1.0,0.007,1.0,0.002,1.0,0.9,1.0,0.004,1.0,0.06,1.0,0.064,1.0,0.0,0.0,0.0,0.0,0.0,0.0,0.0,0.0
2023-03-22 05:00:00,DATAR1,2023-03-22 05:00:00,131121.0,66.0,1.0,50.0,1.0,0.002,1.0,0.002,1.0,0.9,1.0,0.011,1.0,0.067,1.0,0.078,1.0,0.0,0.0,0.0,0.0,0.0,0.0,0.0,0.0
2023-03-22 06:00:00,DATAR1,2023-03-22 06:00:00,131121.0,66.0,1.0,52.0,1.0,0.002,1.0,0.003,1.0,1.0,1.0,0.024,1.0,0.065,1.0,0.089,1.0,0.0,0.0,0.0,0.0,0.0,0.0,0.0,0.0
2023-03-22 07:00:00,DATAR1,2023-03-22 07:00:00,131121.0,58.0,1.0,54.0,1.0,0.002,1.0,0.003,1.0,0.9,1.0,0.041,1.0,0.064,1.0,0.104,1.0,0.0,0.0,0.0,0.0,0.0,0.0,0.0,0.0
2023-03-22 08:00:00,DATAR1,2023-03-22 08:00:00,131121.0,67.0,1.0,48.0,1.0,0.002,1.0,0.004,1.0,1.1,1.0,0.11,1.0,0.07,1.0,0.181,1.0,0.0,0.0,0.0,0.0,0.0,0.0,0.0,0.0
2023-03-22 09:00:00,DATAR1,2023-03-22 09:00:00,131121.0,91.0,1.0,51.0,1.0,0.004,1.0,0.004,1.0,1.0,1.0,0.099,1.0,0.074,1.0,0.173,1.0,0.0,0.0,0.0,0.0,0.0,0.0,0.0,0.0
2023-03-22 10:00:00,DATAR1,2023-03-22 10:00:00,131121.0,108.0,1.0,55.0,1.0,0.006,1.0,0.004,1.0,1.0,1.0,0.089,1.0,0.076,1.0,0.165,1.0,0.0,0.0,0.0,0.0,0.0,0.0,0.0,0.0
2023-03-22 11:00:00,DATAR1,2023-03-22 11:00:00,131121.0,83.0,1.0,58.0,1.0,0.021,1.0,0.004,1.0,0.7,1.0,0.037,1.0,0.057,1.0,0.094,1.0,0.0,0.0,0.0,0.0,0.0,0.0,0.0,0.0
2023-03-22 12:00:00,DATAR1,2023-03-22 12:00:00,131121.0,62.0,1.0,53.0,1.0,0.029,1.0,0.004,1.0,0.7,1.0,0.022,1.0,0.056,1.0,0.078,1.0,0.0,0.0,0.0,0.0,0.0,0.0,0.0,0.0
2023-03-22 13:00:00,DATAR1,2023-03-22 13:00:00,131121.0,62.0,1.0,47.0,1.0,0.055,1.0,0.003,1.0,0.5,1.0,0.007,1.0,0.03,1.0,0.036,1.0,0.0,0.0,0.0,0.0,0.0,0.0,0.0,0.0
2023-03-22 14:00:00,DATAR1,2023-03-22 14:00:00,131121.0,41.0,1.0,33.0,1.0,0.066,1.0,0.002,1.0,0.5,1.0,0.004,1.0,0.022,1.0,0.026,1.0,0.0,0.0,0.0,0.0,0.0,0.0,0.0,0.0
2023-03-22 15:00:00,DATAR1,2023-03-22 15:00:00,131121.0,,3.0,,3.0,,3.0,,3.0,,3.0,,3.0,,3.0,,3.0,0.0,0.0,0.0,0.0,0.0,0.0,0.0,0.0
2023-03-22 16:00:00,DATAR1,2023-03-22 16:00:00,131121.0,,3.0,,3.0,,3.0,,3.0,,3.0,,3.0,,3.0,,3.0,0.0,0.0,0.0,0.0,0.0,0.0,0.0,0.0
2023-03-22 17:00:00,DATAR1,2023-03-22 17:00:00,131121.0,,3.0,,3.0,,3.0,,3.0,,3.0,,3.0,,3.0,,3.0,0.0,0.0,0.0,0.0,0.0,0.0,0.0,0.0
2023-03-22 18:00:00,DATAR1,2023-03-22 18:00:00,131121.0,66.0,1.0,20.0,1.0,0.044,1.0,0.002,1.0,0.6,1.0,0.002,1.0,0.035,1.0,0.037,1.0,0.0,0.0,0.0,0.0,0.0,0.0,0.0,0.0
2023-03-22 19:00:00,DATAR1,2023-03-22 19:00:00,131121.0,67.0,1.0,26.0,1.0,0.044,1.0,0.002,1.0,0.6,1.0,0.002,1.0,0.041,1.0,0.043,1.0,0.0,0.0,0.0,0.0,0.0,0.0,0.0,0.0
2023-03-22 20:00:00,DATAR1,2023-03-22 20:00:00,131121.0,60.0,1.0,34.0,1.0,0.044,1.0,0.002,1.0,0.5,1.0,0.002,1.0,0.029,1.0,0.03,1.0,0.0,0.0,0.0,0.0,0.0,0.0,0.0,0.0
2023-03-22 21:00:00,DATAR1,2023-03-22 21:00:00,131121.0,55.0,1.0,27.0,1.0,0.03,1.0,0.002,1.0,0.6,1.0,0.002,1.0,0.035,1.0,0.037,1.0,0.0,0.0,0.0,0.0,0.0,0.0,0.0,0.0
2023-03-22 22:00:00,DATAR1,2023-03-22 22:00:00,131121.0,37.0,1.0,19.0,1.0,0.021,1.0,0.003,1.0,0.6,1.0,0.002,1.0,0.039,1.0,0.041,1.0,0.0,0.0,0.0,0.0,0.0,0.0,0.0,0.0
2023-03-22 23:00:00,DATAR1,2023-03-22 23:00:00,131121.0,42.0,1.0,21.0,1.0,0.015,1.0,0.003,1.0,0.7,1.0,0.002,1.0,0.043,1.0,0.045,1.0,0.0,0.0,0.0,0.0,0.0,0.0,0.0,0.0
2023-03-23 00:00:00,DATAR1,2023-03-23 00:00:00,131121.0,43.0,1.0,19.0,1.0,0.021,1.0,0.003,1.0,0.6,1.0,0.002,1.0,0.032,1.0,0.034,1.0,0.0,0.0,0.0,0.0,0.0,0.0,0.0,0.0
2023-03-23 01:00:00,DATAR1,2023-03-23 01:00:00,131121.0,46.0,1.0,17.0,1.0,0.037,1.0,0.002,1.0,0.5,1.0,0.002,1.0,0.011,1.0,0.013,1.0,0.0,0.0,0.0,0.0,0.0,0.0,0.0,0.0
2023-03-23 02:00:00,DATAR1,2023-03-23 02:00:00,131121.0,47.0,1.0,17.0,1.0,0.037,1.0,0.002,1.0,0.4,1.0,0.001,1.0,0.01,1.0,0.012,1.0,0.0,0.0,0.0,0.0,0.0,0.0,0.0,0.0
2023-03-23 03:00:00,DATAR1,2023-03-23 03:00:00,131121.0,46.0,1.0,22.0,1.0,0.037,1.0,0.002,1.0,0.5,1.0,0.001,1.0,0.009,1.0,0.01,1.0,0.0,0.0,0.0,0.0,0.0,0.0,0.0,0.0
2023-03-23 04:00:00,DATAR1,2023-03-23 04:00:00,131121.0,44.0,1.0,23.0,1.0,0.039,1.0,0.002,1.0,0.5,1.0,0.001,1.0,0.007,1.0,0.008,1.0,0.0,0.0,0.0,0.0,0.0,0.0,0.0,0.0
2023-03-23 05:00:00,DATAR1,2023-03-23 05:00:00,131121.0,44.0,1.0,19.0,1.0,0.037,1.0,0.002,1.0,0.5,1.0,0.001,1.0,0.007,1.0,0.008,1.0,0.0,0.0,0.0,0.0,0.0,0.0,0.0,0.0
2023-03-23 06:00:00,DATAR1,2023-03-23 06:00:00,131121.0,40.0,1.0,20.0,1.0,0.035,1.0,0.002,1.0,0.5,1.0,0.001,1.0,0.009,1.0,0.011,1.0,0.0,0.0,0.0,0.0,0.0,0.0,0.0,0.0
2023-03-23 07:00:00,DATAR1,2023-03-23 07:00:00,131121.0,40.0,1.0,19.0,1.0,0.032,1.0,0.001,1.0,0.6,1.0,0.001,1.0,0.012,1.0,0.014,1.0,0.0,0.0,0.0,0.0,0.0,0.0,0.0,0.0
2023-03-23 08:00:00,DATAR1,2023-03-23 08:00:00,131121.0,39.0,1.0,20.0,1.0,0.013,1.0,0.002,1.0,0.7,1.0,0.014,1.0,0.038,1.0,0.052,1.0,0.0,0.0,0.0,0.0,0.0,0.0,0.0,0.0
2023-03-23 09:00:00,DATAR1,2023-03-23 09:00:00,131121.0,45.0,1.0,22.0,1.0,0.01,1.0,0.002,1.0,0.7,1.0,0.015,1.0,0.039,1.0,0.054,1.0,0.0,0.0,0.0,0.0,0.0,0.0,0.0,0.0
2023-03-23 10:00:00,DATAR1,2023-03-23 10:00:00,131121.0,34.0,1.0,23.0,1.0,0.019,1.0,0.002,1.0,0.6,1.0,0.005,1.0,0.027,1.0,0.032,1.0,0.0,0.0,0.0,0.0,0.0,0.0,0.0,0.0
2023-03-23 11:00:00,DATAR1,2023-03-23 11:00:00,131121.0,44.0,1.0,20.0,1.0,0.021,1.0,0.002,1.0,0.6,1.0,0.007,1.0,0.026,1.0,0.033,1.0,0.0,0.0,0.0,0.0,0.0,0.0,0.0,0.0
2023-03-23 12:00:00,DATAR1,2023-03-23 12:00:00,131121.0,41.0,1.0,20.0,1.0,0.02,1.0,0.002,1.0,0.6,1.0,0.013,1.0,0.032,1.0,0.045,1.0,0.0,0.0,0.0,0.0,0.0,0.0,0.0,0.0
2023-03-23 13:00:00,DATAR1,2023-03-23 13:00:00,131121.0,42.0,1.0,23.0,1.0,0.032,1.0,0.002,1.0,0.6,1.0,0.009,1.0,0.024,1.0,0.033,1.0,0.0,0.0,0.0,0.0,0.0,0.0,0.0,0.0
2023-03-23 14:00:00,DATAR1,2023-03-23 14:00:00,131121.0,50.0,1.0,23.0,1.0,0.04,1.0,0.002,1.0,0.6,1.0,0.005,1.0,0.022,1.0,0.028,1.0,0.0,0.0,0.0,0.0,0.0,0.0,0.0,0.0
2023-03-23 15:00:00,DATAR1,2023-03-23 15:00:00,131121.0,55.0,1.0,19.0,1.0,0.051,1.0,0.002,1.0,0.6,1.0,0.004,1.0,0.018,1.0,0.021,1.0,0.0,0.0,0.0,0.0,0.0,0.0,0.0,0.0
2023-03-23 16:00:00,DATAR1,2023-03-23 16:00:00,131121.0,59.0,1.0,24.0,1.0,0.057,1.0,0.002,1.0,0.6,1.0,0.002,1.0,0.013,1.0,0.015,1.0,0.0,0.0,0.0,0.0,0.0,0.0,0.0,0.0
2023-03-23 17:00:00,DATAR1,2023-03-23 17:00:00,131121.0,50.0,1.0,20.0,1.0,0.053,1.0,0.002,1.0,0.5,1.0,0.002,1.0,0.011,1.0,0.014,1.0,0.0,0.0,0.0,0.0,0.0,0.0,0.0,0.0
2023-03-23 18:00:00,DATAR1,2023-03-23 18:00:00,131121.0,119.0,1.0,19.0,1.0,0.056,1.0,0.003,1.0,0.6,1.0,0.002,1.0,0.01,1.0,0.012,1.0,0.0,0.0,0.0,0.0,0.0,0.0,0.0,0.0
2023-03-23 19:00:00,DATAR1,2023-03-23 19:00:00,131121.0,219.0,1.0,27.0,1.0,0.048,1.0,0.002,1.0,0.5,1.0,0.001,1.0,0.014,1.0,0.015,1.0,0.0,0.0,0.0,0.0,0.0,0.0,0.0,0.0
2023-03-23 20:00:00,DATAR1,2023-03-23 20:00:00,131121.0,292.0,1.0,33.0,1.0,0.037,1.0,0.002,1.0,0.5,1.0,0.001,1.0,0.016,1.0,0.018,1.0,0.0,0.0,0.0,0.0,0.0,0.0,0.0,0.0
2023-03-23 21:00:00,DATAR1,2023-03-23 21:00:00,131121.0,352.0,1.0,38.0,1.0,0.031,1.0,0.002,1.0,0.4,1.0,0.001,1.0,0.015,1.0,0.017,1.0,0.0,0.0,0.0,0.0,0.0,0.0,0.0,0.0
2023-03-23 22:00:00,DATAR1,2023-03-23 22:00:00,131121.0,332.0,1.0,36.0,1.0,0.025,1.0,0.002,1.0,0.4,1.0,0.001,1.0,0.017,1.0,0.019,1.0,0.0,0.0,0.0,0.0,0.0,0.0,0.0,0.0
2023-03-23 23:00:00,DATAR1,2023-03-23 23:00:00,131121.0,288.0,1.0,38.0,1.0,0.024,1.0,0.002,1.0,0.4,1.0,0.001,1.0,0.015,1.0,0.016,1.0,0.0,0.0,0.0,0.0,0.0,0.0,0.0,0.0
2023-03-24 00:00:00,DATAR1,2023-03-24 00:00:00,131121.0,250.0,1.0,33.0,1.0,0.022,1.0,0.002,1.0,0.4,1.0,0.001,1.0,0.016,1.0,0.017,1.0,0.0,0.0,0.0,0.0,0.0,0.0,0.0,0.0
2023-03-24 01:00:00,DATAR1,2023-03-24 01:00:00,131121.0,234.0,1.0,28.0,1.0,0.02,1.0,0.002,1.0,0.4,1.0,0.001,1.0,0.016,1.0,0.018,1.0,0.0,0.0,0.0,0.0,0.0,0.0,0.0,0.0
2023-03-24 02:00:00,DATAR1,2023-03-24 02:00:00,131121.0,206.0,1.0,24.0,1.0,0.021,1.0,0.002,1.0,0.4,1.0,0.001,1.0,0.015,1.0,0.016,1.0,0.0,0.0,0.0,0.0,0.0,0.0,0.0,0.0
2023-03-24 03:00:00,DATAR1,2023-03-24 03:00:00,131121.0,177.0,1.0,22.0,1.0,0.023,1.0,0.002,1.0,0.4,1.0,0.001,1.0,0.012,1.0,0.014,1.0,0.0,0.0,0.0,0.0,0.0,0.0,0.0,0.0
2023-03-24 04:00:00,DATAR1,2023-03-24 04:00:00,131121.0,172.0,1.0,19.0,1.0,0.024,1.0,0.002,1.0,0.4,1.0,0.001,1.0,0.01,1.0,0.012,1.0,0.0,0.0,0.0,0.0,0.0,0.0,0.0,0.0
2023-03-24 05:00:00,DATAR1,2023-03-24 05:00:00,131121.0,151.0,1.0,20.0,1.0,0.02,1.0,0.002,1.0,0.5,1.0,0.002,1.0,0.014,1.0,0.016,1.0,0.0,0.0,0.0,0.0,0.0,0.0,0.0,0.0
2023-03-24 06:00:00,DATAR1,2023-03-24 06:00:00,131121.0,145.0,1.0,20.0,1.0,0.013,1.0,0.002,1.0,0.5,1.0,0.002,1.0,0.022,1.0,0.024,1.0,0.0,0.0,0.0,0.0,0.0,0.0,0.0,0.0
2023-03-24 07:00:00,DATAR1,2023-03-24 07:00:00,131121.0,149.0,1.0,19.0,1.0,0.023,1.0,0.002,1.0,0.4,1.0,0.002,1.0,0.012,1.0,0.014,1.0,0.0,0.0,0.0,0.0,0.0,0.0,0.0,0.0
2023-03-24 08:00:00,DATAR1,2023-03-24 08:00:00,131121.0,146.0,1.0,17.0,1.0,0.016,1.0,0.002,1.0,0.4,1.0,0.008,1.0,0.023,1.0,0.031,1.0,0.0,0.0,0.0,0.0,0.0,0.0,0.0,0.0
2023-03-24 09:00:00,DATAR1,2023-03-24 09:00:00,131121.0,142.0,1.0,20.0,1.0,0.008,1.0,0.002,1.0,0.5,1.0,0.02,1.0,0.032,1.0,0.053,1.0,0.0,0.0,0.0,0.0,0.0,0.0,0.0,0.0
2023-03-24 10:00:00,DATAR1,2023-03-24 10:00:00,131121.0,142.0,1.0,18.0,1.0,0.013,1.0,0.003,1.0,0.5,1.0,0.021,1.0,0.028,1.0,0.049,1.0,0.0,0.0,0.0,0.0,0.0,0.0,0.0,0.0
2023-03-24 11:00:00,DATAR1,2023-03-24 11:00:00,131121.0,148.0,1.0,22.0,1.0,0.014,1.0,0.002,1.0,0.5,1.0,0.019,1.0,0.028,1.0,0.047,1.0,0.0,0.0,0.0,0.0,0.0,0.0,0.0,0.0
2023-03-24 12:00:00,DATAR1,2023-03-24 12:00:00,131121.0,143.0,1.0,23.0,1.0,0.016,1.0,0.003,1.0,0.5,1.0,0.022,1.0,0.028,1.0,0.049,1.0,0.0,0.0,0.0,0.0,0.0,0.0,0.0,0.0
2023-03-24 13:00:00,DATAR1,2023-03-24 13:00:00,131121.0,152.0,1.0,24.0,1.0,0.018,1.0,0.002,1.0,0.5,1.0,0.019,1.0,0.028,1.0,0.047,1.0,0.0,0.0,0.0,0.0,0.0,0.0,0.0,0.0
2023-03-24 14:00:00,DATAR1,2023-03-24 14:00:00,131121.0,171.0,1.0,27.0,1.0,0.02,1.0,0.003,1.0,0.5,1.0,0.019,1.0,0.03,1.0,0.048,1.0,0.0,0.0,0.0,0.0,0.0,0.0,0.0,0.0
2023-03-24 15:00:00,DATAR1,2023-03-24 15:00:00,131121.0,164.0,1.0,28.0,1.0,0.024,1.0,0.002,1.0,0.5,1.0,0.012,1.0,0.03,1.0,0.042,1.0,0.0,0.0,0.0,0.0,0.0,0.0,0.0,0.0
2023-03-24 16:00:00,DATAR1,2023-03-24 16:00:00,131121.0,168.0,1.0,31.0,1.0,0.022,1.0,0.002,1.0,0.5,1.0,0.01,1.0,0.035,1.0,0.045,1.0,0.0,0.0,0.0,0.0,0.0,0.0,0.0,0.0
2023-03-24 17:00:00,DATAR1,2023-03-24 17:00:00,131121.0,168.0,1.0,29.0,1.0,0.018,1.0,0.002,1.0,0.6,1.0,0.011,1.0,0.042,1.0,0.053,1.0,0.0,0.0,0.0,0.0,0.0,0.0,0.0,0.0
2023-03-24 18:00:00,DATAR1,2023-03-24 18:00:00,131121.0,168.0,1.0,30.0,1.0,0.017,1.0,0.002,1.0,0.6,1.0,0.007,1.0,0.041,1.0,0.048,1.0,0.0,0.0,0.0,0.0,0.0,0.0,0.0,0.0
2023-03-24 19:00:00,DATAR1,2023-03-24 19:00:00,131121.0,153.0,1.0,30.0,1.0,0.022,1.0,0.002,1.0,0.6,1.0,0.003,1.0,0.037,1.0,0.04,1.0,0.0,0.0,0.0,0.0,0.0,0.0,0.0,0.0
2023-03-24 20:00:00,DATAR1,2023-03-24 20:00:00,131121.0,151.0,1.0,27.0,1.0,0.025,1.0,0.002,1.0,0.5,1.0,0.002,1.0,0.03,1.0,0.032,1.0,0.0,0.0,0.0,0.0,0.0,0.0,0.0,0.0
2023-03-24 21:00:00,DATAR1,2023-03-24 21:00:00,131121.0,147.0,1.0,26.0,1.0,0.016,1.0,0.002,1.0,0.5,1.0,0.002,1.0,0.036,1.0,0.038,1.0,0.0,0.0,0.0,0.0,0.0,0.0,0.0,0.0
2023-03-24 22:00:00,DATAR1,2023-03-24 22:00:00,131121.0,140.0,1.0,28.0,1.0,0.009,1.0,0.002,1.0,0.6,1.0,0.003,1.0,0.043,1.0,0.046,1.0,0.0,0.0,0.0,0.0,0.0,0.0,0.0,0.0
2023-03-24 23:00:00,DATAR1,2023-03-24 23:00:00,131121.0,134.0,1.0,28.0,1.0,0.011,1.0,0.002,1.0,0.5,1.0,0.002,1.0,0.038,1.0,0.04,1.0,0.0,0.0,0.0,0.0,0.0,0.0,0.0,0.0
2023-03-25 00:00:00,DATAR1,2023-03-25 00:00:00,131121.0,122.0,1.0,29.0,1.0,0.013,1.0,0.002,1.0,0.5,1.0,0.002,1.0,0.033,1.0,0.035,1.0,0.0,0.0,0.0,0.0,0.0,0.0,0.0,0.0
2023-03-25 01:00:00,DATAR1,2023-03-25 01:00:00,131121.0,138.0,1.0,27.0,1.0,0.011,1.0,0.002,1.0,0.5,1.0,0.002,1.0,0.032,1.0,0.034,1.0,0.0,0.0,0.0,0.0,0.0,0.0,0.0,0.0
2023-03-25 02:00:00,DATAR1,2023-03-25 02:00:00,131121.0,121.0,1.0,23.0,1.0,0.011,1.0,0.002,1.0,0.5,1.0,0.002,1.0,0.029,1.0,0.03,1.0,0.0,0.0,0.0,0.0,0.0,0.0,0.0,0.0
2023-03-25 03:00:00,DATAR1,2023-03-25 03:00:00,131121.0,123.0,1.0,25.0,1.0,0.013,1.0,0.002,1.0,0.4,1.0,0.002,1.0,0.025,1.0,0.027,1.0,0.0,0.0,0.0,0.0,0.0,0.0,0.0,0.0
2023-03-25 04:00:00,DATAR1,2023-03-25 04:00:00,131121.0,113.0,1.0,24.0,1.0,0.014,1.0,0.002,1.0,0.4,1.0,0.002,1.0,0.022,1.0,0.024,1.0,0.0,0.0,0.0,0.0,0.0,0.0,0.0,0.0
2023-03-25 05:00:00,DATAR1,2023-03-25 05:00:00,131121.0,109.0,1.0,24.0,1.0,0.017,1.0,0.002,1.0,0.4,1.0,0.002,1.0,0.017,1.0,0.019,1.0,0.0,0.0,0.0,0.0,0.0,0.0,0.0,0.0
2023-03-25 06:00:00,DATAR1,2023-03-25 06:00:00,131121.0,106.0,1.0,23.0,1.0,0.019,1.0,0.002,1.0,0.4,1.0,0.001,1.0,0.013,1.0,0.015,1.0,0.0,0.0,0.0,0.0,0.0,0.0,0.0,0.0
2023-03-25 07:00:00,DATAR1,2023-03-25 07:00:00,131121.0,102.0,1.0,22.0,1.0,0.019,1.0,0.001,1.0,0.4,1.0,0.002,1.0,0.011,1.0,0.013,1.0,0.0,0.0,0.0,0.0,0.0,0.0,0.0,0.0
2023-03-25 08:00:00,DATAR1,2023-03-25 08:00:00,131121.0,91.0,1.0,20.0,1.0,0.022,1.0,0.001,1.0,0.4,1.0,0.002,1.0,0.009,1.0,0.011,1.0,0.0,0.0,0.0,0.0,0.0,0.0,0.0,0.0
2023-03-25 09:00:00,DATAR1,2023-03-25 09:00:00,131121.0,86.0,1.0,18.0,1.0,0.024,1.0,0.001,1.0,0.4,1.0,0.002,1.0,0.006,1.0,0.008,1.0,0.0,0.0,0.0,0.0,0.0,0.0,0.0,0.0
2023-03-25 10:00:00,DATAR1,2023-03-25 10:00:00,131121.0,98.0,1.0,14.0,1.0,0.024,1.0,0.001,1.0,0.4,1.0,0.003,1.0,0.007,1.0,0.009,1.0,0.0,0.0,0.0,0.0,0.0,0.0,0.0,0.0
2023-03-25 11:00:00,DATAR1,2023-03-25 11:00:00,131121.0,116.0,1.0,17.0,1.0,0.023,1.0,0.001,1.0,0.5,1.0,0.005,1.0,0.01,1.0,0.015,1.0,0.0,0.0,0.0,0.0,0.0,0.0,0.0,0.0
2023-03-25 12:00:00,DATAR1,2023-03-25 12:00:00,131121.0,136.0,1.0,19.0,1.0,0.023,1.0,0.002,1.0,0.5,1.0,0.006,1.0,0.012,1.0,0.018,1.0,0.0,0.0,0.0,0.0,0.0,0.0,0.0,0.0
2023-03-25 13:00:00,DATAR1,2023-03-25 13:00:00,131121.0,133.0,1.0,23.0,1.0,0.032,1.0,0.002,1.0,0.4,1.0,0.004,1.0,0.007,1.0,0.01,1.0,0.0,0.0,0.0,0.0,0.0,0.0,0.0,0.0
2023-03-25 14:00:00,DATAR1,2023-03-25 14:00:00,131121.0,124.0,1.0,23.0,1.0,0.036,1.0,0.002,1.0,0.4,1.0,0.003,1.0,0.006,1.0,0.009,1.0,0.0,0.0,0.0,0.0,0.0,0.0,0.0,0.0
2023-03-25 15:00:00,DATAR1,2023-03-25 15:00:00,131121.0,122.0,1.0,20.0,1.0,0.038,1.0,0.001,1.0,0.4,1.0,0.002,1.0,0.008,1.0,0.01,1.0,0.0,0.0,0.0,0.0,0.0,0.0,0.0,0.0
2023-03-25 16:00:00,DATAR1,2023-03-25 16:00:00,131121.0,105.0,1.0,21.0,1.0,0.04,1.0,0.001,1.0,0.4,1.0,0.002,1.0,0.006,1.0,0.008,1.0,0.0,0.0,0.0,0.0,0.0,0.0,0.0,0.0
2023-03-25 17:00:00,DATAR1,2023-03-25 17:00:00,131121.0,96.0,1.0,20.0,1.0,0.04,1.0,0.001,1.0,0.4,1.0,0.002,1.0,0.008,1.0,0.01,1.0,0.0,0.0,0.0,0.0,0.0,0.0,0.0,0.0
2023-03-25 18:00:00,DATAR1,2023-03-25 18:00:00,131121.0,93.0,1.0,19.0,1.0,0.039,1.0,0.002,1.0,0.4,1.0,0.002,1.0,0.013,1.0,0.015,1.0,0.0,0.0,0.0,0.0,0.0,0.0,0.0,0.0
2023-03-25 19:00:00,DATAR1,2023-03-25 19:00:00,131121.0,111.0,1.0,27.0,1.0,0.04,1.0,0.002,1.0,0.5,1.0,0.002,1.0,0.018,1.0,0.02,1.0,0.0,0.0,0.0,0.0,0.0,0.0,0.0,0.0
2023-03-25 20:00:00,DATAR1,2023-03-25 20:00:00,131121.0,134.0,1.0,30.0,1.0,0.039,1.0,0.002,1.0,0.6,1.0,0.002,1.0,0.021,1.0,0.022,1.0,0.0,0.0,0.0,0.0,0.0,0.0,0.0,0.0
2023-03-25 21:00:00,DATAR1,2023-03-25 21:00:00,131121.0,125.0,1.0,35.0,1.0,0.037,1.0,0.002,1.0,0.6,1.0,0.001,1.0,0.021,1.0,0.022,1.0,0.0,0.0,0.0,0.0,0.0,0.0,0.0,0.0
2023-03-25 22:00:00,DATAR1,2023-03-25 22:00:00,131121.0,128.0,1.0,41.0,1.0,0.034,1.0,0.002,1.0,0.6,1.0,0.001,1.0,0.027,1.0,0.028,1.0,0.0,0.0,0.0,0.0,0.0,0.0,0.0,0.0
2023-03-25 23:00:00,DATAR1,2023-03-25 23:00:00,131121.0,129.0,1.0,48.0,1.0,0.042,1.0,0.002,1.0,0.6,1.0,0.001,1.0,0.018,1.0,0.019,1.0,0.0,0.0,0.0,0.0,0.0,0.0,0.0,0.0
2023-03-26 00:00:00,DATAR1,2023-03-26 00:00:00,131121.0,129.0,1.0,39.0,1.0,0.045,1.0,0.002,1.0,0.5,1.0,0.001,1.0,0.012,1.0,0.013,1.0,0.0,0.0,0.0,0.0,0.0,0.0,0.0,0.0
2023-03-26 01:00:00,DATAR1,2023-03-26 01:00:00,131121.0,115.0,1.0,37.0,1.0,0.042,1.0,0.002,1.0,0.4,1.0,0.001,1.0,0.014,1.0,0.015,1.0,0.0,0.0,0.0,0.0,0.0,0.0,0.0,0.0
2023-03-26 02:00:00,DATAR1,2023-03-26 02:00:00,131121.0,125.0,1.0,32.0,1.0,0.049,1.0,0.002,1.0,0.4,1.0,0.001,1.0,0.008,1.0,0.009,1.0,0.0,0.0,0.0,0.0,0.0,0.0,0.0,0.0
2023-03-26 03:00:00,DATAR1,2023-03-26 03:00:00,131121.0,113.0,1.0,29.0,1.0,0.044,1.0,0.002,1.0,0.5,1.0,0.001,1.0,0.01,1.0,0.011,1.0,0.0,0.0,0.0,0.0,0.0,0.0,0.0,0.0
2023-03-26 04:00:00,DATAR1,2023-03-26 04:00:00,131121.0,111.0,1.0,33.0,1.0,0.034,1.0,0.002,1.0,0.5,1.0,0.001,1.0,0.013,1.0,0.014,1.0,0.0,0.0,0.0,0.0,0.0,0.0,0.0,0.0
2023-03-26 05:00:00,DATAR1,2023-03-26 05:00:00,131121.0,106.0,1.0,34.0,1.0,0.031,1.0,0.002,1.0,0.5,1.0,0.001,1.0,0.013,1.0,0.014,1.0,0.0,0.0,0.0,0.0,0.0,0.0,0.0,0.0
2023-03-26 06:00:00,DATAR1,2023-03-26 06:00:00,131121.0,90.0,1.0,27.0,1.0,0.036,1.0,0.002,1.0,0.3,1.0,0.001,1.0,0.006,1.0,0.007,1.0,0.0,0.0,0.0,0.0,0.0,0.0,0.0,0.0
2023-03-26 07:00:00,DATAR1,2023-03-26 07:00:00,131121.0,76.0,1.0,18.0,1.0,0.036,1.0,0.002,1.0,0.4,1.0,0.001,1.0,0.004,1.0,0.005,1.0,0.0,0.0,0.0,0.0,0.0,0.0,0.0,0.0
2023-03-26 08:00:00,DATAR1,2023-03-26 08:00:00,131121.0,67.0,1.0,18.0,1.0,0.034,1.0,0.002,1.0,0.4,1.0,0.001,1.0,0.005,1.0,0.006,1.0,0.0,0.0,0.0,0.0,0.0,0.0,0.0,0.0
2023-03-26 09:00:00,DATAR1,2023-03-26 09:00:00,131121.0,64.0,1.0,15.0,1.0,0.033,1.0,0.002,1.0,0.3,1.0,0.002,1.0,0.006,1.0,0.008,1.0,0.0,0.0,0.0,0.0,0.0,0.0,0.0,0.0
2023-03-26 10:00:00,DATAR1,2023-03-26 10:00:00,131121.0,68.0,1.0,17.0,1.0,0.036,1.0,0.002,1.0,0.4,1.0,0.002,1.0,0.005,1.0,0.007,1.0,0.0,0.0,0.0,0.0,0.0,0.0,0.0,0.0
2023-03-26 11:00:00,DATAR1,2023-03-26 11:00:00,131121.0,73.0,1.0,17.0,1.0,0.04,1.0,0.003,1.0,0.5,1.0,0.002,1.0,0.004,1.0,0.006,1.0,0.0,0.0,0.0,0.0,0.0,0.0,0.0,0.0
2023-03-26 12:00:00,DATAR1,2023-03-26 12:00:00,131121.0,71.0,1.0,15.0,1.0,0.043,1.0,0.002,1.0,0.4,1.0,0.002,1.0,0.004,1.0,0.006,1.0,0.0,0.0,0.0,0.0,0.0,0.0,0.0,0.0
2023-03-26 13:00:00,DATAR1,2023-03-26 13:00:00,131121.0,50.0,1.0,13.0,1.0,0.045,1.0,0.002,1.0,0.3,1.0,0.002,1.0,0.003,1.0,0.004,1.0,0.0,0.0,0.0,0.0,0.0,0.0,0.0,0.0
2023-03-26 14:00:00,DATAR1,2023-03-26 14:00:00,131121.0,55.0,1.0,10.0,1.0,0.046,1.0,0.002,1.0,0.3,1.0,0.002,1.0,0.002,1.0,0.004,1.0,0.0,0.0,0.0,0.0,0.0,0.0,0.0,0.0
2023-03-26 15:00:00,DATAR1,2023-03-26 15:00:00,131121.0,50.0,1.0,8.0,1.0,0.046,1.0,0.002,1.0,0.4,1.0,0.002,1.0,0.002,1.0,0.003,1.0,0.0,0.0,0.0,0.0,0.0,0.0,0.0,0.0
2023-03-26 16:00:00,DATAR1,2023-03-26 16:00:00,131121.0,49.0,1.0,8.0,1.0,0.047,1.0,0.002,1.0,0.4,1.0,0.001,1.0,0.001,1.0,0.003,1.0,0.0,0.0,0.0,0.0,0.0,0.0,0.0,0.0
2023-03-26 17:00:00,DATAR1,2023-03-26 17:00:00,131121.0,45.0,1.0,8.0,1.0,0.045,1.0,0.001,1.0,0.3,1.0,0.001,1.0,0.002,1.0,0.003,1.0,0.0,0.0,0.0,0.0,0.0,0.0,0.0,0.0
2023-03-26 18:00:00,DATAR1,2023-03-26 18:00:00,131121.0,35.0,1.0,4.0,1.0,0.045,1.0,0.001,1.0,0.3,1.0,0.001,1.0,0.001,1.0,0.002,1.0,0.0,0.0,0.0,0.0,0.0,0.0,0.0,0.0
2023-03-26 19:00:00,DATAR1,2023-03-26 19:00:00,131121.0,43.0,1.0,4.0,1.0,0.043,1.0,0.001,1.0,0.4,1.0,0.001,1.0,0.003,1.0,0.004,1.0,0.0,0.0,0.0,0.0,0.0,0.0,0.0,0.0
2023-03-26 20:00:00,DATAR1,2023-03-26 20:00:00,131121.0,34.0,1.0,3.0,1.0,0.04,1.0,0.001,1.0,0.3,1.0,0.001,1.0,0.004,1.0,0.005,1.0,0.0,0.0,0.0,0.0,0.0,0.0,0.0,0.0
2023-03-26 21:00:00,DATAR1,2023-03-26 21:00:00,131121.0,34.0,1.0,4.0,1.0,0.04,1.0,0.001,1.0,0.3,1.0,0.001,1.0,0.004,1.0,0.005,1.0,0.0,0.0,0.0,0.0,0.0,0.0,0.0,0.0
2023-03-26 22:00:00,DATAR1,2023-03-26 22:00:00,131121.0,28.0,1.0,4.0,1.0,0.037,1.0,0.001,1.0,0.4,1.0,0.001,1.0,0.004,1.0,0.006,1.0,0.0,0.0,0.0,0.0,0.0,0.0,0.0,0.0
2023-03-26 23:00:00,DATAR1,2023-03-26 23:00:00,131121.0,39.0,1.0,6.0,1.0,0.036,1.0,0.001,1.0,0.2,1.0,0.001,1.0,0.007,1.0,0.008,1.0,0.0,0.0,0.0,0.0,0.0,0.0,0.0,0.0
2023-03-27 00:00:00,DATAR1,2023-03-27 00:00:00,131121.0,31.0,1.0,10.0,1.0,0.038,1.0,0.002,1.0,0.3,1.0,0.001,1.0,0.007,1.0,0.008,1.0,0.0,0.0,0.0,0.0,0.0,0.0,0.0,0.0
2023-03-27 01:00:00,DATAR1,2023-03-27 01:00:00,131121.0,39.0,1.0,4.0,1.0,0.039,1.0,0.002,1.0,0.3,1.0,0.001,1.0,0.005,1.0,0.006,1.0,0.0,0.0,0.0,0.0,0.0,0.0,0.0,0.0
2023-03-27 02:00:00,DATAR1,2023-03-27 02:00:00,131121.0,42.0,1.0,4.0,1.0,0.038,1.0,0.002,1.0,0.4,1.0,0.001,1.0,0.006,1.0,0.006,1.0,0.0,0.0,0.0,0.0,0.0,0.0,0.0,0.0
2023-03-27 03:00:00,DATAR1,2023-03-27 03:00:00,131121.0,39.0,1.0,16.0,1.0,0.037,1.0,0.002,1.0,0.4,1.0,0.001,1.0,0.007,1.0,0.008,1.0,0.0,0.0,0.0,0.0,0.0,0.0,0.0,0.0
2023-03-27 04:00:00,DATAR1,2023-03-27 04:00:00,131121.0,41.0,1.0,13.0,1.0,0.035,1.0,0.002,1.0,0.4,1.0,0.001,1.0,0.008,1.0,0.009,1.0,0.0,0.0,0.0,0.0,0.0,0.0,0.0,0.0
2023-03-27 05:00:00,DATAR1,2023-03-27 05:00:00,131121.0,41.0,1.0,14.0,1.0,0.033,1.0,0.002,1.0,0.3,1.0,0.001,1.0,0.01,1.0,0.011,1.0,0.0,0.0,0.0,0.0,0.0,0.0,0.0,0.0
2023-03-27 06:00:00,DATAR1,2023-03-27 06:00:00,131121.0,40.0,1.0,18.0,1.0,0.023,1.0,0.002,1.0,0.4,1.0,0.002,1.0,0.022,1.0,0.024,1.0,0.0,0.0,0.0,0.0,0.0,0.0,0.0,0.0
2023-03-27 07:00:00,DATAR1,2023-03-27 07:00:00,131121.0,36.0,1.0,19.0,1.0,0.016,1.0,0.002,1.0,0.5,1.0,0.003,1.0,0.031,1.0,0.034,1.0,0.0,0.0,0.0,0.0,0.0,0.0,0.0,0.0
2023-03-27 08:00:00,DATAR1,2023-03-27 08:00:00,131121.0,38.0,1.0,19.0,1.0,0.015,1.0,0.002,1.0,0.5,1.0,0.011,1.0,0.036,1.0,0.046,1.0,0.0,0.0,0.0,0.0,0.0,0.0,0.0,0.0
2023-03-27 09:00:00,DATAR1,2023-03-27 09:00:00,131121.0,39.0,1.0,18.0,1.0,0.015,1.0,0.002,1.0,0.5,1.0,0.029,1.0,0.042,1.0,0.071,1.0,0.0,0.0,0.0,0.0,0.0,0.0,0.0,0.0
2023-03-27 10:00:00,DATAR1,2023-03-27 10:00:00,131121.0,41.0,1.0,21.0,1.0,0.026,1.0,0.002,1.0,0.5,1.0,0.013,1.0,0.028,1.0,0.042,1.0,0.0,0.0,0.0,0.0,0.0,0.0,0.0,0.0
2023-03-27 11:00:00,DATAR1,2023-03-27 11:00:00,131121.0,39.0,1.0,24.0,1.0,0.033,1.0,0.002,1.0,0.5,1.0,0.011,1.0,0.023,1.0,0.034,1.0,0.0,0.0,0.0,0.0,0.0,0.0,0.0,0.0
2023-03-27 12:00:00,DATAR1,2023-03-27 12:00:00,131121.0,45.0,1.0,19.0,1.0,0.035,1.0,0.002,1.0,0.5,1.0,0.008,1.0,0.02,1.0,0.028,1.0,0.0,0.0,0.0,0.0,0.0,0.0,0.0,0.0
2023-03-27 13:00:00,DATAR1,2023-03-27 13:00:00,131121.0,60.0,1.0,17.0,1.0,0.044,1.0,0.002,1.0,0.5,1.0,0.004,1.0,0.013,1.0,0.017,1.0,0.0,0.0,0.0,0.0,0.0,0.0,0.0,0.0
2023-03-27 14:00:00,DATAR1,2023-03-27 14:00:00,131121.0,44.0,1.0,14.0,1.0,0.045,1.0,0.002,1.0,0.5,1.0,0.004,1.0,0.015,1.0,0.02,1.0,0.0,0.0,0.0,0.0,0.0,0.0,0.0,0.0
2023-03-27 15:00:00,DATAR1,2023-03-27 15:00:00,131121.0,56.0,1.0,18.0,1.0,0.044,1.0,0.003,1.0,0.5,1.0,0.006,1.0,0.023,1.0,0.029,1.0,0.0,0.0,0.0,0.0,0.0,0.0,0.0,0.0
2023-03-27 16:00:00,DATAR1,2023-03-27 16:00:00,131121.0,58.0,1.0,28.0,1.0,0.047,1.0,0.003,1.0,0.5,1.0,0.005,1.0,0.022,1.0,0.026,1.0,0.0,0.0,0.0,0.0,0.0,0.0,0.0,0.0
2023-03-27 17:00:00,DATAR1,2023-03-27 17:00:00,131121.0,58.0,1.0,27.0,1.0,0.049,1.0,0.002,1.0,0.4,1.0,0.003,1.0,0.015,1.0,0.018,1.0,0.0,0.0,0.0,0.0,0.0,0.0,0.0,0.0
2023-03-27 18:00:00,DATAR1,2023-03-27 18:00:00,131121.0,63.0,1.0,21.0,1.0,0.052,1.0,0.003,1.0,0.4,1.0,0.001,1.0,0.013,1.0,0.014,1.0,0.0,0.0,0.0,0.0,0.0,0.0,0.0,0.0
2023-03-27 19:00:00,DATAR1,2023-03-27 19:00:00,131121.0,50.0,1.0,21.0,1.0,0.048,1.0,0.002,1.0,0.4,1.0,0.002,1.0,0.016,1.0,0.018,1.0,0.0,0.0,0.0,0.0,0.0,0.0,0.0,0.0
2023-03-27 20:00:00,DATAR1,2023-03-27 20:00:00,131121.0,45.0,1.0,23.0,1.0,0.045,1.0,0.002,1.0,0.4,1.0,0.001,1.0,0.016,1.0,0.017,1.0,0.0,0.0,0.0,0.0,0.0,0.0,0.0,0.0
2023-03-27 21:00:00,DATAR1,2023-03-27 21:00:00,131121.0,44.0,1.0,22.0,1.0,0.043,1.0,0.002,1.0,0.5,1.0,0.001,1.0,0.017,1.0,0.018,1.0,0.0,0.0,0.0,0.0,0.0,0.0,0.0,0.0
2023-03-27 22:00:00,DATAR1,2023-03-27 22:00:00,131121.0,64.0,1.0,20.0,1.0,0.036,1.0,0.002,1.0,0.5,1.0,0.001,1.0,0.021,1.0,0.022,1.0,0.0,0.0,0.0,0.0,0.0,0.0,0.0,0.0
2023-03-27 23:00:00,DATAR1,2023-03-27 23:00:00,131121.0,52.0,1.0,18.0,1.0,0.032,1.0,0.002,1.0,0.5,1.0,0.002,1.0,0.024,1.0,0.026,1.0,0.0,0.0,0.0,0.0,0.0,0.0,0.0,0.0
2023-03-28 00:00:00,DATAR1,2023-03-28 00:00:00,131121.0,56.0,1.0,22.0,1.0,0.025,1.0,0.002,1.0,0.4,1.0,0.001,1.0,0.029,1.0,0.03,1.0,0.0,0.0,0.0,0.0,0.0,0.0,0.0,0.0
2023-03-28 01:00:00,DATAR1,2023-03-28 01:00:00,131121.0,61.0,1.0,28.0,1.0,0.027,1.0,0.002,1.0,0.4,1.0,0.001,1.0,0.024,1.0,0.025,1.0,0.0,0.0,0.0,0.0,0.0,0.0,0.0,0.0
2023-03-28 02:00:00,DATAR1,2023-03-28 02:00:00,131121.0,57.0,1.0,30.0,1.0,0.021,1.0,0.002,1.0,0.5,1.0,0.001,1.0,0.028,1.0,0.029,1.0,0.0,0.0,0.0,0.0,0.0,0.0,0.0,0.0
2023-03-28 03:00:00,DATAR1,2023-03-28 03:00:00,131121.0,51.0,1.0,31.0,1.0,0.019,1.0,0.002,1.0,0.6,1.0,0.001,1.0,0.028,1.0,0.029,1.0,0.0,0.0,0.0,0.0,0.0,0.0,0.0,0.0
2023-03-28 04:00:00,DATAR1,2023-03-28 04:00:00,131121.0,51.0,1.0,30.0,1.0,0.022,1.0,0.002,1.0,0.5,1.0,0.001,1.0,0.024,1.0,0.025,1.0,0.0,0.0,0.0,0.0,0.0,0.0,0.0,0.0
2023-03-28 05:00:00,DATAR1,2023-03-28 05:00:00,131121.0,57.0,1.0,32.0,1.0,0.018,1.0,0.002,1.0,0.6,1.0,0.002,1.0,0.026,1.0,0.028,1.0,0.0,0.0,0.0,0.0,0.0,0.0,0.0,0.0
2023-03-28 06:00:00,DATAR1,2023-03-28 06:00:00,131121.0,53.0,1.0,36.0,1.0,0.01,1.0,0.002,1.0,0.6,1.0,0.004,1.0,0.037,1.0,0.041,1.0,0.0,0.0,0.0,0.0,0.0,0.0,0.0,0.0
2023-03-28 07:00:00,DATAR1,2023-03-28 07:00:00,131121.0,55.0,1.0,39.0,1.0,0.007,1.0,0.002,1.0,0.6,1.0,0.007,1.0,0.041,1.0,0.048,1.0,0.0,0.0,0.0,0.0,0.0,0.0,0.0,0.0
2023-03-28 08:00:00,DATAR1,2023-03-28 08:00:00,131121.0,50.0,1.0,35.0,1.0,0.011,1.0,0.002,1.0,0.6,1.0,0.012,1.0,0.041,1.0,0.053,1.0,0.0,0.0,0.0,0.0,0.0,0.0,0.0,0.0
2023-03-28 09:00:00,DATAR1,2023-03-28 09:00:00,131121.0,58.0,1.0,36.0,1.0,0.015,1.0,0.003,1.0,0.4,1.0,0.022,1.0,0.042,1.0,0.063,1.0,0.0,0.0,0.0,0.0,0.0,0.0,0.0,0.0
2023-03-28 10:00:00,DATAR1,2023-03-28 10:00:00,131121.0,68.0,1.0,37.0,1.0,0.028,1.0,0.004,1.0,0.4,1.0,0.008,1.0,0.026,1.0,0.035,1.0,0.0,0.0,0.0,0.0,0.0,0.0,0.0,0.0
2023-03-28 11:00:00,DATAR1,2023-03-28 11:00:00,131121.0,53.0,1.0,34.0,1.0,0.034,1.0,0.003,1.0,0.4,1.0,0.007,1.0,0.024,1.0,0.031,1.0,0.0,0.0,0.0,0.0,0.0,0.0,0.0,0.0
2023-03-28 12:00:00,DATAR1,2023-03-28 12:00:00,131121.0,48.0,1.0,30.0,1.0,0.035,1.0,0.003,1.0,0.4,1.0,0.007,1.0,0.023,1.0,0.031,1.0,0.0,0.0,0.0,0.0,0.0,0.0,0.0,0.0
2023-03-28 13:00:00,DATAR1,2023-03-28 13:00:00,131121.0,41.0,1.0,23.0,1.0,0.039,1.0,0.002,1.0,0.4,1.0,0.01,1.0,0.024,1.0,0.033,1.0,0.0,0.0,0.0,0.0,0.0,0.0,0.0,0.0
2023-03-28 14:00:00,DATAR1,2023-03-28 14:00:00,131121.0,61.0,1.0,19.0,1.0,0.051,1.0,0.002,1.0,0.4,1.0,0.003,1.0,0.016,1.0,0.019,1.0,0.0,0.0,0.0,0.0,0.0,0.0,0.0,0.0
2023-03-28 15:00:00,DATAR1,2023-03-28 15:00:00,131121.0,79.0,1.0,20.0,1.0,0.054,1.0,0.002,1.0,0.4,1.0,0.003,1.0,0.016,1.0,0.019,1.0,0.0,0.0,0.0,0.0,0.0,0.0,0.0,0.0
2023-03-28 16:00:00,DATAR1,2023-03-28 16:00:00,131121.0,86.0,1.0,27.0,1.0,0.058,1.0,0.003,1.0,0.4,1.0,0.002,1.0,0.017,1.0,0.019,1.0,0.0,0.0,0.0,0.0,0.0,0.0,0.0,0.0
2023-03-28 17:00:00,DATAR1,2023-03-28 17:00:00,131121.0,85.0,1.0,34.0,1.0,0.068,1.0,0.003,1.0,0.4,1.0,0.001,1.0,0.013,1.0,0.015,1.0,0.0,0.0,0.0,0.0,0.0,0.0,0.0,0.0
2023-03-28 18:00:00,DATAR1,2023-03-28 18:00:00,131121.0,110.0,1.0,38.0,1.0,0.064,1.0,0.003,1.0,0.4,1.0,0.002,1.0,0.014,1.0,0.016,1.0,0.0,0.0,0.0,0.0,0.0,0.0,0.0,0.0
2023-03-28 19:00:00,DATAR1,2023-03-28 19:00:00,131121.0,108.0,1.0,36.0,1.0,0.061,1.0,0.003,1.0,0.4,1.0,0.001,1.0,0.016,1.0,0.018,1.0,0.0,0.0,0.0,0.0,0.0,0.0,0.0,0.0
2023-03-28 20:00:00,DATAR1,2023-03-28 20:00:00,131121.0,87.0,1.0,33.0,1.0,0.052,1.0,0.003,1.0,0.5,1.0,0.002,1.0,0.023,1.0,0.025,1.0,0.0,0.0,0.0,0.0,0.0,0.0,0.0,0.0
2023-03-28 21:00:00,DATAR1,2023-03-28 21:00:00,131121.0,73.0,1.0,33.0,1.0,0.047,1.0,0.002,1.0,0.5,1.0,0.001,1.0,0.024,1.0,0.025,1.0,0.0,0.0,0.0,0.0,0.0,0.0,0.0,0.0
2023-03-28 22:00:00,DATAR1,2023-03-28 22:00:00,131121.0,75.0,1.0,35.0,1.0,0.038,1.0,0.002,1.0,0.6,1.0,0.001,1.0,0.029,1.0,0.03,1.0,0.0,0.0,0.0,0.0,0.0,0.0,0.0,0.0
2023-03-28 23:00:00,DATAR1,2023-03-28 23:00:00,131121.0,82.0,1.0,34.0,1.0,0.033,1.0,0.002,1.0,0.6,1.0,0.001,1.0,0.032,1.0,0.033,1.0,0.0,0.0,0.0,0.0,0.0,0.0,0.0,0.0
2023-03-29 00:00:00,DATAR1,2023-03-29 00:00:00,131121.0,78.0,1.0,32.0,1.0,0.033,1.0,0.002,1.0,0.6,1.0,0.001,1.0,0.027,1.0,0.028,1.0,0.0,0.0,0.0,0.0,0.0,0.0,0.0,0.0
2023-03-29 01:00:00,DATAR1,2023-03-29 01:00:00,131121.0,80.0,1.0,32.0,1.0,0.021,1.0,0.002,1.0,0.7,1.0,0.006,1.0,0.041,1.0,0.047,1.0,0.0,0.0,0.0,0.0,0.0,0.0,0.0,0.0
2023-03-29 02:00:00,DATAR1,2023-03-29 02:00:00,131121.0,88.0,1.0,34.0,1.0,0.027,1.0,0.002,1.0,0.7,1.0,0.001,1.0,0.027,1.0,0.028,1.0,0.0,0.0,0.0,0.0,0.0,0.0,0.0,0.0
2023-03-29 03:00:00,DATAR1,2023-03-29 03:00:00,131121.0,79.0,1.0,39.0,1.0,0.021,1.0,0.002,1.0,0.6,1.0,0.002,1.0,0.031,1.0,0.033,1.0,0.0,0.0,0.0,0.0,0.0,0.0,0.0,0.0
2023-03-29 04:00:00,DATAR1,2023-03-29 04:00:00,131121.0,78.0,1.0,42.0,1.0,0.013,1.0,0.002,1.0,0.5,1.0,0.002,1.0,0.038,1.0,0.04,1.0,0.0,0.0,0.0,0.0,0.0,0.0,0.0,0.0
2023-03-29 05:00:00,DATAR1,2023-03-29 05:00:00,131121.0,69.0,1.0,43.0,1.0,0.014,1.0,0.001,1.0,0.5,1.0,0.002,1.0,0.033,1.0,0.034,1.0,0.0,0.0,0.0,0.0,0.0,0.0,0.0,0.0
2023-03-29 06:00:00,DATAR1,2023-03-29 06:00:00,131121.0,77.0,1.0,47.0,1.0,0.006,1.0,0.001,1.0,0.6,1.0,0.008,1.0,0.045,1.0,0.053,1.0,0.0,0.0,0.0,0.0,0.0,0.0,0.0,0.0
2023-03-29 07:00:00,DATAR1,2023-03-29 07:00:00,131121.0,75.0,1.0,50.0,1.0,0.001,1.0,0.002,1.0,0.6,1.0,0.036,1.0,0.053,1.0,0.089,1.0,0.0,0.0,0.0,0.0,0.0,0.0,0.0,0.0
2023-03-29 08:00:00,DATAR1,2023-03-29 08:00:00,131121.0,93.0,1.0,52.0,1.0,0.007,1.0,0.002,1.0,0.6,1.0,0.027,1.0,0.046,1.0,0.073,1.0,0.0,0.0,0.0,0.0,0.0,0.0,0.0,0.0
2023-03-29 09:00:00,DATAR1,2023-03-29 09:00:00,131121.0,96.0,1.0,54.0,1.0,0.014,1.0,0.002,1.0,0.6,1.0,0.022,1.0,0.046,1.0,0.068,1.0,0.0,0.0,0.0,0.0,0.0,0.0,0.0,0.0
2023-03-29 10:00:00,DATAR1,2023-03-29 10:00:00,131121.0,90.0,1.0,58.0,1.0,0.029,1.0,0.002,1.0,0.6,1.0,0.011,1.0,0.034,1.0,0.046,1.0,0.0,0.0,0.0,0.0,0.0,0.0,0.0,0.0
2023-03-29 11:00:00,DATAR1,2023-03-29 11:00:00,131121.0,76.0,1.0,62.0,1.0,0.05,1.0,0.003,1.0,0.5,1.0,0.004,1.0,0.022,1.0,0.026,1.0,0.0,0.0,0.0,0.0,0.0,0.0,0.0,0.0
2023-03-29 12:00:00,DATAR1,2023-03-29 12:00:00,131121.0,62.0,1.0,51.0,1.0,0.055,1.0,0.002,1.0,0.4,1.0,0.003,1.0,0.016,1.0,0.019,1.0,0.0,0.0,0.0,0.0,0.0,0.0,0.0,0.0
2023-03-29 13:00:00,DATAR1,2023-03-29 13:00:00,131121.0,51.0,1.0,40.0,1.0,0.054,1.0,0.002,1.0,0.4,1.0,0.003,1.0,0.016,1.0,0.019,1.0,0.0,0.0,0.0,0.0,0.0,0.0,0.0,0.0
2023-03-29 14:00:00,DATAR1,2023-03-29 14:00:00,131121.0,77.0,1.0,31.0,1.0,0.052,1.0,0.002,1.0,0.4,1.0,0.004,1.0,0.02,1.0,0.024,1.0,0.0,0.0,0.0,0.0,0.0,0.0,0.0,0.0
2023-03-29 15:00:00,DATAR1,2023-03-29 15:00:00,131121.0,73.0,1.0,28.0,1.0,0.051,1.0,0.002,1.0,0.5,1.0,0.004,1.0,0.026,1.0,0.029,1.0,0.0,0.0,0.0,0.0,0.0,0.0,0.0,0.0
2023-03-29 16:00:00,DATAR1,2023-03-29 16:00:00,131121.0,80.0,1.0,29.0,1.0,0.059,1.0,0.002,1.0,0.4,1.0,0.003,1.0,0.023,1.0,0.026,1.0,0.0,0.0,0.0,0.0,0.0,0.0,0.0,0.0
2023-03-29 17:00:00,DATAR1,2023-03-29 17:00:00,131121.0,72.0,1.0,26.0,1.0,0.069,1.0,0.002,1.0,0.4,1.0,0.002,1.0,0.014,1.0,0.016,1.0,0.0,0.0,0.0,0.0,0.0,0.0,0.0,0.0
2023-03-29 18:00:00,DATAR1,2023-03-29 18:00:00,131121.0,46.0,1.0,16.0,1.0,0.062,1.0,0.001,1.0,0.3,1.0,0.001,1.0,0.01,1.0,0.011,1.0,0.0,0.0,0.0,0.0,0.0,0.0,0.0,0.0
2023-03-29 19:00:00,DATAR1,2023-03-29 19:00:00,131121.0,52.0,1.0,10.0,1.0,0.056,1.0,0.002,1.0,0.3,1.0,0.001,1.0,0.015,1.0,0.016,1.0,0.0,0.0,0.0,0.0,0.0,0.0,0.0,0.0
2023-03-29 20:00:00,DATAR1,2023-03-29 20:00:00,131121.0,43.0,1.0,11.0,1.0,0.049,1.0,0.002,1.0,0.4,1.0,0.001,1.0,0.021,1.0,0.022,1.0,0.0,0.0,0.0,0.0,0.0,0.0,0.0,0.0
2023-03-29 21:00:00,DATAR1,2023-03-29 21:00:00,131121.0,58.0,1.0,13.0,1.0,0.039,1.0,0.003,1.0,0.6,1.0,0.001,1.0,0.027,1.0,0.029,1.0,0.0,0.0,0.0,0.0,0.0,0.0,0.0,0.0
2023-03-29 22:00:00,DATAR1,2023-03-29 22:00:00,131121.0,75.0,1.0,19.0,1.0,0.03,1.0,0.003,1.0,0.6,1.0,0.002,1.0,0.036,1.0,0.037,1.0,0.0,0.0,0.0,0.0,0.0,0.0,0.0,0.0
2023-03-29 23:00:00,DATAR1,2023-03-29 23:00:00,131121.0,65.0,1.0,25.0,1.0,0.018,1.0,0.003,1.0,0.6,1.0,0.002,1.0,0.047,1.0,0.049,1.0,0.0,0.0,0.0,0.0,0.0,0.0,0.0,0.0
2023-03-30 00:00:00,DATAR1,2023-03-30 00:00:00,131121.0,61.0,1.0,27.0,1.0,0.018,1.0,0.002,1.0,0.7,1.0,0.002,1.0,0.043,1.0,0.045,1.0,0.0,0.0,0.0,0.0,0.0,0.0,0.0,0.0
2023-03-30 01:00:00,DATAR1,2023-03-30 01:00:00,131121.0,59.0,1.0,30.0,1.0,0.021,1.0,0.002,1.0,0.7,1.0,0.001,1.0,0.036,1.0,0.037,1.0,0.0,0.0,0.0,0.0,0.0,0.0,0.0,0.0
2023-03-30 02:00:00,DATAR1,2023-03-30 02:00:00,131121.0,55.0,1.0,33.0,1.0,0.013,1.0,0.002,1.0,0.7,1.0,0.002,1.0,0.044,1.0,0.045,1.0,0.0,0.0,0.0,0.0,0.0,0.0,0.0,0.0
2023-03-30 03:00:00,DATAR1,2023-03-30 03:00:00,131121.0,42.0,1.0,27.0,1.0,0.021,1.0,0.002,1.0,0.6,1.0,0.002,1.0,0.03,1.0,0.032,1.0,0.0,0.0,0.0,0.0,0.0,0.0,0.0,0.0
2023-03-30 04:00:00,DATAR1,2023-03-30 04:00:00,131121.0,48.0,1.0,26.0,1.0,0.004,1.0,0.002,1.0,0.7,1.0,0.004,1.0,0.053,1.0,0.057,1.0,0.0,0.0,0.0,0.0,0.0,0.0,0.0,0.0
2023-03-30 05:00:00,DATAR1,2023-03-30 05:00:00,131121.0,36.0,1.0,22.0,1.0,0.017,1.0,0.002,1.0,0.5,1.0,0.002,1.0,0.028,1.0,0.03,1.0,0.0,0.0,0.0,0.0,0.0,0.0,0.0,0.0
2023-03-30 06:00:00,DATAR1,2023-03-30 06:00:00,131121.0,40.0,1.0,19.0,1.0,0.007,1.0,0.002,1.0,0.6,1.0,0.011,1.0,0.047,1.0,0.058,1.0,0.0,0.0,0.0,0.0,0.0,0.0,0.0,0.0
2023-03-30 07:00:00,DATAR1,2023-03-30 07:00:00,131121.0,47.0,1.0,23.0,1.0,0.002,1.0,0.002,1.0,0.8,1.0,0.056,1.0,0.057,1.0,0.113,1.0,0.0,0.0,0.0,0.0,0.0,0.0,0.0,0.0
2023-03-30 08:00:00,DATAR1,2023-03-30 08:00:00,131121.0,46.0,1.0,27.0,1.0,0.002,1.0,0.003,1.0,0.8,1.0,0.096,1.0,0.06,1.0,0.156,1.0,0.0,0.0,0.0,0.0,0.0,0.0,0.0,0.0
2023-03-30 09:00:00,DATAR1,2023-03-30 09:00:00,131121.0,51.0,1.0,27.0,1.0,0.006,1.0,0.003,1.0,0.7,1.0,0.074,1.0,0.057,1.0,0.131,1.0,0.0,0.0,0.0,0.0,0.0,0.0,0.0,0.0
2023-03-30 10:00:00,DATAR1,2023-03-30 10:00:00,131121.0,56.0,1.0,29.0,1.0,0.013,1.0,0.003,1.0,0.6,1.0,0.041,1.0,0.052,1.0,0.093,1.0,0.0,0.0,0.0,0.0,0.0,0.0,0.0,0.0
2023-03-30 11:00:00,DATAR1,2023-03-30 11:00:00,131121.0,67.0,1.0,30.0,1.0,0.047,1.0,0.002,1.0,0.5,1.0,0.011,1.0,0.029,1.0,0.04,1.0,0.0,0.0,0.0,0.0,0.0,0.0,0.0,0.0
2023-03-30 12:00:00,DATAR1,2023-03-30 12:00:00,131121.0,89.0,1.0,34.0,1.0,0.056,1.0,0.003,1.0,0.5,1.0,0.005,1.0,0.026,1.0,0.031,1.0,0.0,0.0,0.0,0.0,0.0,0.0,0.0,0.0
2023-03-30 13:00:00,DATAR1,2023-03-30 13:00:00,131121.0,73.0,1.0,36.0,1.0,0.058,1.0,0.002,1.0,0.5,1.0,0.005,1.0,0.025,1.0,0.03,1.0,0.0,0.0,0.0,0.0,0.0,0.0,0.0,0.0
2023-03-30 14:00:00,DATAR1,2023-03-30 14:00:00,131121.0,69.0,1.0,31.0,1.0,,3.0,,3.0,,3.0,,3.0,,3.0,,3.0,0.0,0.0,0.0,0.0,0.0,0.0,0.0,0.0
2023-03-30 15:00:00,DATAR1,2023-03-30 15:00:00,131121.0,70.0,1.0,27.0,1.0,0.058,1.0,0.002,1.0,0.6,1.0,0.005,1.0,0.032,1.0,0.037,1.0,0.0,0.0,0.0,0.0,0.0,0.0,0.0,0.0
2023-03-30 16:00:00,DATAR1,2023-03-30 16:00:00,131121.0,75.0,1.0,26.0,1.0,0.061,1.0,0.002,1.0,0.5,1.0,0.004,1.0,0.023,1.0,0.027,1.0,0.0,0.0,0.0,0.0,0.0,0.0,0.0,0.0
2023-03-30 17:00:00,DATAR1,2023-03-30 17:00:00,131121.0,52.0,1.0,20.0,1.0,0.06,1.0,0.002,1.0,0.4,1.0,0.002,1.0,0.017,1.0,0.019,1.0,0.0,0.0,0.0,0.0,0.0,0.0,0.0,0.0
2023-03-30 18:00:00,DATAR1,2023-03-30 18:00:00,131121.0,56.0,1.0,13.0,1.0,0.057,1.0,0.002,1.0,0.4,1.0,0.002,1.0,0.017,1.0,0.019,1.0,0.0,0.0,0.0,0.0,0.0,0.0,0.0,0.0
2023-03-30 19:00:00,DATAR1,2023-03-30 19:00:00,131121.0,62.0,1.0,12.0,1.0,0.055,1.0,0.002,1.0,0.4,1.0,0.002,1.0,0.019,1.0,0.021,1.0,0.0,0.0,0.0,0.0,0.0,0.0,0.0,0.0
2023-03-30 20:00:00,DATAR1,2023-03-30 20:00:00,131121.0,62.0,1.0,13.0,1.0,0.051,1.0,0.002,1.0,0.5,1.0,0.001,1.0,0.027,1.0,0.028,1.0,0.0,0.0,0.0,0.0,0.0,0.0,0.0,0.0
2023-03-30 21:00:00,DATAR1,2023-03-30 21:00:00,131121.0,86.0,1.0,31.0,1.0,0.052,1.0,0.002,1.0,0.5,1.0,0.001,1.0,0.027,1.0,0.028,1.0,0.0,0.0,0.0,0.0,0.0,0.0,0.0,0.0
2023-03-30 22:00:00,DATAR1,2023-03-30 22:00:00,131121.0,99.0,1.0,50.0,1.0,0.051,1.0,0.003,1.0,0.6,1.0,0.001,1.0,0.029,1.0,0.03,1.0,0.0,0.0,0.0,0.0,0.0,0.0,0.0,0.0
2023-03-30 23:00:00,DATAR1,2023-03-30 23:00:00,131121.0,107.0,1.0,54.0,1.0,0.048,1.0,0.003,1.0,0.7,1.0,0.001,1.0,0.028,1.0,0.03,1.0,0.0,0.0,0.0,0.0,0.0,0.0,0.0,0.0
2023-03-31 00:00:00,DATAR1,2023-03-31 00:00:00,131121.0,123.0,1.0,58.0,1.0,0.041,1.0,0.003,1.0,0.8,1.0,0.001,1.0,0.035,1.0,0.036,1.0,0.0,0.0,0.0,0.0,0.0,0.0,0.0,0.0
2023-03-31 01:00:00,DATAR1,2023-03-31 01:00:00,131121.0,123.0,1.0,68.0,1.0,0.035,1.0,0.003,1.0,0.8,1.0,0.001,1.0,0.038,1.0,0.04,1.0,0.0,0.0,0.0,0.0,0.0,0.0,0.0,0.0
2023-03-31 02:00:00,DATAR1,2023-03-31 02:00:00,131121.0,122.0,1.0,72.0,1.0,0.04,1.0,0.003,1.0,0.8,1.0,0.001,1.0,0.032,1.0,0.034,1.0,0.0,0.0,0.0,0.0,0.0,0.0,0.0,0.0
2023-03-31 03:00:00,DATAR1,2023-03-31 03:00:00,131121.0,109.0,1.0,61.0,1.0,0.052,1.0,0.002,1.0,0.8,1.0,0.001,1.0,0.021,1.0,0.022,1.0,0.0,0.0,0.0,0.0,0.0,0.0,0.0,0.0
2023-03-31 04:00:00,DATAR1,2023-03-31 04:00:00,131121.0,97.0,1.0,59.0,1.0,0.046,1.0,0.002,1.0,0.7,1.0,0.001,1.0,0.022,1.0,0.022,1.0,0.0,0.0,0.0,0.0,0.0,0.0,0.0,0.0
2023-03-31 05:00:00,DATAR1,2023-03-31 05:00:00,131121.0,104.0,1.0,57.0,1.0,0.041,1.0,0.002,1.0,0.6,1.0,0.001,1.0,0.025,1.0,0.026,1.0,0.0,0.0,0.0,0.0,0.0,0.0,0.0,0.0
2023-03-31 06:00:00,DATAR1,2023-03-31 06:00:00,131121.0,112.0,1.0,58.0,1.0,0.023,1.0,0.002,1.0,0.7,1.0,0.002,1.0,0.042,1.0,0.044,1.0,0.0,0.0,0.0,0.0,0.0,0.0,0.0,0.0
2023-03-31 07:00:00,DATAR1,2023-03-31 07:00:00,131121.0,108.0,1.0,56.0,1.0,0.005,1.0,0.002,1.0,0.9,1.0,0.038,1.0,0.073,1.0,0.111,1.0,0.0,0.0,0.0,0.0,0.0,0.0,0.0,0.0
2023-03-31 08:00:00,DATAR1,2023-03-31 08:00:00,131121.0,105.0,1.0,56.0,1.0,0.013,1.0,0.002,1.0,0.8,1.0,0.024,1.0,0.06,1.0,0.084,1.0,0.0,0.0,0.0,0.0,0.0,0.0,0.0,0.0
2023-03-31 09:00:00,DATAR1,2023-03-31 09:00:00,131121.0,96.0,1.0,59.0,1.0,0.009,1.0,0.003,1.0,0.9,1.0,0.065,1.0,0.074,1.0,0.139,1.0,0.0,0.0,0.0,0.0,0.0,0.0,0.0,0.0
2023-03-31 10:00:00,DATAR1,2023-03-31 10:00:00,131121.0,112.0,1.0,69.0,1.0,0.014,1.0,0.004,1.0,0.8,1.0,0.055,1.0,0.073,1.0,0.128,1.0,0.0,0.0,0.0,0.0,0.0,0.0,0.0,0.0
2023-03-31 11:00:00,DATAR1,2023-03-31 11:00:00,131121.0,111.0,1.0,63.0,1.0,0.029,1.0,0.003,1.0,0.7,1.0,0.019,1.0,0.053,1.0,0.072,1.0,0.0,0.0,0.0,0.0,0.0,0.0,0.0,0.0
2023-03-31 12:00:00,DATAR1,2023-03-31 12:00:00,131121.0,98.0,1.0,59.0,1.0,0.062,1.0,0.003,1.0,0.6,1.0,0.006,1.0,0.027,1.0,0.033,1.0,0.0,0.0,0.0,0.0,0.0,0.0,0.0,0.0
2023-03-31 13:00:00,DATAR1,2023-03-31 13:00:00,131121.0,77.0,1.0,46.0,1.0,0.067,1.0,0.003,1.0,0.6,1.0,0.003,1.0,0.023,1.0,0.027,1.0,0.0,0.0,0.0,0.0,0.0,0.0,0.0,0.0
2023-03-31 14:00:00,DATAR1,2023-03-31 14:00:00,131121.0,71.0,1.0,37.0,1.0,0.064,1.0,0.003,1.0,0.6,1.0,0.004,1.0,0.026,1.0,0.03,1.0,0.0,0.0,0.0,0.0,0.0,0.0,0.0,0.0
2023-03-31 15:00:00,DATAR1,2023-03-31 15:00:00,131121.0,73.0,1.0,30.0,1.0,0.061,1.0,0.002,1.0,0.5,1.0,0.004,1.0,0.025,1.0,0.028,1.0,0.0,0.0,0.0,0.0,0.0,0.0,0.0,0.0
2023-03-31 16:00:00,DATAR1,2023-03-31 16:00:00,131121.0,45.0,1.0,18.0,1.0,0.059,1.0,0.002,1.0,0.4,1.0,0.002,1.0,0.013,1.0,0.015,1.0,0.0,0.0,0.0,0.0,0.0,0.0,0.0,0.0
2023-03-31 17:00:00,DATAR1,2023-03-31 17:00:00,131121.0,59.0,1.0,6.0,1.0,0.065,1.0,0.002,1.0,0.4,1.0,0.002,1.0,0.015,1.0,0.017,1.0,0.0,0.0,0.0,0.0,0.0,0.0,0.0,0.0
2023-03-31 18:00:00,DATAR1,2023-03-31 18:00:00,131121.0,97.0,1.0,14.0,1.0,0.076,1.0,0.003,1.0,0.5,1.0,0.002,1.0,0.027,1.0,0.028,1.0,0.0,0.0,0.0,0.0,0.0,0.0,0.0,0.0
2023-03-31 19:00:00,DATAR1,2023-03-31 19:00:00,131121.0,110.0,1.0,31.0,1.0,0.067,1.0,0.003,1.0,0.5,1.0,0.001,1.0,0.028,1.0,0.03,1.0,0.0,0.0,0.0,0.0,0.0,0.0,0.0,0.0
2023-03-31 20:00:00,DATAR1,2023-03-31 20:00:00,131121.0,82.0,1.0,38.0,1.0,0.053,1.0,0.003,1.0,0.5,1.0,0.001,1.0,0.031,1.0,0.033,1.0,0.0,0.0,0.0,0.0,0.0,0.0,0.0,0.0
2023-03-31 21:00:00,DATAR1,2023-03-31 21:00:00,131121.0,82.0,1.0,38.0,1.0,0.04,1.0,0.003,1.0,0.6,1.0,0.001,1.0,0.037,1.0,0.038,1.0,0.0,0.0,0.0,0.0,0.0,0.0,0.0,0.0
2023-03-31 22:00:00,DATAR1,2023-03-31 22:00:00,131121.0,83.0,1.0,43.0,1.0,0.031,1.0,0.003,1.0,0.6,1.0,0.002,1.0,0.041,1.0,0.042,1.0,0.0,0.0,0.0,0.0,0.0,0.0,0.0,0.0
2023-03-31 23:00:00,DATAR1,2023-03-31 23:00:00,131121.0,105.0,1.0,49.0,1.0,0.027,1.0,0.003,1.0,0.6,1.0,0.001,1.0,0.043,1.0,0.045,1.0,0.0,0.0,0.0,0.0,0.0,0.0,0.0,0.0
2023-04-01 00:00:00,DATAR1,2023-04-01 00:00:00,131121.0,93.0,1.0,52.0,1.0,0.014,1.0,0.003,1.0,0.6,1.0,0.002,1.0,0.056,1.0,0.058,1.0,0.0,0.0,0.0,0.0,0.0,0.0,0.0,0.0
2023-04-01 01:00:00,DATAR1,2023-04-01 01:00:00,131121.0,93.0,1.0,49.0,1.0,0.012,1.0,0.002,1.0,0.6,1.0,0.002,1.0,0.053,1.0,0.055,1.0,0.0,0.0,0.0,0.0,0.0,0.0,0.0,0.0
2023-04-01 02:00:00,DATAR1,2023-04-01 02:00:00,131121.0,101.0,1.0,48.0,1.0,0.01,1.0,0.002,1.0,0.6,1.0,0.002,1.0,0.054,1.0,0.056,1.0,0.0,0.0,0.0,0.0,0.0,0.0,0.0,0.0
2023-04-01 03:00:00,DATAR1,2023-04-01 03:00:00,131121.0,93.0,1.0,52.0,1.0,0.013,1.0,0.002,1.0,0.6,1.0,0.002,1.0,0.048,1.0,0.05,1.0,0.0,0.0,0.0,0.0,0.0,0.0,0.0,0.0
2023-04-01 04:00:00,DATAR1,2023-04-01 04:00:00,131121.0,85.0,1.0,52.0,1.0,0.013,1.0,0.002,1.0,0.6,1.0,0.002,1.0,0.045,1.0,0.046,1.0,0.0,0.0,0.0,0.0,0.0,0.0,0.0,0.0
2023-04-01 05:00:00,DATAR1,2023-04-01 05:00:00,131121.0,81.0,1.0,48.0,1.0,0.01,1.0,0.002,1.0,0.6,1.0,0.002,1.0,0.046,1.0,0.048,1.0,0.0,0.0,0.0,0.0,0.0,0.0,0.0,0.0
2023-04-01 06:00:00,DATAR1,2023-04-01 06:00:00,131121.0,78.0,1.0,51.0,1.0,0.007,1.0,0.002,1.0,0.7,1.0,0.006,1.0,0.051,1.0,0.056,1.0,0.0,0.0,0.0,0.0,0.0,0.0,0.0,0.0
2023-04-01 07:00:00,DATAR1,2023-04-01 07:00:00,131121.0,88.0,1.0,50.0,1.0,0.003,1.0,0.002,1.0,0.8,1.0,0.019,1.0,0.057,1.0,0.076,1.0,0.0,0.0,0.0,0.0,0.0,0.0,0.0,0.0
2023-04-01 08:00:00,DATAR1,2023-04-01 08:00:00,131121.0,85.0,1.0,48.0,1.0,0.013,1.0,0.002,1.0,0.7,1.0,0.009,1.0,0.044,1.0,0.054,1.0,0.0,0.0,0.0,0.0,0.0,0.0,0.0,0.0
2023-04-01 09:00:00,DATAR1,2023-04-01 09:00:00,131121.0,87.0,1.0,52.0,1.0,0.007,1.0,0.003,1.0,0.9,1.0,0.064,1.0,0.063,1.0,0.128,1.0,0.0,0.0,0.0,0.0,0.0,0.0,0.0,0.0
2023-04-01 10:00:00,DATAR1,2023-04-01 10:00:00,131121.0,86.0,1.0,55.0,1.0,0.02,1.0,0.003,1.0,0.8,1.0,0.027,1.0,0.053,1.0,0.08,1.0,0.0,0.0,0.0,0.0,0.0,0.0,0.0,0.0
2023-04-01 11:00:00,DATAR1,2023-04-01 11:00:00,131121.0,83.0,1.0,62.0,1.0,0.056,1.0,0.003,1.0,0.5,1.0,0.005,1.0,0.024,1.0,0.028,1.0,0.0,0.0,0.0,0.0,0.0,0.0,0.0,0.0
2023-04-01 12:00:00,DATAR1,2023-04-01 12:00:00,131121.0,60.0,1.0,56.0,1.0,0.07,1.0,0.003,1.0,0.5,1.0,0.002,1.0,0.017,1.0,0.019,1.0,0.0,0.0,0.0,0.0,0.0,0.0,0.0,0.0
2023-04-01 13:00:00,DATAR1,2023-04-01 13:00:00,131121.0,68.0,1.0,46.0,1.0,0.079,1.0,0.002,1.0,0.4,1.0,0.002,1.0,0.014,1.0,0.016,1.0,0.0,0.0,0.0,0.0,0.0,0.0,0.0,0.0
2023-04-01 14:00:00,DATAR1,2023-04-01 14:00:00,131121.0,68.0,1.0,39.0,1.0,0.081,1.0,0.002,1.0,0.4,1.0,0.002,1.0,0.011,1.0,0.012,1.0,0.0,0.0,0.0,0.0,0.0,0.0,0.0,0.0
2023-04-01 15:00:00,DATAR1,2023-04-01 15:00:00,131121.0,53.0,1.0,24.0,1.0,0.077,1.0,0.002,1.0,0.4,1.0,0.001,1.0,0.01,1.0,0.011,1.0,0.0,0.0,0.0,0.0,0.0,0.0,0.0,0.0
2023-04-01 16:00:00,DATAR1,2023-04-01 16:00:00,131121.0,42.0,1.0,16.0,1.0,0.077,1.0,0.002,1.0,0.4,1.0,0.001,1.0,0.009,1.0,0.01,1.0,0.0,0.0,0.0,0.0,0.0,0.0,0.0,0.0
2023-04-01 17:00:00,DATAR1,2023-04-01 17:00:00,131121.0,46.0,1.0,13.0,1.0,0.079,1.0,0.002,1.0,0.4,1.0,0.001,1.0,0.01,1.0,0.011,1.0,0.0,0.0,0.0,0.0,0.0,0.0,0.0,0.0
2023-04-01 18:00:00,DATAR1,2023-04-01 18:00:00,131121.0,57.0,1.0,17.0,1.0,0.078,1.0,0.002,1.0,0.4,1.0,0.001,1.0,0.019,1.0,0.02,1.0,0.0,0.0,0.0,0.0,0.0,0.0,0.0,0.0
2023-04-01 19:00:00,DATAR1,2023-04-01 19:00:00,131121.0,97.0,1.0,33.0,1.0,0.08,1.0,0.003,1.0,0.5,1.0,0.001,1.0,0.024,1.0,0.026,1.0,0.0,0.0,0.0,0.0,0.0,0.0,0.0,0.0
2023-04-01 20:00:00,DATAR1,2023-04-01 20:00:00,131121.0,78.0,1.0,42.0,1.0,0.068,1.0,0.003,1.0,0.6,1.0,0.001,1.0,0.027,1.0,0.029,1.0,0.0,0.0,0.0,0.0,0.0,0.0,0.0,0.0
2023-04-01 21:00:00,DATAR1,2023-04-01 21:00:00,131121.0,84.0,1.0,44.0,1.0,0.065,1.0,0.003,1.0,0.6,1.0,0.001,1.0,0.024,1.0,0.025,1.0,0.0,0.0,0.0,0.0,0.0,0.0,0.0,0.0
2023-04-01 22:00:00,DATAR1,2023-04-01 22:00:00,131121.0,91.0,1.0,49.0,1.0,0.056,1.0,0.002,1.0,0.6,1.0,0.001,1.0,0.03,1.0,0.031,1.0,0.0,0.0,0.0,0.0,0.0,0.0,0.0,0.0
2023-04-01 23:00:00,DATAR1,2023-04-01 23:00:00,131121.0,95.0,1.0,52.0,1.0,0.036,1.0,0.002,1.0,0.7,1.0,0.001,1.0,0.046,1.0,0.048,1.0,0.0,0.0,0.0,0.0,0.0,0.0,0.0,0.0
2023-04-02 00:00:00,DATAR1,2023-04-02 00:00:00,131121.0,84.0,1.0,60.0,1.0,0.047,1.0,0.002,1.0,0.6,1.0,0.001,1.0,0.029,1.0,0.03,1.0,0.0,0.0,0.0,0.0,0.0,0.0,0.0,0.0
2023-04-02 01:00:00,DATAR1,2023-04-02 01:00:00,131121.0,68.0,1.0,63.0,1.0,0.055,1.0,0.002,1.0,0.5,1.0,0.001,1.0,0.016,1.0,0.018,1.0,0.0,0.0,0.0,0.0,0.0,0.0,0.0,0.0
2023-04-02 02:00:00,DATAR1,2023-04-02 02:00:00,131121.0,57.0,1.0,48.0,1.0,0.055,1.0,0.002,1.0,0.4,1.0,0.001,1.0,0.009,1.0,0.01,1.0,0.0,0.0,0.0,0.0,0.0,0.0,0.0,0.0
2023-04-02 03:00:00,DATAR1,2023-04-02 03:00:00,131121.0,40.0,1.0,33.0,1.0,0.047,1.0,0.002,1.0,0.3,1.0,0.001,1.0,0.011,1.0,0.012,1.0,0.0,0.0,0.0,0.0,0.0,0.0,0.0,0.0
2023-04-02 04:00:00,DATAR1,2023-04-02 04:00:00,131121.0,40.0,1.0,27.0,1.0,0.048,1.0,0.002,1.0,0.3,1.0,0.001,1.0,0.008,1.0,0.009,1.0,0.0,0.0,0.0,0.0,0.0,0.0,0.0,0.0
2023-04-02 05:00:00,DATAR1,2023-04-02 05:00:00,131121.0,30.0,1.0,22.0,1.0,0.048,1.0,0.002,1.0,0.4,1.0,0.001,1.0,0.006,1.0,0.007,1.0,0.0,0.0,0.0,0.0,0.0,0.0,0.0,0.0
2023-04-02 06:00:00,DATAR1,2023-04-02 06:00:00,131121.0,30.0,1.0,21.0,1.0,0.047,1.0,0.002,1.0,0.4,1.0,0.001,1.0,0.008,1.0,0.008,1.0,0.0,0.0,0.0,0.0,0.0,0.0,0.0,0.0
2023-04-02 07:00:00,DATAR1,2023-04-02 07:00:00,131121.0,32.0,1.0,20.0,1.0,0.036,1.0,0.002,1.0,0.4,1.0,0.001,1.0,0.014,1.0,0.016,1.0,0.0,0.0,0.0,0.0,0.0,0.0,0.0,0.0
2023-04-02 08:00:00,DATAR1,2023-04-02 08:00:00,131121.0,28.0,1.0,18.0,1.0,0.031,1.0,0.002,1.0,0.5,1.0,0.002,1.0,0.021,1.0,0.023,1.0,0.0,0.0,0.0,0.0,0.0,0.0,0.0,0.0
2023-04-02 09:00:00,DATAR1,2023-04-02 09:00:00,131121.0,21.0,1.0,18.0,1.0,0.047,1.0,0.002,1.0,0.4,1.0,0.002,1.0,0.008,1.0,0.01,1.0,0.0,0.0,0.0,0.0,0.0,0.0,0.0,0.0
2023-04-02 10:00:00,DATAR1,2023-04-02 10:00:00,131121.0,20.0,1.0,16.0,1.0,0.052,1.0,0.002,1.0,0.4,1.0,0.001,1.0,0.005,1.0,0.006,1.0,0.0,0.0,0.0,0.0,0.0,0.0,0.0,0.0
2023-04-02 11:00:00,DATAR1,2023-04-02 11:00:00,131121.0,29.0,1.0,16.0,1.0,0.051,1.0,0.001,1.0,0.3,1.0,0.001,1.0,0.005,1.0,0.006,1.0,0.0,0.0,0.0,0.0,0.0,0.0,0.0,0.0
2023-04-02 12:00:00,DATAR1,2023-04-02 12:00:00,131121.0,27.0,1.0,13.0,1.0,0.055,1.0,0.001,1.0,0.3,1.0,0.001,1.0,0.004,1.0,0.005,1.0,0.0,0.0,0.0,0.0,0.0,0.0,0.0,0.0
2023-04-02 13:00:00,DATAR1,2023-04-02 13:00:00,131121.0,35.0,1.0,16.0,1.0,0.058,1.0,0.001,1.0,0.3,1.0,0.001,1.0,0.004,1.0,0.006,1.0,0.0,0.0,0.0,0.0,0.0,0.0,0.0,0.0
2023-04-02 14:00:00,DATAR1,2023-04-02 14:00:00,131121.0,30.0,1.0,17.0,1.0,0.06,1.0,0.001,1.0,0.3,1.0,0.001,1.0,0.004,1.0,0.006,1.0,0.0,0.0,0.0,0.0,0.0,0.0,0.0,0.0
2023-04-02 15:00:00,DATAR1,2023-04-02 15:00:00,131121.0,38.0,1.0,19.0,1.0,0.061,1.0,0.001,1.0,0.4,1.0,0.001,1.0,0.004,1.0,0.005,1.0,0.0,0.0,0.0,0.0,0.0,0.0,0.0,0.0
2023-04-02 16:00:00,DATAR1,2023-04-02 16:00:00,131121.0,46.0,1.0,24.0,1.0,0.061,1.0,0.002,1.0,0.4,1.0,0.001,1.0,0.004,1.0,0.005,1.0,0.0,0.0,0.0,0.0,0.0,0.0,0.0,0.0
2023-04-02 17:00:00,DATAR1,2023-04-02 17:00:00,131121.0,50.0,1.0,26.0,1.0,0.064,1.0,0.002,1.0,0.4,1.0,0.001,1.0,0.004,1.0,0.005,1.0,0.0,0.0,0.0,0.0,0.0,0.0,0.0,0.0
2023-04-02 18:00:00,DATAR1,2023-04-02 18:00:00,131121.0,47.0,1.0,26.0,1.0,0.064,1.0,0.002,1.0,0.3,1.0,0.001,1.0,0.005,1.0,0.006,1.0,0.0,0.0,0.0,0.0,0.0,0.0,0.0,0.0
2023-04-02 19:00:00,DATAR1,2023-04-02 19:00:00,131121.0,48.0,1.0,26.0,1.0,0.062,1.0,0.002,1.0,0.5,1.0,0.001,1.0,0.007,1.0,0.008,1.0,0.0,0.0,0.0,0.0,0.0,0.0,0.0,0.0
2023-04-02 20:00:00,DATAR1,2023-04-02 20:00:00,131121.0,40.0,1.0,27.0,1.0,0.054,1.0,0.002,1.0,0.5,1.0,0.001,1.0,0.012,1.0,0.013,1.0,0.0,0.0,0.0,0.0,0.0,0.0,0.0,0.0
2023-04-02 21:00:00,DATAR1,2023-04-02 21:00:00,131121.0,46.0,1.0,32.0,1.0,0.057,1.0,0.002,1.0,0.4,1.0,0.001,1.0,0.008,1.0,0.009,1.0,0.0,0.0,0.0,0.0,0.0,0.0,0.0,0.0
2023-04-02 22:00:00,DATAR1,2023-04-02 22:00:00,131121.0,38.0,1.0,30.0,1.0,0.055,1.0,0.002,1.0,0.3,1.0,0.001,1.0,0.008,1.0,0.009,1.0,0.0,0.0,0.0,0.0,0.0,0.0,0.0,0.0
2023-04-02 23:00:00,DATAR1,2023-04-02 23:00:00,131121.0,41.0,1.0,30.0,1.0,0.053,1.0,0.002,1.0,0.4,1.0,0.001,1.0,0.008,1.0,0.009,1.0,0.0,0.0,0.0,0.0,0.0,0.0,0.0,0.0
2023-04-03 00:00:00,DATAR1,2023-04-03 00:00:00,131121.0,45.0,1.0,30.0,1.0,0.05,1.0,0.002,1.0,0.4,1.0,0.001,1.0,0.007,1.0,0.008,1.0,0.0,0.0,0.0,0.0,0.0,0.0,0.0,0.0
2023-04-03 01:00:00,DATAR1,2023-04-03 01:00:00,131121.0,38.0,1.0,27.0,1.0,0.051,1.0,0.002,1.0,0.5,1.0,0.001,1.0,0.007,1.0,0.008,1.0,0.0,0.0,0.0,0.0,0.0,0.0,0.0,0.0
2023-04-03 02:00:00,DATAR1,2023-04-03 02:00:00,131121.0,47.0,1.0,31.0,1.0,0.049,1.0,0.002,1.0,0.5,1.0,0.001,1.0,0.007,1.0,0.008,1.0,0.0,0.0,0.0,0.0,0.0,0.0,0.0,0.0
2023-04-03 03:00:00,DATAR1,2023-04-03 03:00:00,131121.0,40.0,1.0,30.0,1.0,0.045,1.0,0.002,1.0,0.4,1.0,0.001,1.0,0.008,1.0,0.009,1.0,0.0,0.0,0.0,0.0,0.0,0.0,0.0,0.0
2023-04-03 04:00:00,DATAR1,2023-04-03 04:00:00,131121.0,42.0,1.0,31.0,1.0,0.044,1.0,0.002,1.0,0.4,1.0,0.001,1.0,0.008,1.0,0.009,1.0,0.0,0.0,0.0,0.0,0.0,0.0,0.0,0.0
2023-04-03 05:00:00,DATAR1,2023-04-03 05:00:00,131121.0,40.0,1.0,31.0,1.0,0.042,1.0,0.002,1.0,0.5,1.0,0.001,1.0,0.009,1.0,0.01,1.0,0.0,0.0,0.0,0.0,0.0,0.0,0.0,0.0
2023-04-03 06:00:00,DATAR1,2023-04-03 06:00:00,131121.0,44.0,1.0,31.0,1.0,0.021,1.0,0.002,1.0,0.6,1.0,0.011,1.0,0.034,1.0,0.045,1.0,0.0,0.0,0.0,0.0,0.0,0.0,0.0,0.0
2023-04-03 07:00:00,DATAR1,2023-04-03 07:00:00,131121.0,52.0,1.0,32.0,1.0,0.002,1.0,0.002,1.0,0.5,1.0,0.035,1.0,0.06,1.0,0.095,1.0,0.0,0.0,0.0,0.0,0.0,0.0,0.0,0.0
2023-04-03 08:00:00,DATAR1,2023-04-03 08:00:00,131121.0,53.0,1.0,31.0,1.0,0.004,1.0,0.002,1.0,0.6,1.0,0.05,1.0,0.06,1.0,0.11,1.0,0.0,0.0,0.0,0.0,0.0,0.0,0.0,0.0
2023-04-03 09:00:00,DATAR1,2023-04-03 09:00:00,131121.0,53.0,1.0,33.0,1.0,0.008,1.0,0.003,1.0,0.5,1.0,0.05,1.0,0.059,1.0,0.109,1.0,0.0,0.0,0.0,0.0,0.0,0.0,0.0,0.0
2023-04-03 10:00:00,DATAR1,2023-04-03 10:00:00,131121.0,52.0,1.0,36.0,1.0,0.028,1.0,0.002,1.0,0.4,1.0,0.018,1.0,0.035,1.0,0.053,1.0,0.0,0.0,0.0,0.0,0.0,0.0,0.0,0.0
2023-04-03 11:00:00,DATAR1,2023-04-03 11:00:00,131121.0,39.0,1.0,31.0,1.0,0.056,1.0,0.002,1.0,0.3,1.0,0.002,1.0,0.007,1.0,0.009,1.0,0.0,0.0,0.0,0.0,0.0,0.0,0.0,0.0
2023-04-03 12:00:00,DATAR1,2023-04-03 12:00:00,131121.0,45.0,1.0,29.0,1.0,0.063,1.0,0.002,1.0,0.3,1.0,0.001,1.0,0.004,1.0,0.006,1.0,0.0,0.0,0.0,0.0,0.0,0.0,0.0,0.0
2023-04-03 13:00:00,DATAR1,2023-04-03 13:00:00,131121.0,52.0,1.0,25.0,1.0,0.067,1.0,0.002,1.0,0.4,1.0,0.001,1.0,0.005,1.0,0.006,1.0,0.0,0.0,0.0,0.0,0.0,0.0,0.0,0.0
2023-04-03 14:00:00,DATAR1,2023-04-03 14:00:00,131121.0,56.0,1.0,29.0,1.0,0.069,1.0,0.002,1.0,0.4,1.0,0.001,1.0,0.006,1.0,0.007,1.0,0.0,0.0,0.0,0.0,0.0,0.0,0.0,0.0
2023-04-03 15:00:00,DATAR1,2023-04-03 15:00:00,131121.0,52.0,1.0,31.0,1.0,0.071,1.0,0.002,1.0,0.4,1.0,0.001,1.0,0.006,1.0,0.008,1.0,0.0,0.0,0.0,0.0,0.0,0.0,0.0,0.0
2023-04-03 16:00:00,DATAR1,2023-04-03 16:00:00,131121.0,55.0,1.0,29.0,1.0,0.072,1.0,0.002,1.0,0.4,1.0,0.001,1.0,0.007,1.0,0.008,1.0,0.0,0.0,0.0,0.0,0.0,0.0,0.0,0.0
2023-04-03 17:00:00,DATAR1,2023-04-03 17:00:00,131121.0,61.0,1.0,32.0,1.0,0.072,1.0,0.002,1.0,0.4,1.0,0.001,1.0,0.007,1.0,0.008,1.0,0.0,0.0,0.0,0.0,0.0,0.0,0.0,0.0
2023-04-03 18:00:00,DATAR1,2023-04-03 18:00:00,131121.0,50.0,1.0,34.0,1.0,0.067,1.0,0.002,1.0,0.3,1.0,0.001,1.0,0.008,1.0,0.01,1.0,0.0,0.0,0.0,0.0,0.0,0.0,0.0,0.0
2023-04-03 19:00:00,DATAR1,2023-04-03 19:00:00,131121.0,49.0,1.0,31.0,1.0,0.061,1.0,0.002,1.0,0.4,1.0,0.001,1.0,0.013,1.0,0.014,1.0,0.0,0.0,0.0,0.0,0.0,0.0,0.0,0.0
2023-04-03 20:00:00,DATAR1,2023-04-03 20:00:00,131121.0,51.0,1.0,30.0,1.0,0.05,1.0,0.002,1.0,0.4,1.0,0.001,1.0,0.019,1.0,0.02,1.0,0.0,0.0,0.0,0.0,0.0,0.0,0.0,0.0
2023-04-03 21:00:00,DATAR1,2023-04-03 21:00:00,131121.0,58.0,1.0,25.0,1.0,0.052,1.0,0.002,1.0,0.3,1.0,0.001,1.0,0.01,1.0,0.011,1.0,0.0,0.0,0.0,0.0,0.0,0.0,0.0,0.0
2023-04-03 22:00:00,DATAR1,2023-04-03 22:00:00,131121.0,33.0,1.0,20.0,1.0,0.053,1.0,0.002,1.0,0.3,1.0,0.001,1.0,0.006,1.0,0.007,1.0,0.0,0.0,0.0,0.0,0.0,0.0,0.0,0.0
2023-04-03 23:00:00,DATAR1,2023-04-03 23:00:00,131121.0,41.0,1.0,20.0,1.0,0.05,1.0,0.002,1.0,0.3,1.0,0.001,1.0,0.006,1.0,0.007,1.0,0.0,0.0,0.0,0.0,0.0,0.0,0.0,0.0
2023-04-04 00:00:00,DATAR1,2023-04-04 00:00:00,131121.0,40.0,1.0,26.0,1.0,0.049,1.0,0.002,1.0,0.4,1.0,0.001,1.0,0.007,1.0,0.008,1.0,0.0,0.0,0.0,0.0,0.0,0.0,0.0,0.0
2023-04-04 01:00:00,DATAR1,2023-04-04 01:00:00,131121.0,36.0,1.0,19.0,1.0,0.052,1.0,0.002,1.0,0.4,1.0,0.001,1.0,0.006,1.0,0.007,1.0,0.0,0.0,0.0,0.0,0.0,0.0,0.0,0.0
2023-04-04 02:00:00,DATAR1,2023-04-04 02:00:00,131121.0,49.0,1.0,21.0,1.0,0.054,1.0,0.002,1.0,0.4,1.0,0.001,1.0,0.004,1.0,0.005,1.0,0.0,0.0,0.0,0.0,0.0,0.0,0.0,0.0
2023-04-04 03:00:00,DATAR1,2023-04-04 03:00:00,131121.0,36.0,1.0,24.0,1.0,0.055,1.0,0.002,1.0,0.4,1.0,0.001,1.0,0.003,1.0,0.004,1.0,0.0,0.0,0.0,0.0,0.0,0.0,0.0,0.0
2023-04-04 04:00:00,DATAR1,2023-04-04 04:00:00,131121.0,32.0,1.0,22.0,1.0,0.055,1.0,0.002,1.0,0.4,1.0,0.001,1.0,0.002,1.0,0.003,1.0,0.0,0.0,0.0,0.0,0.0,0.0,0.0,0.0
2023-04-04 05:00:00,DATAR1,2023-04-04 05:00:00,131121.0,23.0,1.0,16.0,1.0,0.053,1.0,0.002,1.0,0.3,1.0,0.001,1.0,0.004,1.0,0.005,1.0,0.0,0.0,0.0,0.0,0.0,0.0,0.0,0.0
2023-04-04 06:00:00,DATAR1,2023-04-04 06:00:00,131121.0,28.0,1.0,16.0,1.0,0.048,1.0,0.002,1.0,0.3,1.0,0.001,1.0,0.009,1.0,0.01,1.0,0.0,0.0,0.0,0.0,0.0,0.0,0.0,0.0
2023-04-04 07:00:00,DATAR1,2023-04-04 07:00:00,131121.0,30.0,1.0,18.0,1.0,0.045,1.0,0.002,1.0,0.3,1.0,0.001,1.0,0.012,1.0,0.013,1.0,0.0,0.0,0.0,0.0,0.0,0.0,0.0,0.0
2023-04-04 08:00:00,DATAR1,2023-04-04 08:00:00,131121.0,31.0,1.0,18.0,1.0,0.044,1.0,0.002,1.0,0.3,1.0,0.001,1.0,0.013,1.0,0.014,1.0,0.0,0.0,0.0,0.0,0.0,0.0,0.0,0.0
2023-04-04 09:00:00,DATAR1,2023-04-04 09:00:00,131121.0,26.0,1.0,22.0,1.0,0.047,1.0,0.002,1.0,0.3,1.0,0.002,1.0,0.011,1.0,0.013,1.0,0.0,0.0,0.0,0.0,0.0,0.0,0.0,0.0
2023-04-04 10:00:00,DATAR1,2023-04-04 10:00:00,131121.0,21.0,1.0,21.0,1.0,0.05,1.0,0.002,1.0,0.3,1.0,0.002,1.0,0.009,1.0,0.011,1.0,0.0,0.0,0.0,0.0,0.0,0.0,0.0,0.0
2023-04-04 11:00:00,DATAR1,2023-04-04 11:00:00,131121.0,26.0,1.0,19.0,1.0,0.051,1.0,0.002,1.0,0.3,1.0,0.002,1.0,0.008,1.0,0.01,1.0,0.0,0.0,0.0,0.0,0.0,0.0,0.0,0.0
2023-04-04 12:00:00,DATAR1,2023-04-04 12:00:00,131121.0,19.0,1.0,15.0,1.0,0.05,1.0,0.002,1.0,0.3,1.0,0.002,1.0,0.009,1.0,0.011,1.0,0.0,0.0,0.0,0.0,0.0,0.0,0.0,0.0
2023-04-04 13:00:00,DATAR1,2023-04-04 13:00:00,131121.0,26.0,1.0,11.0,1.0,0.051,1.0,0.002,1.0,0.3,1.0,0.002,1.0,0.009,1.0,0.011,1.0,0.0,0.0,0.0,0.0,0.0,0.0,0.0,0.0
2023-04-04 14:00:00,DATAR1,2023-04-04 14:00:00,131121.0,29.0,1.0,13.0,1.0,0.052,1.0,0.002,1.0,0.4,1.0,0.002,1.0,0.009,1.0,0.01,1.0,0.0,0.0,0.0,0.0,0.0,0.0,0.0,0.0
2023-04-04 15:00:00,DATAR1,2023-04-04 15:00:00,131121.0,25.0,1.0,12.0,1.0,0.053,1.0,0.002,1.0,0.3,1.0,0.002,1.0,0.007,1.0,0.009,1.0,0.0,0.0,0.0,0.0,0.0,0.0,0.0,0.0
2023-04-04 16:00:00,DATAR1,2023-04-04 16:00:00,131121.0,30.0,1.0,12.0,1.0,0.052,1.0,0.002,1.0,0.3,1.0,0.001,1.0,0.01,1.0,0.011,1.0,0.0,0.0,0.0,0.0,0.0,0.0,0.0,0.0
2023-04-04 17:00:00,DATAR1,2023-04-04 17:00:00,131121.0,29.0,1.0,10.0,1.0,0.05,1.0,0.002,1.0,0.4,1.0,0.001,1.0,0.012,1.0,0.013,1.0,0.0,0.0,0.0,0.0,0.0,0.0,0.0,0.0
2023-04-04 18:00:00,DATAR1,2023-04-04 18:00:00,131121.0,28.0,1.0,11.0,1.0,0.051,1.0,0.002,1.0,0.5,1.0,0.001,1.0,0.011,1.0,0.012,1.0,0.0,0.0,0.0,0.0,0.0,0.0,0.0,0.0
2023-04-04 19:00:00,DATAR1,2023-04-04 19:00:00,131121.0,30.0,1.0,12.0,1.0,0.049,1.0,0.002,1.0,0.4,1.0,0.001,1.0,0.009,1.0,0.011,1.0,0.0,0.0,0.0,0.0,0.0,0.0,0.0,0.0
2023-04-04 20:00:00,DATAR1,2023-04-04 20:00:00,131121.0,46.0,1.0,15.0,1.0,0.043,1.0,0.002,1.0,0.5,1.0,0.001,1.0,0.01,1.0,0.011,1.0,0.0,0.0,0.0,0.0,0.0,0.0,0.0,0.0
2023-04-04 21:00:00,DATAR1,2023-04-04 21:00:00,131121.0,100.0,1.0,14.0,1.0,0.038,1.0,0.002,1.0,0.5,1.0,0.001,1.0,0.01,1.0,0.011,1.0,0.0,0.0,0.0,0.0,0.0,0.0,0.0,0.0
2023-04-04 22:00:00,DATAR1,2023-04-04 22:00:00,131121.0,42.0,1.0,16.0,1.0,0.035,1.0,0.002,1.0,0.5,1.0,0.001,1.0,0.01,1.0,0.011,1.0,0.0,0.0,0.0,0.0,0.0,0.0,0.0,0.0
2023-04-04 23:00:00,DATAR1,2023-04-04 23:00:00,131121.0,24.0,1.0,10.0,1.0,0.042,1.0,0.001,1.0,0.4,1.0,0.001,1.0,0.005,1.0,0.006,1.0,0.0,0.0,0.0,0.0,0.0,0.0,0.0,0.0
2023-04-05 00:00:00,DATAR1,2023-04-05 00:00:00,131121.0,14.0,1.0,6.0,1.0,0.046,1.0,0.001,1.0,0.4,1.0,0.001,1.0,0.003,1.0,0.004,1.0,0.0,0.0,0.0,0.0,0.0,0.0,0.0,0.0
2023-04-05 01:00:00,DATAR1,2023-04-05 01:00:00,131121.0,15.0,1.0,7.0,1.0,0.046,1.0,0.001,1.0,0.3,1.0,0.001,1.0,0.002,1.0,0.003,1.0,0.0,0.0,0.0,0.0,0.0,0.0,0.0,0.0
2023-04-05 02:00:00,DATAR1,2023-04-05 02:00:00,131121.0,13.0,1.0,13.0,1.0,0.045,1.0,0.001,1.0,0.3,1.0,0.001,1.0,0.002,1.0,0.003,1.0,0.0,0.0,0.0,0.0,0.0,0.0,0.0,0.0
2023-04-05 03:00:00,DATAR1,2023-04-05 03:00:00,131121.0,14.0,1.0,11.0,1.0,0.044,1.0,0.001,1.0,0.3,1.0,0.001,1.0,0.002,1.0,0.003,1.0,0.0,0.0,0.0,0.0,0.0,0.0,0.0,0.0
2023-04-05 04:00:00,DATAR1,2023-04-05 04:00:00,131121.0,13.0,1.0,10.0,1.0,0.042,1.0,0.001,1.0,0.3,1.0,0.001,1.0,0.002,1.0,0.003,1.0,0.0,0.0,0.0,0.0,0.0,0.0,0.0,0.0
2023-04-05 05:00:00,DATAR1,2023-04-05 05:00:00,131121.0,11.0,1.0,7.0,1.0,0.041,1.0,0.001,1.0,0.3,1.0,0.001,1.0,0.002,1.0,0.004,1.0,0.0,0.0,0.0,0.0,0.0,0.0,0.0,0.0
2023-04-05 06:00:00,DATAR1,2023-04-05 06:00:00,131121.0,2.0,1.0,4.0,1.0,0.04,1.0,0.001,1.0,0.3,1.0,0.001,1.0,0.003,1.0,0.004,1.0,0.0,0.0,0.0,0.0,0.0,0.0,0.0,0.0
2023-04-05 07:00:00,DATAR1,2023-04-05 07:00:00,131121.0,10.0,1.0,6.0,1.0,0.038,1.0,0.001,1.0,0.3,1.0,0.001,1.0,0.004,1.0,0.005,1.0,0.0,0.0,0.0,0.0,0.0,0.0,0.0,0.0
2023-04-05 08:00:00,DATAR1,2023-04-05 08:00:00,131121.0,10.0,1.0,7.0,1.0,0.036,1.0,0.001,1.0,0.4,1.0,0.001,1.0,0.006,1.0,0.007,1.0,0.0,0.0,0.0,0.0,0.0,0.0,0.0,0.0
2023-04-05 09:00:00,DATAR1,2023-04-05 09:00:00,131121.0,2.0,1.0,7.0,1.0,0.035,1.0,0.001,1.0,0.4,1.0,0.001,1.0,0.007,1.0,0.009,1.0,0.0,0.0,0.0,0.0,0.0,0.0,0.0,0.0
2023-04-05 10:00:00,DATAR1,2023-04-05 10:00:00,131121.0,7.0,1.0,6.0,1.0,0.033,1.0,0.001,1.0,0.4,1.0,0.002,1.0,0.008,1.0,0.01,1.0,0.0,0.0,0.0,0.0,0.0,0.0,0.0,0.0
2023-04-05 11:00:00,DATAR1,2023-04-05 11:00:00,131121.0,9.0,1.0,4.0,1.0,0.032,1.0,0.001,1.0,0.3,1.0,0.002,1.0,0.009,1.0,0.011,1.0,0.0,0.0,0.0,0.0,0.0,0.0,0.0,0.0
2023-04-05 12:00:00,DATAR1,2023-04-05 12:00:00,131121.0,7.0,1.0,6.0,1.0,0.031,1.0,0.001,1.0,0.3,1.0,0.002,1.0,0.009,1.0,0.011,1.0,0.0,0.0,0.0,0.0,0.0,0.0,0.0,0.0
2023-04-05 13:00:00,DATAR1,2023-04-05 13:00:00,131121.0,8.0,1.0,6.0,1.0,0.028,1.0,0.001,1.0,0.3,1.0,0.002,1.0,0.012,1.0,0.014,1.0,0.0,0.0,0.0,0.0,0.0,0.0,0.0,0.0
2023-04-05 14:00:00,DATAR1,2023-04-05 14:00:00,131121.0,10.0,1.0,6.0,1.0,0.025,1.0,0.001,1.0,0.4,1.0,0.002,1.0,0.016,1.0,0.018,1.0,0.0,0.0,0.0,0.0,0.0,0.0,0.0,0.0
2023-04-05 15:00:00,DATAR1,2023-04-05 15:00:00,131121.0,5.0,1.0,5.0,1.0,0.022,1.0,0.001,1.0,0.5,1.0,0.003,1.0,0.019,1.0,0.022,1.0,0.0,0.0,0.0,0.0,0.0,0.0,0.0,0.0
2023-04-05 16:00:00,DATAR1,2023-04-05 16:00:00,131121.0,4.0,1.0,3.0,1.0,0.027,1.0,0.001,1.0,0.5,1.0,0.002,1.0,0.013,1.0,0.015,1.0,0.0,0.0,0.0,0.0,0.0,0.0,0.0,0.0
2023-04-05 17:00:00,DATAR1,2023-04-05 17:00:00,131121.0,13.0,1.0,6.0,1.0,0.025,1.0,0.001,1.0,0.5,1.0,0.002,1.0,0.012,1.0,0.014,1.0,0.0,0.0,0.0,0.0,0.0,0.0,0.0,0.0
2023-04-05 18:00:00,DATAR1,2023-04-05 18:00:00,131121.0,16.0,1.0,7.0,1.0,0.026,1.0,0.001,1.0,0.5,1.0,0.002,1.0,0.016,1.0,0.018,1.0,0.0,0.0,0.0,0.0,0.0,0.0,0.0,0.0
2023-04-05 19:00:00,DATAR1,2023-04-05 19:00:00,131121.0,31.0,1.0,15.0,1.0,0.034,1.0,0.001,1.0,0.6,1.0,0.002,1.0,0.015,1.0,0.016,1.0,0.0,0.0,0.0,0.0,0.0,0.0,0.0,0.0
2023-04-05 20:00:00,DATAR1,2023-04-05 20:00:00,131121.0,40.0,1.0,24.0,1.0,0.031,1.0,0.001,1.0,0.7,1.0,0.002,1.0,0.016,1.0,0.018,1.0,0.0,0.0,0.0,0.0,0.0,0.0,0.0,0.0
2023-04-05 21:00:00,DATAR1,2023-04-05 21:00:00,131121.0,21.0,1.0,27.0,1.0,0.032,1.0,0.001,1.0,0.6,1.0,0.001,1.0,0.015,1.0,0.016,1.0,0.0,0.0,0.0,0.0,0.0,0.0,0.0,0.0
2023-04-05 22:00:00,DATAR1,2023-04-05 22:00:00,131121.0,22.0,1.0,24.0,1.0,0.041,1.0,0.001,1.0,0.6,1.0,0.001,1.0,0.008,1.0,0.01,1.0,0.0,0.0,0.0,0.0,0.0,0.0,0.0,0.0
2023-04-05 23:00:00,DATAR1,2023-04-05 23:00:00,131121.0,18.0,1.0,20.0,1.0,0.039,1.0,0.001,1.0,0.5,1.0,0.001,1.0,0.01,1.0,0.011,1.0,0.0,0.0,0.0,0.0,0.0,0.0,0.0,0.0
2023-04-06 00:00:00,DATAR1,2023-04-06 00:00:00,131121.0,14.0,1.0,16.0,1.0,0.042,1.0,0.001,1.0,0.4,1.0,0.001,1.0,0.007,1.0,0.008,1.0,0.0,0.0,0.0,0.0,0.0,0.0,0.0,0.0
2023-04-06 01:00:00,DATAR1,2023-04-06 01:00:00,131121.0,20.0,1.0,18.0,1.0,0.042,1.0,0.001,1.0,0.4,1.0,0.001,1.0,0.006,1.0,0.007,1.0,0.0,0.0,0.0,0.0,0.0,0.0,0.0,0.0
2023-04-06 02:00:00,DATAR1,2023-04-06 02:00:00,131121.0,19.0,1.0,18.0,1.0,0.04,1.0,0.001,1.0,0.4,1.0,0.001,1.0,0.006,1.0,0.007,1.0,0.0,0.0,0.0,0.0,0.0,0.0,0.0,0.0
2023-04-06 03:00:00,DATAR1,2023-04-06 03:00:00,131121.0,17.0,1.0,17.0,1.0,0.04,1.0,0.001,1.0,0.5,1.0,0.001,1.0,0.005,1.0,0.006,1.0,0.0,0.0,0.0,0.0,0.0,0.0,0.0,0.0
2023-04-06 04:00:00,DATAR1,2023-04-06 04:00:00,131121.0,14.0,1.0,14.0,1.0,0.039,1.0,0.001,1.0,0.5,1.0,0.001,1.0,0.005,1.0,0.006,1.0,0.0,0.0,0.0,0.0,0.0,0.0,0.0,0.0
2023-04-06 05:00:00,DATAR1,2023-04-06 05:00:00,131121.0,9.0,1.0,11.0,1.0,0.036,1.0,0.001,1.0,0.5,1.0,0.001,1.0,0.007,1.0,0.008,1.0,0.0,0.0,0.0,0.0,0.0,0.0,0.0,0.0
2023-04-06 06:00:00,DATAR1,2023-04-06 06:00:00,131121.0,10.0,1.0,8.0,1.0,0.031,1.0,0.001,1.0,0.5,1.0,0.001,1.0,0.011,1.0,0.013,1.0,0.0,0.0,0.0,0.0,0.0,0.0,0.0,0.0
2023-04-06 07:00:00,DATAR1,2023-04-06 07:00:00,131121.0,9.0,1.0,8.0,1.0,0.027,1.0,0.001,1.0,0.6,1.0,0.002,1.0,0.015,1.0,0.017,1.0,0.0,0.0,0.0,0.0,0.0,0.0,0.0,0.0
2023-04-06 08:00:00,DATAR1,2023-04-06 08:00:00,131121.0,22.0,1.0,11.0,1.0,0.025,1.0,0.001,1.0,0.7,1.0,0.006,1.0,0.02,1.0,0.026,1.0,0.0,0.0,0.0,0.0,0.0,0.0,0.0,0.0
2023-04-06 09:00:00,DATAR1,2023-04-06 09:00:00,131121.0,25.0,1.0,18.0,1.0,0.023,1.0,0.001,1.0,0.8,1.0,0.005,1.0,0.02,1.0,0.024,1.0,0.0,0.0,0.0,0.0,0.0,0.0,0.0,0.0
2023-04-06 10:00:00,DATAR1,2023-04-06 10:00:00,131121.0,42.0,1.0,28.0,1.0,0.021,1.0,0.001,1.0,0.8,1.0,0.002,1.0,0.02,1.0,0.022,1.0,0.0,0.0,0.0,0.0,0.0,0.0,0.0,0.0
2023-04-06 11:00:00,DATAR1,2023-04-06 11:00:00,131121.0,54.0,1.0,39.0,1.0,0.02,1.0,0.001,1.0,0.8,1.0,0.003,1.0,0.02,1.0,0.022,1.0,0.0,0.0,0.0,0.0,0.0,0.0,0.0,0.0
2023-04-06 12:00:00,DATAR1,2023-04-06 12:00:00,131121.0,58.0,1.0,47.0,1.0,0.02,1.0,0.001,1.0,0.8,1.0,0.003,1.0,0.02,1.0,0.023,1.0,0.0,0.0,0.0,0.0,0.0,0.0,0.0,0.0
2023-04-06 13:00:00,DATAR1,2023-04-06 13:00:00,131121.0,34.0,1.0,42.0,1.0,0.019,1.0,0.001,1.0,0.7,1.0,0.004,1.0,0.02,1.0,0.024,1.0,0.0,0.0,0.0,0.0,0.0,0.0,0.0,0.0
2023-04-06 14:00:00,DATAR1,2023-04-06 14:00:00,131121.0,12.0,1.0,,2.0,0.021,1.0,0.001,1.0,0.6,1.0,0.004,1.0,0.019,1.0,0.022,1.0,0.0,0.0,0.0,0.0,0.0,0.0,0.0,0.0
2023-04-06 15:00:00,DATAR1,2023-04-06 15:00:00,131121.0,18.0,1.0,15.0,1.0,0.027,1.0,0.001,1.0,0.7,1.0,0.003,1.0,0.016,1.0,0.019,1.0,0.0,0.0,0.0,0.0,0.0,0.0,0.0,0.0
2023-04-06 16:00:00,DATAR1,2023-04-06 16:00:00,131121.0,52.0,1.0,28.0,1.0,0.028,1.0,0.001,1.0,0.7,1.0,0.003,1.0,0.017,1.0,0.02,1.0,0.0,0.0,0.0,0.0,0.0,0.0,0.0,0.0
2023-04-06 17:00:00,DATAR1,2023-04-06 17:00:00,131121.0,69.0,1.0,51.0,1.0,0.03,1.0,0.001,1.0,0.7,1.0,0.002,1.0,0.018,1.0,0.019,1.0,0.0,0.0,0.0,0.0,0.0,0.0,0.0,0.0
2023-04-06 18:00:00,DATAR1,2023-04-06 18:00:00,131121.0,80.0,1.0,59.0,1.0,0.031,1.0,0.001,1.0,0.8,1.0,0.002,1.0,0.024,1.0,0.026,1.0,0.0,0.0,0.0,0.0,0.0,0.0,0.0,0.0
2023-04-06 19:00:00,DATAR1,2023-04-06 19:00:00,131121.0,110.0,1.0,81.0,1.0,0.031,1.0,0.001,1.0,0.8,1.0,0.002,1.0,0.026,1.0,0.028,1.0,0.0,0.0,0.0,0.0,0.0,0.0,0.0,0.0
2023-04-06 20:00:00,DATAR1,2023-04-06 20:00:00,131121.0,119.0,1.0,101.0,1.0,0.035,1.0,0.001,1.0,0.8,1.0,0.002,1.0,0.025,1.0,0.027,1.0,0.0,0.0,0.0,0.0,0.0,0.0,0.0,0.0
2023-04-06 21:00:00,DATAR1,2023-04-06 21:00:00,131121.0,118.0,1.0,108.0,1.0,0.042,1.0,0.001,1.0,0.8,1.0,0.001,1.0,0.02,1.0,0.021,1.0,0.0,0.0,0.0,0.0,0.0,0.0,0.0,0.0
2023-04-06 22:00:00,DATAR1,2023-04-06 22:00:00,131121.0,126.0,1.0,116.0,1.0,0.046,1.0,0.001,1.0,0.8,1.0,0.001,1.0,0.019,1.0,0.02,1.0,0.0,0.0,0.0,0.0,0.0,0.0,0.0,0.0
2023-04-06 23:00:00,DATAR1,2023-04-06 23:00:00,131121.0,153.0,1.0,125.0,1.0,0.044,1.0,0.001,1.0,0.8,1.0,0.001,1.0,0.021,1.0,0.022,1.0,0.0,0.0,0.0,0.0,0.0,0.0,0.0,0.0
2023-04-07 00:00:00,DATAR1,2023-04-07 00:00:00,131121.0,145.0,1.0,136.0,1.0,0.046,1.0,0.001,1.0,0.8,1.0,0.001,1.0,0.017,1.0,0.018,1.0,0.0,0.0,0.0,0.0,0.0,0.0,0.0,0.0
2023-04-07 01:00:00,DATAR1,2023-04-07 01:00:00,131121.0,163.0,1.0,138.0,1.0,0.043,1.0,0.001,1.0,0.9,1.0,0.001,1.0,0.02,1.0,0.021,1.0,0.0,0.0,0.0,0.0,0.0,0.0,0.0,0.0
2023-04-07 02:00:00,DATAR1,2023-04-07 02:00:00,131121.0,163.0,1.0,141.0,1.0,0.043,1.0,0.001,1.0,0.9,1.0,0.001,1.0,0.018,1.0,0.02,1.0,0.0,0.0,0.0,0.0,0.0,0.0,0.0,0.0
2023-04-07 03:00:00,DATAR1,2023-04-07 03:00:00,131121.0,156.0,1.0,138.0,1.0,0.042,1.0,0.001,1.0,0.8,1.0,0.001,1.0,0.016,1.0,0.017,1.0,0.0,0.0,0.0,0.0,0.0,0.0,0.0,0.0
2023-04-07 04:00:00,DATAR1,2023-04-07 04:00:00,131121.0,147.0,1.0,127.0,1.0,0.04,1.0,0.001,1.0,0.8,1.0,0.001,1.0,0.015,1.0,0.016,1.0,0.0,0.0,0.0,0.0,0.0,0.0,0.0,0.0
2023-04-07 05:00:00,DATAR1,2023-04-07 05:00:00,131121.0,134.0,1.0,112.0,1.0,0.034,1.0,0.001,1.0,0.7,1.0,0.001,1.0,0.017,1.0,0.018,1.0,0.0,0.0,0.0,0.0,0.0,0.0,0.0,0.0
2023-04-07 06:00:00,DATAR1,2023-04-07 06:00:00,131121.0,113.0,1.0,102.0,1.0,0.024,1.0,0.001,1.0,0.7,1.0,0.002,1.0,0.027,1.0,0.029,1.0,0.0,0.0,0.0,0.0,0.0,0.0,0.0,0.0
2023-04-07 07:00:00,DATAR1,2023-04-07 07:00:00,131121.0,91.0,1.0,88.0,1.0,0.014,1.0,0.001,1.0,0.7,1.0,0.007,1.0,0.035,1.0,0.042,1.0,0.0,0.0,0.0,0.0,0.0,0.0,0.0,0.0
2023-04-07 08:00:00,DATAR1,2023-04-07 08:00:00,131121.0,71.0,1.0,,2.0,0.019,1.0,0.001,1.0,0.6,1.0,0.006,1.0,0.026,1.0,0.032,1.0,0.0,0.0,0.0,0.0,0.0,0.0,0.0,0.0
2023-04-07 09:00:00,DATAR1,2023-04-07 09:00:00,131121.0,76.0,1.0,58.0,1.0,0.019,1.0,0.002,1.0,0.7,1.0,0.015,1.0,0.028,1.0,0.043,1.0,0.0,0.0,0.0,0.0,0.0,0.0,0.0,0.0
2023-04-07 10:00:00,DATAR1,2023-04-07 10:00:00,131121.0,66.0,1.0,51.0,1.0,0.022,1.0,0.002,1.0,0.6,1.0,0.012,1.0,0.025,1.0,0.037,1.0,0.0,0.0,0.0,0.0,0.0,0.0,0.0,0.0
2023-04-07 11:00:00,DATAR1,2023-04-07 11:00:00,131121.0,61.0,1.0,43.0,1.0,0.024,1.0,0.002,1.0,0.5,1.0,0.016,1.0,0.027,1.0,0.043,1.0,0.0,0.0,0.0,0.0,0.0,0.0,0.0,0.0
2023-04-07 12:00:00,DATAR1,2023-04-07 12:00:00,131121.0,57.0,1.0,39.0,1.0,0.029,1.0,0.002,1.0,0.5,1.0,0.013,1.0,0.024,1.0,0.036,1.0,0.0,0.0,0.0,0.0,0.0,0.0,0.0,0.0
2023-04-07 13:00:00,DATAR1,2023-04-07 13:00:00,131121.0,,3.0,,3.0,,3.0,,3.0,,3.0,,3.0,,3.0,,3.0,0.0,0.0,0.0,0.0,0.0,0.0,0.0,0.0
2023-04-07 14:00:00,DATAR1,2023-04-07 14:00:00,131121.0,,3.0,,3.0,,3.0,,3.0,,3.0,,3.0,,3.0,,3.0,0.0,0.0,0.0,0.0,0.0,0.0,0.0,0.0
2023-04-07 15:00:00,DATAR1,2023-04-07 15:00:00,131121.0,56.0,1.0,12.0,1.0,0.043,1.0,0.002,1.0,0.5,1.0,0.002,1.0,0.009,1.0,0.012,1.0,0.0,0.0,0.0,0.0,0.0,0.0,0.0,0.0
2023-04-07 16:00:00,DATAR1,2023-04-07 16:00:00,131121.0,65.0,1.0,8.0,1.0,0.046,1.0,0.002,1.0,0.4,1.0,0.003,1.0,0.01,1.0,0.013,1.0,0.0,0.0,0.0,0.0,0.0,0.0,0.0,0.0
2023-04-07 17:00:00,DATAR1,2023-04-07 17:00:00,131121.0,73.0,1.0,9.0,1.0,0.046,1.0,0.002,1.0,0.3,1.0,0.002,1.0,0.009,1.0,0.012,1.0,0.0,0.0,0.0,0.0,0.0,0.0,0.0,0.0
2023-04-07 18:00:00,DATAR1,2023-04-07 18:00:00,131121.0,79.0,1.0,20.0,1.0,0.04,1.0,0.002,1.0,0.4,1.0,0.003,1.0,0.011,1.0,0.014,1.0,0.0,0.0,0.0,0.0,0.0,0.0,0.0,0.0
2023-04-07 19:00:00,DATAR1,2023-04-07 19:00:00,131121.0,61.0,1.0,24.0,1.0,0.036,1.0,0.002,1.0,0.3,1.0,0.002,1.0,0.011,1.0,0.013,1.0,0.0,0.0,0.0,0.0,0.0,0.0,0.0,0.0
2023-04-07 20:00:00,DATAR1,2023-04-07 20:00:00,131121.0,29.0,1.0,14.0,1.0,0.036,1.0,0.002,1.0,0.3,1.0,0.002,1.0,0.01,1.0,0.012,1.0,0.0,0.0,0.0,0.0,0.0,0.0,0.0,0.0
2023-04-07 21:00:00,DATAR1,2023-04-07 21:00:00,131121.0,22.0,1.0,8.0,1.0,0.036,1.0,0.002,1.0,0.2,1.0,0.001,1.0,0.008,1.0,0.009,1.0,0.0,0.0,0.0,0.0,0.0,0.0,0.0,0.0
2023-04-07 22:00:00,DATAR1,2023-04-07 22:00:00,131121.0,21.0,1.0,5.0,1.0,0.036,1.0,0.002,1.0,0.2,1.0,0.001,1.0,0.008,1.0,0.009,1.0,0.0,0.0,0.0,0.0,0.0,0.0,0.0,0.0
2023-04-07 23:00:00,DATAR1,2023-04-07 23:00:00,131121.0,17.0,1.0,6.0,1.0,0.038,1.0,0.002,1.0,0.4,1.0,0.001,1.0,0.006,1.0,0.008,1.0,0.0,0.0,0.0,0.0,0.0,0.0,0.0,0.0
2023-04-08 00:00:00,DATAR1,2023-04-08 00:00:00,131121.0,22.0,1.0,5.0,1.0,0.036,1.0,0.002,1.0,0.4,1.0,0.001,1.0,0.008,1.0,0.008,1.0,0.0,0.0,0.0,0.0,0.0,0.0,0.0,0.0
2023-04-08 01:00:00,DATAR1,2023-04-08 01:00:00,131121.0,14.0,1.0,6.0,1.0,0.035,1.0,0.002,1.0,0.3,1.0,0.001,1.0,0.009,1.0,0.01,1.0,0.0,0.0,0.0,0.0,0.0,0.0,0.0,0.0
2023-04-08 02:00:00,DATAR1,2023-04-08 02:00:00,131121.0,20.0,1.0,8.0,1.0,0.035,1.0,0.002,1.0,0.3,1.0,0.001,1.0,0.008,1.0,0.01,1.0,0.0,0.0,0.0,0.0,0.0,0.0,0.0,0.0
2023-04-08 03:00:00,DATAR1,2023-04-08 03:00:00,131121.0,16.0,1.0,7.0,1.0,0.032,1.0,0.002,1.0,0.4,1.0,0.001,1.0,0.009,1.0,0.01,1.0,0.0,0.0,0.0,0.0,0.0,0.0,0.0,0.0
2023-04-08 04:00:00,DATAR1,2023-04-08 04:00:00,131121.0,15.0,1.0,6.0,1.0,0.03,1.0,0.002,1.0,0.4,1.0,0.001,1.0,0.01,1.0,0.011,1.0,0.0,0.0,0.0,0.0,0.0,0.0,0.0,0.0
2023-04-08 05:00:00,DATAR1,2023-04-08 05:00:00,131121.0,20.0,1.0,7.0,1.0,0.024,1.0,0.002,1.0,0.4,1.0,0.001,1.0,0.016,1.0,0.017,1.0,0.0,0.0,0.0,0.0,0.0,0.0,0.0,0.0
2023-04-08 06:00:00,DATAR1,2023-04-08 06:00:00,131121.0,20.0,1.0,7.0,1.0,0.019,1.0,0.002,1.0,0.4,1.0,0.002,1.0,0.022,1.0,0.024,1.0,0.0,0.0,0.0,0.0,0.0,0.0,0.0,0.0
2023-04-08 07:00:00,DATAR1,2023-04-08 07:00:00,131121.0,16.0,1.0,8.0,1.0,0.018,1.0,0.002,1.0,0.4,1.0,0.003,1.0,0.024,1.0,0.028,1.0,0.0,0.0,0.0,0.0,0.0,0.0,0.0,0.0
2023-04-08 08:00:00,DATAR1,2023-04-08 08:00:00,131121.0,22.0,1.0,9.0,1.0,0.02,1.0,0.002,1.0,0.4,1.0,0.006,1.0,0.024,1.0,0.03,1.0,0.0,0.0,0.0,0.0,0.0,0.0,0.0,0.0
2023-04-08 09:00:00,DATAR1,2023-04-08 09:00:00,131121.0,19.0,1.0,8.0,1.0,0.024,1.0,0.002,1.0,0.4,1.0,0.007,1.0,0.021,1.0,0.028,1.0,0.0,0.0,0.0,0.0,0.0,0.0,0.0,0.0
2023-04-08 10:00:00,DATAR1,2023-04-08 10:00:00,131121.0,25.0,1.0,9.0,1.0,0.03,1.0,0.002,1.0,0.4,1.0,0.006,1.0,0.015,1.0,0.021,1.0,0.0,0.0,0.0,0.0,0.0,0.0,0.0,0.0
2023-04-08 11:00:00,DATAR1,2023-04-08 11:00:00,131121.0,37.0,1.0,11.0,1.0,0.033,1.0,0.002,1.0,0.3,1.0,0.005,1.0,0.011,1.0,0.016,1.0,0.0,0.0,0.0,0.0,0.0,0.0,0.0,0.0
2023-04-08 12:00:00,DATAR1,2023-04-08 12:00:00,131121.0,39.0,1.0,8.0,1.0,0.038,1.0,0.002,1.0,0.2,1.0,0.003,1.0,0.006,1.0,0.009,1.0,0.0,0.0,0.0,0.0,0.0,0.0,0.0,0.0
2023-04-08 13:00:00,DATAR1,2023-04-08 13:00:00,131121.0,47.0,1.0,5.0,1.0,0.041,1.0,0.002,1.0,0.2,1.0,0.002,1.0,0.004,1.0,0.006,1.0,0.0,0.0,0.0,0.0,0.0,0.0,0.0,0.0
2023-04-08 14:00:00,DATAR1,2023-04-08 14:00:00,131121.0,41.0,1.0,2.0,1.0,0.042,1.0,0.002,1.0,0.3,1.0,0.002,1.0,0.005,1.0,0.007,1.0,0.0,0.0,0.0,0.0,0.0,0.0,0.0,0.0
2023-04-08 15:00:00,DATAR1,2023-04-08 15:00:00,131121.0,41.0,1.0,6.0,1.0,0.043,1.0,0.002,1.0,0.3,1.0,0.002,1.0,0.006,1.0,0.008,1.0,0.0,0.0,0.0,0.0,0.0,0.0,0.0,0.0
2023-04-08 16:00:00,DATAR1,2023-04-08 16:00:00,131121.0,45.0,1.0,4.0,1.0,0.045,1.0,0.002,1.0,0.3,1.0,0.002,1.0,0.004,1.0,0.006,1.0,0.0,0.0,0.0,0.0,0.0,0.0,0.0,0.0
2023-04-08 17:00:00,DATAR1,2023-04-08 17:00:00,131121.0,45.0,1.0,6.0,1.0,0.044,1.0,0.002,1.0,0.3,1.0,0.002,1.0,0.006,1.0,0.008,1.0,0.0,0.0,0.0,0.0,0.0,0.0,0.0,0.0
2023-04-08 18:00:00,DATAR1,2023-04-08 18:00:00,131121.0,51.0,1.0,6.0,1.0,0.043,1.0,0.002,1.0,0.3,1.0,0.001,1.0,0.005,1.0,0.006,1.0,0.0,0.0,0.0,0.0,0.0,0.0,0.0,0.0
2023-04-08 19:00:00,DATAR1,2023-04-08 19:00:00,131121.0,56.0,1.0,5.0,1.0,0.04,1.0,0.002,1.0,0.3,1.0,0.001,1.0,0.006,1.0,0.007,1.0,0.0,0.0,0.0,0.0,0.0,0.0,0.0,0.0
2023-04-08 20:00:00,DATAR1,2023-04-08 20:00:00,131121.0,54.0,1.0,4.0,1.0,0.038,1.0,0.002,1.0,0.3,1.0,0.001,1.0,0.007,1.0,0.008,1.0,0.0,0.0,0.0,0.0,0.0,0.0,0.0,0.0
2023-04-08 21:00:00,DATAR1,2023-04-08 21:00:00,131121.0,55.0,1.0,5.0,1.0,0.031,1.0,0.002,1.0,0.4,1.0,0.001,1.0,0.014,1.0,0.015,1.0,0.0,0.0,0.0,0.0,0.0,0.0,0.0,0.0
2023-04-08 22:00:00,DATAR1,2023-04-08 22:00:00,131121.0,58.0,1.0,6.0,1.0,0.031,1.0,0.002,1.0,0.4,1.0,0.001,1.0,0.012,1.0,0.014,1.0,0.0,0.0,0.0,0.0,0.0,0.0,0.0,0.0
2023-04-08 23:00:00,DATAR1,2023-04-08 23:00:00,131121.0,52.0,1.0,7.0,1.0,0.028,1.0,0.002,1.0,0.3,1.0,0.001,1.0,0.014,1.0,0.016,1.0,0.0,0.0,0.0,0.0,0.0,0.0,0.0,0.0
2023-04-09 00:00:00,DATAR1,2023-04-09 00:00:00,131121.0,45.0,1.0,10.0,1.0,0.026,1.0,0.002,1.0,0.3,1.0,0.001,1.0,0.016,1.0,0.017,1.0,0.0,0.0,0.0,0.0,0.0,0.0,0.0,0.0
2023-04-09 01:00:00,DATAR1,2023-04-09 01:00:00,131121.0,48.0,1.0,7.0,1.0,0.023,1.0,0.001,1.0,0.3,1.0,0.001,1.0,0.017,1.0,0.018,1.0,0.0,0.0,0.0,0.0,0.0,0.0,0.0,0.0
2023-04-09 02:00:00,DATAR1,2023-04-09 02:00:00,131121.0,58.0,1.0,5.0,1.0,0.021,1.0,0.001,1.0,0.4,1.0,0.001,1.0,0.016,1.0,0.018,1.0,0.0,0.0,0.0,0.0,0.0,0.0,0.0,0.0
2023-04-09 03:00:00,DATAR1,2023-04-09 03:00:00,131121.0,53.0,1.0,6.0,1.0,0.02,1.0,0.001,1.0,0.5,1.0,0.001,1.0,0.016,1.0,0.017,1.0,0.0,0.0,0.0,0.0,0.0,0.0,0.0,0.0
2023-04-09 04:00:00,DATAR1,2023-04-09 04:00:00,131121.0,61.0,1.0,9.0,1.0,0.02,1.0,0.001,1.0,0.5,1.0,0.001,1.0,0.015,1.0,0.016,1.0,0.0,0.0,0.0,0.0,0.0,0.0,0.0,0.0
2023-04-09 05:00:00,DATAR1,2023-04-09 05:00:00,131121.0,66.0,1.0,10.0,1.0,0.019,1.0,0.002,1.0,0.6,1.0,0.001,1.0,0.015,1.0,0.017,1.0,0.0,0.0,0.0,0.0,0.0,0.0,0.0,0.0
2023-04-09 06:00:00,DATAR1,2023-04-09 06:00:00,131121.0,68.0,1.0,14.0,1.0,0.015,1.0,0.002,1.0,0.6,1.0,0.002,1.0,0.019,1.0,0.021,1.0,0.0,0.0,0.0,0.0,0.0,0.0,0.0,0.0
2023-04-09 07:00:00,DATAR1,2023-04-09 07:00:00,131121.0,65.0,1.0,14.0,1.0,0.012,1.0,0.002,1.0,0.8,1.0,0.004,1.0,0.023,1.0,0.027,1.0,0.0,0.0,0.0,0.0,0.0,0.0,0.0,0.0
2023-04-09 08:00:00,DATAR1,2023-04-09 08:00:00,131121.0,68.0,1.0,16.0,1.0,0.014,1.0,0.002,1.0,0.8,1.0,0.008,1.0,0.021,1.0,0.029,1.0,0.0,0.0,0.0,0.0,0.0,0.0,0.0,0.0
2023-04-09 09:00:00,DATAR1,2023-04-09 09:00:00,131121.0,73.0,1.0,13.0,1.0,0.027,1.0,0.002,1.0,0.6,1.0,0.004,1.0,0.012,1.0,0.017,1.0,0.0,0.0,0.0,0.0,0.0,0.0,0.0,0.0
2023-04-09 10:00:00,DATAR1,2023-04-09 10:00:00,131121.0,81.0,1.0,16.0,1.0,0.03,1.0,0.003,1.0,0.7,1.0,0.004,1.0,0.011,1.0,0.016,1.0,0.0,0.0,0.0,0.0,0.0,0.0,0.0,0.0
2023-04-09 11:00:00,DATAR1,2023-04-09 11:00:00,131121.0,73.0,1.0,14.0,1.0,0.032,1.0,0.003,1.0,0.6,1.0,0.005,1.0,0.011,1.0,0.016,1.0,0.0,0.0,0.0,0.0,0.0,0.0,0.0,0.0
2023-04-09 12:00:00,DATAR1,2023-04-09 12:00:00,131121.0,69.0,1.0,16.0,1.0,0.041,1.0,0.003,1.0,0.6,1.0,0.004,1.0,0.012,1.0,0.016,1.0,0.0,0.0,0.0,0.0,0.0,0.0,0.0,0.0
2023-04-09 13:00:00,DATAR1,2023-04-09 13:00:00,131121.0,68.0,1.0,18.0,1.0,0.049,1.0,0.004,1.0,0.6,1.0,0.003,1.0,0.01,1.0,0.013,1.0,0.0,0.0,0.0,0.0,0.0,0.0,0.0,0.0
2023-04-09 14:00:00,DATAR1,2023-04-09 14:00:00,131121.0,63.0,1.0,19.0,1.0,0.056,1.0,0.003,1.0,0.5,1.0,0.002,1.0,0.008,1.0,0.01,1.0,0.0,0.0,0.0,0.0,0.0,0.0,0.0,0.0
2023-04-09 15:00:00,DATAR1,2023-04-09 15:00:00,131121.0,55.0,1.0,16.0,1.0,0.06,1.0,0.003,1.0,0.4,1.0,0.002,1.0,0.007,1.0,0.009,1.0,0.0,0.0,0.0,0.0,0.0,0.0,0.0,0.0
2023-04-09 16:00:00,DATAR1,2023-04-09 16:00:00,131121.0,63.0,1.0,13.0,1.0,0.062,1.0,0.002,1.0,0.4,1.0,0.002,1.0,0.006,1.0,0.008,1.0,0.0,0.0,0.0,0.0,0.0,0.0,0.0,0.0
2023-04-09 17:00:00,DATAR1,2023-04-09 17:00:00,131121.0,68.0,1.0,11.0,1.0,0.059,1.0,0.002,1.0,0.4,1.0,0.001,1.0,0.007,1.0,0.008,1.0,0.0,0.0,0.0,0.0,0.0,0.0,0.0,0.0
2023-04-09 18:00:00,DATAR1,2023-04-09 18:00:00,131121.0,71.0,1.0,10.0,1.0,0.055,1.0,0.002,1.0,0.4,1.0,0.001,1.0,0.007,1.0,0.008,1.0,0.0,0.0,0.0,0.0,0.0,0.0,0.0,0.0
2023-04-09 19:00:00,DATAR1,2023-04-09 19:00:00,131121.0,58.0,1.0,9.0,1.0,0.051,1.0,0.002,1.0,0.4,1.0,0.001,1.0,0.01,1.0,0.011,1.0,0.0,0.0,0.0,0.0,0.0,0.0,0.0,0.0
2023-04-09 20:00:00,DATAR1,2023-04-09 20:00:00,131121.0,48.0,1.0,10.0,1.0,0.048,1.0,0.002,1.0,0.4,1.0,0.001,1.0,0.014,1.0,0.015,1.0,0.0,0.0,0.0,0.0,0.0,0.0,0.0,0.0
2023-04-09 21:00:00,DATAR1,2023-04-09 21:00:00,131121.0,46.0,1.0,14.0,1.0,0.047,1.0,0.002,1.0,0.4,1.0,0.001,1.0,0.015,1.0,0.016,1.0,0.0,0.0,0.0,0.0,0.0,0.0,0.0,0.0
2023-04-09 22:00:00,DATAR1,2023-04-09 22:00:00,131121.0,41.0,1.0,15.0,1.0,0.036,1.0,0.002,1.0,0.5,1.0,0.001,1.0,0.026,1.0,0.028,1.0,0.0,0.0,0.0,0.0,0.0,0.0,0.0,0.0
2023-04-09 23:00:00,DATAR1,2023-04-09 23:00:00,131121.0,43.0,1.0,17.0,1.0,0.033,1.0,0.002,1.0,0.5,1.0,0.001,1.0,0.024,1.0,0.026,1.0,0.0,0.0,0.0,0.0,0.0,0.0,0.0,0.0
2023-04-10 00:00:00,DATAR1,2023-04-10 00:00:00,131121.0,41.0,1.0,18.0,1.0,0.027,1.0,0.002,1.0,0.6,1.0,0.001,1.0,0.026,1.0,0.028,1.0,0.0,0.0,0.0,0.0,0.0,0.0,0.0,0.0
2023-04-10 01:00:00,DATAR1,2023-04-10 01:00:00,131121.0,42.0,1.0,20.0,1.0,0.034,1.0,0.002,1.0,0.6,1.0,0.002,1.0,0.019,1.0,0.021,1.0,0.0,0.0,0.0,0.0,0.0,0.0,0.0,0.0
2023-04-10 02:00:00,DATAR1,2023-04-10 02:00:00,131121.0,49.0,1.0,26.0,1.0,0.031,1.0,0.002,1.0,0.7,1.0,0.001,1.0,0.022,1.0,0.023,1.0,0.0,0.0,0.0,0.0,0.0,0.0,0.0,0.0
2023-04-10 03:00:00,DATAR1,2023-04-10 03:00:00,131121.0,49.0,1.0,29.0,1.0,0.035,1.0,0.002,1.0,0.6,1.0,0.001,1.0,0.019,1.0,0.02,1.0,0.0,0.0,0.0,0.0,0.0,0.0,0.0,0.0
2023-04-10 04:00:00,DATAR1,2023-04-10 04:00:00,131121.0,44.0,1.0,27.0,1.0,0.035,1.0,0.002,1.0,0.6,1.0,0.002,1.0,0.02,1.0,0.022,1.0,0.0,0.0,0.0,0.0,0.0,0.0,0.0,0.0
2023-04-10 05:00:00,DATAR1,2023-04-10 05:00:00,131121.0,39.0,1.0,24.0,1.0,0.031,1.0,0.002,1.0,0.6,1.0,0.001,1.0,0.021,1.0,0.022,1.0,0.0,0.0,0.0,0.0,0.0,0.0,0.0,0.0
2023-04-10 06:00:00,DATAR1,2023-04-10 06:00:00,131121.0,34.0,1.0,18.0,1.0,0.02,1.0,0.002,1.0,0.5,1.0,0.004,1.0,0.035,1.0,0.039,1.0,0.0,0.0,0.0,0.0,0.0,0.0,0.0,0.0
2023-04-10 07:00:00,DATAR1,2023-04-10 07:00:00,131121.0,39.0,1.0,18.0,1.0,0.011,1.0,0.002,1.0,0.4,1.0,0.008,1.0,0.044,1.0,0.052,1.0,0.0,0.0,0.0,0.0,0.0,0.0,0.0,0.0
2023-04-10 08:00:00,DATAR1,2023-04-10 08:00:00,131121.0,37.0,1.0,12.0,1.0,0.026,1.0,0.002,1.0,0.4,1.0,0.006,1.0,0.026,1.0,0.031,1.0,0.0,0.0,0.0,0.0,0.0,0.0,0.0,0.0
2023-04-10 09:00:00,DATAR1,2023-04-10 09:00:00,131121.0,40.0,1.0,8.0,1.0,0.034,1.0,0.002,1.0,0.3,1.0,0.008,1.0,0.017,1.0,0.024,1.0,0.0,0.0,0.0,0.0,0.0,0.0,0.0,0.0
2023-04-10 10:00:00,DATAR1,2023-04-10 10:00:00,131121.0,51.0,1.0,7.0,1.0,0.033,1.0,0.002,1.0,0.4,1.0,0.005,1.0,0.016,1.0,0.02,1.0,0.0,0.0,0.0,0.0,0.0,0.0,0.0,0.0
2023-04-10 11:00:00,DATAR1,2023-04-10 11:00:00,131121.0,43.0,1.0,8.0,1.0,0.036,1.0,0.002,1.0,0.4,1.0,0.006,1.0,0.014,1.0,0.019,1.0,0.0,0.0,0.0,0.0,0.0,0.0,0.0,0.0
2023-04-10 12:00:00,DATAR1,2023-04-10 12:00:00,131121.0,43.0,1.0,6.0,1.0,0.041,1.0,0.002,1.0,0.4,1.0,0.004,1.0,0.014,1.0,0.018,1.0,0.0,0.0,0.0,0.0,0.0,0.0,0.0,0.0
2023-04-10 13:00:00,DATAR1,2023-04-10 13:00:00,131121.0,44.0,1.0,5.0,1.0,0.045,1.0,0.002,1.0,0.4,1.0,0.004,1.0,0.012,1.0,0.016,1.0,0.0,0.0,0.0,0.0,0.0,0.0,0.0,0.0
2023-04-10 14:00:00,DATAR1,2023-04-10 14:00:00,131121.0,41.0,1.0,6.0,1.0,0.057,1.0,0.002,1.0,0.4,1.0,0.002,1.0,0.009,1.0,0.011,1.0,0.0,0.0,0.0,0.0,0.0,0.0,0.0,0.0
2023-04-10 15:00:00,DATAR1,2023-04-10 15:00:00,131121.0,48.0,1.0,9.0,1.0,0.06,1.0,0.002,1.0,0.5,1.0,0.002,1.0,0.01,1.0,0.012,1.0,0.0,0.0,0.0,0.0,0.0,0.0,0.0,0.0
2023-04-10 16:00:00,DATAR1,2023-04-10 16:00:00,131121.0,44.0,1.0,8.0,1.0,0.058,1.0,0.003,1.0,0.5,1.0,0.003,1.0,0.012,1.0,0.015,1.0,0.0,0.0,0.0,0.0,0.0,0.0,0.0,0.0
2023-04-10 17:00:00,DATAR1,2023-04-10 17:00:00,131121.0,51.0,1.0,11.0,1.0,0.058,1.0,0.003,1.0,0.5,1.0,0.003,1.0,0.013,1.0,0.016,1.0,0.0,0.0,0.0,0.0,0.0,0.0,0.0,0.0
2023-04-10 18:00:00,DATAR1,2023-04-10 18:00:00,131121.0,47.0,1.0,11.0,1.0,0.058,1.0,0.003,1.0,0.5,1.0,0.002,1.0,0.013,1.0,0.015,1.0,0.0,0.0,0.0,0.0,0.0,0.0,0.0,0.0
2023-04-10 19:00:00,DATAR1,2023-04-10 19:00:00,131121.0,46.0,1.0,10.0,1.0,0.055,1.0,0.002,1.0,0.4,1.0,0.002,1.0,0.017,1.0,0.018,1.0,0.0,0.0,0.0,0.0,0.0,0.0,0.0,0.0
2023-04-10 20:00:00,DATAR1,2023-04-10 20:00:00,131121.0,37.0,1.0,11.0,1.0,0.05,1.0,0.002,1.0,0.4,1.0,0.003,1.0,0.023,1.0,0.026,1.0,0.0,0.0,0.0,0.0,0.0,0.0,0.0,0.0
2023-04-10 21:00:00,DATAR1,2023-04-10 21:00:00,131121.0,37.0,1.0,11.0,1.0,0.053,1.0,0.002,1.0,0.5,1.0,0.002,1.0,0.018,1.0,0.019,1.0,0.0,0.0,0.0,0.0,0.0,0.0,0.0,0.0
2023-04-10 22:00:00,DATAR1,2023-04-10 22:00:00,131121.0,50.0,1.0,20.0,1.0,0.054,1.0,0.002,1.0,0.4,1.0,0.002,1.0,0.016,1.0,0.017,1.0,0.0,0.0,0.0,0.0,0.0,0.0,0.0,0.0
2023-04-10 23:00:00,DATAR1,2023-04-10 23:00:00,131121.0,44.0,1.0,24.0,1.0,0.057,1.0,0.002,1.0,0.5,1.0,0.001,1.0,0.012,1.0,0.012,1.0,0.0,0.0,0.0,0.0,0.0,0.0,0.0,0.0
2023-04-11 00:00:00,DATAR1,2023-04-11 00:00:00,131121.0,38.0,1.0,16.0,1.0,0.048,1.0,0.002,1.0,0.5,1.0,0.001,1.0,0.016,1.0,0.017,1.0,0.0,0.0,0.0,0.0,0.0,0.0,0.0,0.0
2023-04-11 01:00:00,DATAR1,2023-04-11 01:00:00,131121.0,42.0,1.0,16.0,1.0,0.046,1.0,0.002,1.0,0.5,1.0,0.001,1.0,0.014,1.0,0.015,1.0,0.0,0.0,0.0,0.0,0.0,0.0,0.0,0.0
2023-04-11 02:00:00,DATAR1,2023-04-11 02:00:00,131121.0,35.0,1.0,21.0,1.0,0.05,1.0,0.002,1.0,0.4,1.0,0.001,1.0,0.011,1.0,0.012,1.0,0.0,0.0,0.0,0.0,0.0,0.0,0.0,0.0
2023-04-11 03:00:00,DATAR1,2023-04-11 03:00:00,131121.0,36.0,1.0,19.0,1.0,0.05,1.0,0.002,1.0,0.4,1.0,0.001,1.0,0.01,1.0,0.01,1.0,0.0,0.0,0.0,0.0,0.0,0.0,0.0,0.0
2023-04-11 04:00:00,DATAR1,2023-04-11 04:00:00,131121.0,36.0,1.0,20.0,1.0,0.045,1.0,0.002,1.0,0.4,1.0,0.001,1.0,0.01,1.0,0.011,1.0,0.0,0.0,0.0,0.0,0.0,0.0,0.0,0.0
2023-04-11 05:00:00,DATAR1,2023-04-11 05:00:00,131121.0,29.0,1.0,16.0,1.0,0.045,1.0,0.001,1.0,0.4,1.0,0.001,1.0,0.007,1.0,0.008,1.0,0.0,0.0,0.0,0.0,0.0,0.0,0.0,0.0
2023-04-11 06:00:00,DATAR1,2023-04-11 06:00:00,131121.0,22.0,1.0,13.0,1.0,0.043,1.0,0.001,1.0,0.4,1.0,0.001,1.0,0.008,1.0,0.009,1.0,0.0,0.0,0.0,0.0,0.0,0.0,0.0,0.0
2023-04-11 07:00:00,DATAR1,2023-04-11 07:00:00,131121.0,28.0,1.0,10.0,1.0,0.038,1.0,0.001,1.0,0.4,1.0,0.001,1.0,0.011,1.0,0.012,1.0,0.0,0.0,0.0,0.0,0.0,0.0,0.0,0.0
2023-04-11 08:00:00,DATAR1,2023-04-11 08:00:00,131121.0,25.0,1.0,11.0,1.0,0.033,1.0,0.001,1.0,0.5,1.0,0.004,1.0,0.016,1.0,0.019,1.0,0.0,0.0,0.0,0.0,0.0,0.0,0.0,0.0
2023-04-11 09:00:00,DATAR1,2023-04-11 09:00:00,131121.0,28.0,1.0,7.0,1.0,0.03,1.0,0.001,1.0,0.4,1.0,0.003,1.0,0.016,1.0,0.019,1.0,0.0,0.0,0.0,0.0,0.0,0.0,0.0,0.0
2023-04-11 10:00:00,DATAR1,2023-04-11 10:00:00,131121.0,24.0,1.0,11.0,1.0,0.03,1.0,0.001,1.0,0.4,1.0,0.003,1.0,0.015,1.0,0.018,1.0,0.0,0.0,0.0,0.0,0.0,0.0,0.0,0.0
2023-04-11 11:00:00,DATAR1,2023-04-11 11:00:00,131121.0,39.0,1.0,6.0,1.0,0.034,1.0,0.001,1.0,0.4,1.0,0.002,1.0,0.009,1.0,0.011,1.0,0.0,0.0,0.0,0.0,0.0,0.0,0.0,0.0
2023-04-11 12:00:00,DATAR1,2023-04-11 12:00:00,131121.0,42.0,1.0,7.0,1.0,0.033,1.0,0.001,1.0,0.4,1.0,0.002,1.0,0.011,1.0,0.013,1.0,0.0,0.0,0.0,0.0,0.0,0.0,0.0,0.0
2023-04-11 13:00:00,DATAR1,2023-04-11 13:00:00,131121.0,40.0,1.0,10.0,1.0,0.037,1.0,0.001,1.0,0.4,1.0,0.002,1.0,0.008,1.0,0.01,1.0,0.0,0.0,0.0,0.0,0.0,0.0,0.0,0.0
2023-04-11 14:00:00,DATAR1,2023-04-11 14:00:00,131121.0,50.0,1.0,12.0,1.0,0.038,1.0,0.001,1.0,0.4,1.0,0.001,1.0,0.009,1.0,0.011,1.0,0.0,0.0,0.0,0.0,0.0,0.0,0.0,0.0
2023-04-11 15:00:00,DATAR1,2023-04-11 15:00:00,131121.0,40.0,1.0,15.0,1.0,0.034,1.0,0.001,1.0,0.4,1.0,0.001,1.0,0.011,1.0,0.012,1.0,0.0,0.0,0.0,0.0,0.0,0.0,0.0,0.0
2023-04-11 16:00:00,DATAR1,2023-04-11 16:00:00,131121.0,36.0,1.0,14.0,1.0,0.036,1.0,0.001,1.0,0.4,1.0,0.001,1.0,0.011,1.0,0.012,1.0,0.0,0.0,0.0,0.0,0.0,0.0,0.0,0.0
2023-04-11 17:00:00,DATAR1,2023-04-11 17:00:00,131121.0,44.0,1.0,15.0,1.0,0.034,1.0,0.001,1.0,0.5,1.0,0.001,1.0,0.011,1.0,0.012,1.0,0.0,0.0,0.0,0.0,0.0,0.0,0.0,0.0
2023-04-11 18:00:00,DATAR1,2023-04-11 18:00:00,131121.0,40.0,1.0,14.0,1.0,0.028,1.0,0.001,1.0,0.5,1.0,0.003,1.0,0.019,1.0,0.022,1.0,0.0,0.0,0.0,0.0,0.0,0.0,0.0,0.0
2023-04-11 19:00:00,DATAR1,2023-04-11 19:00:00,131121.0,56.0,1.0,16.0,1.0,0.026,1.0,0.001,1.0,0.4,1.0,0.002,1.0,0.022,1.0,0.024,1.0,0.0,0.0,0.0,0.0,0.0,0.0,0.0,0.0
2023-04-11 20:00:00,DATAR1,2023-04-11 20:00:00,131121.0,69.0,1.0,19.0,1.0,0.023,1.0,0.001,1.0,0.4,1.0,0.004,1.0,0.023,1.0,0.026,1.0,0.0,0.0,0.0,0.0,0.0,0.0,0.0,0.0
2023-04-11 21:00:00,DATAR1,2023-04-11 21:00:00,131121.0,69.0,1.0,19.0,1.0,0.023,1.0,0.001,1.0,0.5,1.0,0.002,1.0,0.022,1.0,0.023,1.0,0.0,0.0,0.0,0.0,0.0,0.0,0.0,0.0
2023-04-11 22:00:00,DATAR1,2023-04-11 22:00:00,131121.0,86.0,1.0,18.0,1.0,0.019,1.0,0.001,1.0,0.5,1.0,0.002,1.0,0.024,1.0,0.025,1.0,0.0,0.0,0.0,0.0,0.0,0.0,0.0,0.0
2023-04-11 23:00:00,DATAR1,2023-04-11 23:00:00,131121.0,129.0,1.0,20.0,1.0,0.017,1.0,0.001,1.0,0.5,1.0,0.002,1.0,0.023,1.0,0.024,1.0,0.0,0.0,0.0,0.0,0.0,0.0,0.0,0.0
2023-04-12 00:00:00,DATAR1,2023-04-12 00:00:00,131121.0,287.0,1.0,24.0,1.0,0.028,1.0,0.001,1.0,0.4,1.0,0.001,1.0,0.015,1.0,0.016,1.0,0.0,0.0,0.0,0.0,0.0,0.0,0.0,0.0
2023-04-12 01:00:00,DATAR1,2023-04-12 01:00:00,131121.0,350.0,1.0,30.0,1.0,0.034,1.0,0.001,1.0,0.2,1.0,0.001,1.0,0.01,1.0,0.011,1.0,0.0,0.0,0.0,0.0,0.0,0.0,0.0,0.0
2023-04-12 02:00:00,DATAR1,2023-04-12 02:00:00,131121.0,325.0,1.0,33.0,1.0,0.031,1.0,0.002,1.0,0.3,1.0,0.001,1.0,0.011,1.0,0.012,1.0,0.0,0.0,0.0,0.0,0.0,0.0,0.0,0.0
2023-04-12 03:00:00,DATAR1,2023-04-12 03:00:00,131121.0,292.0,1.0,28.0,1.0,0.026,1.0,0.001,1.0,0.5,1.0,0.001,1.0,0.013,1.0,0.014,1.0,0.0,0.0,0.0,0.0,0.0,0.0,0.0,0.0
2023-04-12 04:00:00,DATAR1,2023-04-12 04:00:00,131121.0,252.0,1.0,22.0,1.0,0.025,1.0,0.001,1.0,0.4,1.0,0.001,1.0,0.012,1.0,0.013,1.0,0.0,0.0,0.0,0.0,0.0,0.0,0.0,0.0
2023-04-12 05:00:00,DATAR1,2023-04-12 05:00:00,131121.0,222.0,1.0,20.0,1.0,0.025,1.0,0.001,1.0,0.3,1.0,0.001,1.0,0.01,1.0,0.012,1.0,0.0,0.0,0.0,0.0,0.0,0.0,0.0,0.0
2023-04-12 06:00:00,DATAR1,2023-04-12 06:00:00,131121.0,235.0,1.0,22.0,1.0,0.019,1.0,0.001,1.0,0.3,1.0,0.002,1.0,0.016,1.0,0.017,1.0,0.0,0.0,0.0,0.0,0.0,0.0,0.0,0.0
2023-04-12 07:00:00,DATAR1,2023-04-12 07:00:00,131121.0,227.0,1.0,22.0,1.0,0.014,1.0,0.001,1.0,0.4,1.0,0.002,1.0,0.024,1.0,0.026,1.0,0.0,0.0,0.0,0.0,0.0,0.0,0.0,0.0
2023-04-12 08:00:00,DATAR1,2023-04-12 08:00:00,131121.0,197.0,1.0,21.0,1.0,0.01,1.0,0.001,1.0,0.5,1.0,0.015,1.0,0.034,1.0,0.048,1.0,0.0,0.0,0.0,0.0,0.0,0.0,0.0,0.0
2023-04-12 09:00:00,DATAR1,2023-04-12 09:00:00,131121.0,209.0,1.0,19.0,1.0,0.016,1.0,0.001,1.0,0.4,1.0,0.02,1.0,0.034,1.0,0.053,1.0,0.0,0.0,0.0,0.0,0.0,0.0,0.0,0.0
2023-04-12 10:00:00,DATAR1,2023-04-12 10:00:00,131121.0,249.0,1.0,18.0,1.0,0.031,1.0,0.001,1.0,0.3,1.0,0.007,1.0,0.018,1.0,0.024,1.0,0.0,0.0,0.0,0.0,0.0,0.0,0.0,0.0
2023-04-12 11:00:00,DATAR1,2023-04-12 11:00:00,131121.0,298.0,1.0,16.0,1.0,0.034,1.0,0.001,1.0,0.4,1.0,0.006,1.0,0.017,1.0,0.023,1.0,0.0,0.0,0.0,0.0,0.0,0.0,0.0,0.0
2023-04-12 12:00:00,DATAR1,2023-04-12 12:00:00,131121.0,294.0,1.0,18.0,1.0,0.037,1.0,0.001,1.0,0.4,1.0,0.005,1.0,0.011,1.0,0.016,1.0,0.0,0.0,0.0,0.0,0.0,0.0,0.0,0.0
2023-04-12 13:00:00,DATAR1,2023-04-12 13:00:00,131121.0,282.0,1.0,18.0,1.0,0.043,1.0,0.001,1.0,0.3,1.0,0.003,1.0,0.006,1.0,0.008,1.0,0.0,0.0,0.0,0.0,0.0,0.0,0.0,0.0
2023-04-12 14:00:00,DATAR1,2023-04-12 14:00:00,131121.0,246.0,1.0,17.0,1.0,0.043,1.0,0.001,1.0,0.3,1.0,0.002,1.0,0.006,1.0,0.008,1.0,0.0,0.0,0.0,0.0,0.0,0.0,0.0,0.0
2023-04-12 15:00:00,DATAR1,2023-04-12 15:00:00,131121.0,218.0,1.0,14.0,1.0,0.043,1.0,0.001,1.0,0.3,1.0,0.002,1.0,0.006,1.0,0.008,1.0,0.0,0.0,0.0,0.0,0.0,0.0,0.0,0.0
2023-04-12 16:00:00,DATAR1,2023-04-12 16:00:00,131121.0,243.0,1.0,16.0,1.0,0.043,1.0,0.001,1.0,0.3,1.0,0.002,1.0,0.006,1.0,0.008,1.0,0.0,0.0,0.0,0.0,0.0,0.0,0.0,0.0
2023-04-12 17:00:00,DATAR1,2023-04-12 17:00:00,131121.0,278.0,1.0,20.0,1.0,0.042,1.0,0.001,1.0,0.3,1.0,0.002,1.0,0.006,1.0,0.008,1.0,0.0,0.0,0.0,0.0,0.0,0.0,0.0,0.0
2023-04-12 18:00:00,DATAR1,2023-04-12 18:00:00,131121.0,304.0,1.0,21.0,1.0,0.039,1.0,0.001,1.0,0.3,1.0,0.002,1.0,0.008,1.0,0.01,1.0,0.0,0.0,0.0,0.0,0.0,0.0,0.0,0.0
2023-04-12 19:00:00,DATAR1,2023-04-12 19:00:00,131121.0,300.0,1.0,23.0,1.0,0.036,1.0,0.001,1.0,0.4,1.0,0.002,1.0,0.011,1.0,0.012,1.0,0.0,0.0,0.0,0.0,0.0,0.0,0.0,0.0
2023-04-12 20:00:00,DATAR1,2023-04-12 20:00:00,131121.0,317.0,1.0,26.0,1.0,0.028,1.0,0.001,1.0,0.4,1.0,0.001,1.0,0.019,1.0,0.021,1.0,0.0,0.0,0.0,0.0,0.0,0.0,0.0,0.0
2023-04-12 21:00:00,DATAR1,2023-04-12 21:00:00,131121.0,308.0,1.0,27.0,1.0,0.02,1.0,0.002,1.0,0.5,1.0,0.002,1.0,0.025,1.0,0.027,1.0,0.0,0.0,0.0,0.0,0.0,0.0,0.0,0.0
2023-04-12 22:00:00,DATAR1,2023-04-12 22:00:00,131121.0,305.0,1.0,30.0,1.0,0.018,1.0,0.002,1.0,0.5,1.0,0.002,1.0,0.026,1.0,0.028,1.0,0.0,0.0,0.0,0.0,0.0,0.0,0.0,0.0
2023-04-12 23:00:00,DATAR1,2023-04-12 23:00:00,131121.0,286.0,1.0,29.0,1.0,0.013,1.0,0.002,1.0,0.4,1.0,0.002,1.0,0.029,1.0,0.031,1.0,0.0,0.0,0.0,0.0,0.0,0.0,0.0,0.0
2023-04-13 00:00:00,DATAR1,2023-04-13 00:00:00,131121.0,273.0,1.0,30.0,1.0,0.016,1.0,0.002,1.0,0.4,1.0,0.002,1.0,0.026,1.0,0.027,1.0,0.0,0.0,0.0,0.0,0.0,0.0,0.0,0.0
2023-04-13 01:00:00,DATAR1,2023-04-13 01:00:00,131121.0,260.0,1.0,26.0,1.0,0.02,1.0,0.002,1.0,0.5,1.0,0.001,1.0,0.02,1.0,0.021,1.0,0.0,0.0,0.0,0.0,0.0,0.0,0.0,0.0
2023-04-13 02:00:00,DATAR1,2023-04-13 02:00:00,131121.0,241.0,1.0,26.0,1.0,0.02,1.0,0.002,1.0,0.5,1.0,0.001,1.0,0.017,1.0,0.018,1.0,0.0,0.0,0.0,0.0,0.0,0.0,0.0,0.0
2023-04-13 03:00:00,DATAR1,2023-04-13 03:00:00,131121.0,244.0,1.0,25.0,1.0,0.02,1.0,0.002,1.0,0.5,1.0,0.001,1.0,0.018,1.0,0.018,1.0,0.0,0.0,0.0,0.0,0.0,0.0,0.0,0.0
2023-04-13 04:00:00,DATAR1,2023-04-13 04:00:00,131121.0,240.0,1.0,25.0,1.0,0.019,1.0,0.002,1.0,0.4,1.0,0.001,1.0,0.016,1.0,0.017,1.0,0.0,0.0,0.0,0.0,0.0,0.0,0.0,0.0
2023-04-13 05:00:00,DATAR1,2023-04-13 05:00:00,131121.0,239.0,1.0,26.0,1.0,0.019,1.0,0.002,1.0,0.5,1.0,0.001,1.0,0.017,1.0,0.018,1.0,0.0,0.0,0.0,0.0,0.0,0.0,0.0,0.0
2023-04-13 06:00:00,DATAR1,2023-04-13 06:00:00,131121.0,254.0,1.0,26.0,1.0,0.013,1.0,0.002,1.0,0.5,1.0,0.003,1.0,0.026,1.0,0.029,1.0,0.0,0.0,0.0,0.0,0.0,0.0,0.0,0.0
2023-04-13 07:00:00,DATAR1,2023-04-13 07:00:00,131121.0,245.0,1.0,23.0,1.0,0.007,1.0,0.002,1.0,0.5,1.0,0.009,1.0,0.032,1.0,0.041,1.0,0.0,0.0,0.0,0.0,0.0,0.0,0.0,0.0
2023-04-13 08:00:00,DATAR1,2023-04-13 08:00:00,131121.0,232.0,1.0,26.0,1.0,0.022,1.0,0.002,1.0,0.4,1.0,0.007,1.0,0.02,1.0,0.027,1.0,0.0,0.0,0.0,0.0,0.0,0.0,0.0,0.0
2023-04-13 09:00:00,DATAR1,2023-04-13 09:00:00,131121.0,234.0,1.0,23.0,1.0,0.018,1.0,0.003,1.0,0.5,1.0,0.014,1.0,0.026,1.0,0.04,1.0,0.0,0.0,0.0,0.0,0.0,0.0,0.0,0.0
2023-04-13 10:00:00,DATAR1,2023-04-13 10:00:00,131121.0,229.0,1.0,22.0,1.0,0.028,1.0,0.003,1.0,0.4,1.0,0.007,1.0,0.017,1.0,0.024,1.0,0.0,0.0,0.0,0.0,0.0,0.0,0.0,0.0
2023-04-13 11:00:00,DATAR1,2023-04-13 11:00:00,131121.0,217.0,1.0,22.0,1.0,0.03,1.0,0.002,1.0,0.4,1.0,0.006,1.0,0.016,1.0,0.022,1.0,0.0,0.0,0.0,0.0,0.0,0.0,0.0,0.0
2023-04-13 12:00:00,DATAR1,2023-04-13 12:00:00,131121.0,200.0,1.0,23.0,1.0,0.033,1.0,0.002,1.0,0.4,1.0,0.006,1.0,0.016,1.0,0.022,1.0,0.0,0.0,0.0,0.0,0.0,0.0,0.0,0.0
2023-04-13 13:00:00,DATAR1,2023-04-13 13:00:00,131121.0,184.0,1.0,18.0,1.0,0.034,1.0,0.002,1.0,0.4,1.0,0.007,1.0,0.019,1.0,0.025,1.0,0.0,0.0,0.0,0.0,0.0,0.0,0.0,0.0
2023-04-13 14:00:00,DATAR1,2023-04-13 14:00:00,131121.0,179.0,1.0,15.0,1.0,,3.0,,3.0,,3.0,,3.0,,3.0,,3.0,0.0,0.0,0.0,0.0,0.0,0.0,0.0,0.0
2023-04-13 15:00:00,DATAR1,2023-04-13 15:00:00,131121.0,177.0,1.0,14.0,1.0,,3.0,,3.0,,3.0,,3.0,,3.0,,3.0,0.0,0.0,0.0,0.0,0.0,0.0,0.0,0.0
2023-04-13 16:00:00,DATAR1,2023-04-13 16:00:00,131121.0,156.0,1.0,18.0,1.0,0.043,1.0,0.002,1.0,0.3,1.0,0.003,1.0,0.016,1.0,0.019,1.0,0.0,0.0,0.0,0.0,0.0,0.0,0.0,0.0
2023-04-13 17:00:00,DATAR1,2023-04-13 17:00:00,131121.0,164.0,1.0,17.0,1.0,0.044,1.0,0.002,1.0,0.4,1.0,0.003,1.0,0.019,1.0,0.022,1.0,0.0,0.0,0.0,0.0,0.0,0.0,0.0,0.0
2023-04-13 18:00:00,DATAR1,2023-04-13 18:00:00,131121.0,169.0,1.0,16.0,1.0,0.04,1.0,0.002,1.0,0.4,1.0,0.002,1.0,0.022,1.0,0.025,1.0,0.0,0.0,0.0,0.0,0.0,0.0,0.0,0.0
2023-04-13 19:00:00,DATAR1,2023-04-13 19:00:00,131121.0,171.0,1.0,19.0,1.0,0.033,1.0,0.002,1.0,0.4,1.0,0.002,1.0,0.029,1.0,0.031,1.0,0.0,0.0,0.0,0.0,0.0,0.0,0.0,0.0
2023-04-13 20:00:00,DATAR1,2023-04-13 20:00:00,131121.0,167.0,1.0,21.0,1.0,0.021,1.0,0.002,1.0,0.5,1.0,0.002,1.0,0.04,1.0,0.042,1.0,0.0,0.0,0.0,0.0,0.0,0.0,0.0,0.0
2023-04-13 21:00:00,DATAR1,2023-04-13 21:00:00,131121.0,161.0,1.0,21.0,1.0,0.012,1.0,0.002,1.0,0.6,1.0,0.002,1.0,0.047,1.0,0.049,1.0,0.0,0.0,0.0,0.0,0.0,0.0,0.0,0.0
2023-04-13 22:00:00,DATAR1,2023-04-13 22:00:00,131121.0,147.0,1.0,23.0,1.0,0.008,1.0,0.002,1.0,0.6,1.0,0.002,1.0,0.05,1.0,0.053,1.0,0.0,0.0,0.0,0.0,0.0,0.0,0.0,0.0
2023-04-13 23:00:00,DATAR1,2023-04-13 23:00:00,131121.0,141.0,1.0,28.0,1.0,0.002,1.0,0.002,1.0,0.8,1.0,0.009,1.0,0.058,1.0,0.067,1.0,0.0,0.0,0.0,0.0,0.0,0.0,0.0,0.0
2023-04-14 00:00:00,DATAR1,2023-04-14 00:00:00,131121.0,143.0,1.0,34.0,1.0,0.008,1.0,0.002,1.0,0.7,1.0,0.006,1.0,0.046,1.0,0.052,1.0,0.0,0.0,0.0,0.0,0.0,0.0,0.0,0.0
2023-04-14 01:00:00,DATAR1,2023-04-14 01:00:00,131121.0,146.0,1.0,29.0,1.0,0.004,1.0,0.002,1.0,0.7,1.0,0.006,1.0,0.048,1.0,0.054,1.0,0.0,0.0,0.0,0.0,0.0,0.0,0.0,0.0
2023-04-14 02:00:00,DATAR1,2023-04-14 02:00:00,131121.0,135.0,1.0,25.0,1.0,0.014,1.0,0.003,1.0,0.8,1.0,0.003,1.0,0.031,1.0,0.034,1.0,0.0,0.0,0.0,0.0,0.0,0.0,0.0,0.0
2023-04-14 03:00:00,DATAR1,2023-04-14 03:00:00,131121.0,124.0,1.0,24.0,1.0,0.023,1.0,0.003,1.0,0.6,1.0,0.002,1.0,0.02,1.0,0.022,1.0,0.0,0.0,0.0,0.0,0.0,0.0,0.0,0.0
2023-04-14 04:00:00,DATAR1,2023-04-14 04:00:00,131121.0,112.0,1.0,21.0,1.0,0.033,1.0,0.002,1.0,0.5,1.0,0.001,1.0,0.014,1.0,0.016,1.0,0.0,0.0,0.0,0.0,0.0,0.0,0.0,0.0
2023-04-14 05:00:00,DATAR1,2023-04-14 05:00:00,131121.0,107.0,1.0,18.0,1.0,0.022,1.0,0.002,1.0,0.5,1.0,0.002,1.0,0.026,1.0,0.027,1.0,0.0,0.0,0.0,0.0,0.0,0.0,0.0,0.0
2023-04-14 06:00:00,DATAR1,2023-04-14 06:00:00,131121.0,101.0,1.0,16.0,1.0,0.027,1.0,0.002,1.0,0.4,1.0,0.002,1.0,0.025,1.0,0.027,1.0,0.0,0.0,0.0,0.0,0.0,0.0,0.0,0.0
2023-04-14 07:00:00,DATAR1,2023-04-14 07:00:00,131121.0,90.0,1.0,18.0,1.0,0.018,1.0,0.002,1.0,0.4,1.0,0.003,1.0,0.033,1.0,0.036,1.0,0.0,0.0,0.0,0.0,0.0,0.0,0.0,0.0
2023-04-14 08:00:00,DATAR1,2023-04-14 08:00:00,131121.0,95.0,1.0,16.0,1.0,0.014,1.0,0.002,1.0,0.5,1.0,0.018,1.0,0.042,1.0,0.059,1.0,0.0,0.0,0.0,0.0,0.0,0.0,0.0,0.0
2023-04-14 09:00:00,DATAR1,2023-04-14 09:00:00,131121.0,103.0,1.0,17.0,1.0,0.003,1.0,0.003,1.0,0.8,1.0,0.091,1.0,0.063,1.0,0.154,1.0,0.0,0.0,0.0,0.0,0.0,0.0,0.0,0.0
2023-04-14 10:00:00,DATAR1,2023-04-14 10:00:00,131121.0,119.0,1.0,21.0,1.0,0.009,1.0,0.002,1.0,0.6,1.0,0.034,1.0,0.054,1.0,0.088,1.0,0.0,0.0,0.0,0.0,0.0,0.0,0.0,0.0
2023-04-14 11:00:00,DATAR1,2023-04-14 11:00:00,131121.0,89.0,1.0,18.0,1.0,0.033,1.0,0.003,1.0,0.5,1.0,0.009,1.0,0.026,1.0,0.034,1.0,0.0,0.0,0.0,0.0,0.0,0.0,0.0,0.0
2023-04-14 12:00:00,DATAR1,2023-04-14 12:00:00,131121.0,73.0,1.0,13.0,1.0,0.042,1.0,0.003,1.0,0.5,1.0,0.005,1.0,0.015,1.0,0.02,1.0,0.0,0.0,0.0,0.0,0.0,0.0,0.0,0.0
2023-04-14 13:00:00,DATAR1,2023-04-14 13:00:00,131121.0,76.0,1.0,10.0,1.0,0.046,1.0,0.003,1.0,0.4,1.0,0.004,1.0,0.012,1.0,0.016,1.0,0.0,0.0,0.0,0.0,0.0,0.0,0.0,0.0
2023-04-14 14:00:00,DATAR1,2023-04-14 14:00:00,131121.0,57.0,1.0,11.0,1.0,0.049,1.0,0.002,1.0,0.4,1.0,0.004,1.0,0.013,1.0,0.016,1.0,0.0,0.0,0.0,0.0,0.0,0.0,0.0,0.0
2023-04-14 15:00:00,DATAR1,2023-04-14 15:00:00,131121.0,61.0,1.0,11.0,1.0,0.052,1.0,0.002,1.0,0.4,1.0,0.003,1.0,0.014,1.0,0.017,1.0,0.0,0.0,0.0,0.0,0.0,0.0,0.0,0.0
2023-04-14 16:00:00,DATAR1,2023-04-14 16:00:00,131121.0,74.0,1.0,8.0,1.0,0.055,1.0,0.002,1.0,0.4,1.0,0.003,1.0,0.016,1.0,0.018,1.0,0.0,0.0,0.0,0.0,0.0,0.0,0.0,0.0
2023-04-14 17:00:00,DATAR1,2023-04-14 17:00:00,131121.0,72.0,1.0,9.0,1.0,0.049,1.0,0.002,1.0,0.4,1.0,0.002,1.0,0.023,1.0,0.025,1.0,0.0,0.0,0.0,0.0,0.0,0.0,0.0,0.0
2023-04-14 18:00:00,DATAR1,2023-04-14 18:00:00,131121.0,82.0,1.0,16.0,1.0,0.057,1.0,0.003,1.0,0.4,1.0,0.002,1.0,0.024,1.0,0.026,1.0,0.0,0.0,0.0,0.0,0.0,0.0,0.0,0.0
2023-04-14 19:00:00,DATAR1,2023-04-14 19:00:00,131121.0,80.0,1.0,18.0,1.0,0.053,1.0,0.003,1.0,0.4,1.0,0.002,1.0,0.021,1.0,0.023,1.0,0.0,0.0,0.0,0.0,0.0,0.0,0.0,0.0
2023-04-14 20:00:00,DATAR1,2023-04-14 20:00:00,131121.0,93.0,1.0,21.0,1.0,0.049,1.0,0.002,1.0,0.4,1.0,0.001,1.0,0.016,1.0,0.017,1.0,0.0,0.0,0.0,0.0,0.0,0.0,0.0,0.0
2023-04-14 21:00:00,DATAR1,2023-04-14 21:00:00,131121.0,84.0,1.0,22.0,1.0,0.044,1.0,0.002,1.0,0.4,1.0,0.001,1.0,0.017,1.0,0.018,1.0,0.0,0.0,0.0,0.0,0.0,0.0,0.0,0.0
2023-04-14 22:00:00,DATAR1,2023-04-14 22:00:00,131121.0,85.0,1.0,22.0,1.0,0.04,1.0,0.002,1.0,0.4,1.0,0.001,1.0,0.017,1.0,0.018,1.0,0.0,0.0,0.0,0.0,0.0,0.0,0.0,0.0
2023-04-14 23:00:00,DATAR1,2023-04-14 23:00:00,131121.0,86.0,1.0,20.0,1.0,0.035,1.0,0.002,1.0,0.4,1.0,0.001,1.0,0.018,1.0,0.02,1.0,0.0,0.0,0.0,0.0,0.0,0.0,0.0,0.0
2023-04-15 00:00:00,DATAR1,2023-04-15 00:00:00,131121.0,71.0,1.0,19.0,1.0,0.031,1.0,0.002,1.0,0.4,1.0,0.002,1.0,0.019,1.0,0.02,1.0,0.0,0.0,0.0,0.0,0.0,0.0,0.0,0.0
2023-04-15 01:00:00,DATAR1,2023-04-15 01:00:00,131121.0,77.0,1.0,20.0,1.0,0.028,1.0,0.002,1.0,0.4,1.0,0.001,1.0,0.019,1.0,0.02,1.0,0.0,0.0,0.0,0.0,0.0,0.0,0.0,0.0
2023-04-15 02:00:00,DATAR1,2023-04-15 02:00:00,131121.0,60.0,1.0,25.0,1.0,0.022,1.0,0.002,1.0,0.5,1.0,0.001,1.0,0.021,1.0,0.022,1.0,0.0,0.0,0.0,0.0,0.0,0.0,0.0,0.0
2023-04-15 03:00:00,DATAR1,2023-04-15 03:00:00,131121.0,59.0,1.0,20.0,1.0,0.019,1.0,0.001,1.0,0.5,1.0,0.001,1.0,0.02,1.0,0.022,1.0,0.0,0.0,0.0,0.0,0.0,0.0,0.0,0.0
2023-04-15 04:00:00,DATAR1,2023-04-15 04:00:00,131121.0,50.0,1.0,16.0,1.0,0.022,1.0,0.001,1.0,0.5,1.0,0.001,1.0,0.016,1.0,0.017,1.0,0.0,0.0,0.0,0.0,0.0,0.0,0.0,0.0
2023-04-15 05:00:00,DATAR1,2023-04-15 05:00:00,131121.0,47.0,1.0,15.0,1.0,0.025,1.0,0.001,1.0,0.4,1.0,0.001,1.0,0.014,1.0,0.015,1.0,0.0,0.0,0.0,0.0,0.0,0.0,0.0,0.0
2023-04-15 06:00:00,DATAR1,2023-04-15 06:00:00,131121.0,66.0,1.0,16.0,1.0,0.006,1.0,0.002,1.0,0.6,1.0,0.002,1.0,0.037,1.0,0.04,1.0,0.0,0.0,0.0,0.0,0.0,0.0,0.0,0.0
2023-04-15 07:00:00,DATAR1,2023-04-15 07:00:00,131121.0,79.0,1.0,24.0,1.0,0.014,1.0,0.002,1.0,0.5,1.0,0.005,1.0,0.033,1.0,0.038,1.0,0.0,0.0,0.0,0.0,0.0,0.0,0.0,0.0
2023-04-15 08:00:00,DATAR1,2023-04-15 08:00:00,131121.0,80.0,1.0,25.0,1.0,0.022,1.0,0.002,1.0,0.5,1.0,0.004,1.0,0.027,1.0,0.031,1.0,0.0,0.0,0.0,0.0,0.0,0.0,0.0,0.0
2023-04-15 09:00:00,DATAR1,2023-04-15 09:00:00,131121.0,86.0,1.0,24.0,1.0,0.022,1.0,0.002,1.0,0.5,1.0,0.007,1.0,0.029,1.0,0.036,1.0,0.0,0.0,0.0,0.0,0.0,0.0,0.0,0.0
2023-04-15 10:00:00,DATAR1,2023-04-15 10:00:00,131121.0,74.0,1.0,23.0,1.0,0.03,1.0,0.002,1.0,0.4,1.0,0.005,1.0,0.023,1.0,0.028,1.0,0.0,0.0,0.0,0.0,0.0,0.0,0.0,0.0
2023-04-15 11:00:00,DATAR1,2023-04-15 11:00:00,131121.0,64.0,1.0,20.0,1.0,0.033,1.0,0.002,1.0,0.4,1.0,0.003,1.0,0.022,1.0,0.024,1.0,0.0,0.0,0.0,0.0,0.0,0.0,0.0,0.0
2023-04-15 12:00:00,DATAR1,2023-04-15 12:00:00,131121.0,59.0,1.0,19.0,1.0,0.033,1.0,0.001,1.0,0.4,1.0,0.002,1.0,0.019,1.0,0.021,1.0,0.0,0.0,0.0,0.0,0.0,0.0,0.0,0.0
2023-04-15 13:00:00,DATAR1,2023-04-15 13:00:00,131121.0,32.0,1.0,8.0,1.0,0.037,1.0,0.001,1.0,0.4,1.0,0.002,1.0,0.015,1.0,0.018,1.0,0.0,0.0,0.0,0.0,0.0,0.0,0.0,0.0
2023-04-15 14:00:00,DATAR1,2023-04-15 14:00:00,131121.0,39.0,1.0,8.0,1.0,0.036,1.0,0.001,1.0,0.4,1.0,0.002,1.0,0.017,1.0,0.019,1.0,0.0,0.0,0.0,0.0,0.0,0.0,0.0,0.0
2023-04-15 15:00:00,DATAR1,2023-04-15 15:00:00,131121.0,51.0,1.0,13.0,1.0,0.035,1.0,0.001,1.0,0.4,1.0,0.003,1.0,0.016,1.0,0.018,1.0,0.0,0.0,0.0,0.0,0.0,0.0,0.0,0.0
2023-04-15 16:00:00,DATAR1,2023-04-15 16:00:00,131121.0,44.0,1.0,14.0,1.0,0.039,1.0,0.001,1.0,0.4,1.0,0.003,1.0,0.014,1.0,0.017,1.0,0.0,0.0,0.0,0.0,0.0,0.0,0.0,0.0
2023-04-15 17:00:00,DATAR1,2023-04-15 17:00:00,131121.0,59.0,1.0,17.0,1.0,0.051,1.0,0.001,1.0,0.3,1.0,0.002,1.0,0.008,1.0,0.01,1.0,0.0,0.0,0.0,0.0,0.0,0.0,0.0,0.0
2023-04-15 18:00:00,DATAR1,2023-04-15 18:00:00,131121.0,68.0,1.0,19.0,1.0,0.051,1.0,0.001,1.0,0.3,1.0,0.002,1.0,0.009,1.0,0.011,1.0,0.0,0.0,0.0,0.0,0.0,0.0,0.0,0.0
2023-04-15 19:00:00,DATAR1,2023-04-15 19:00:00,131121.0,84.0,1.0,21.0,1.0,0.054,1.0,0.002,1.0,0.4,1.0,0.002,1.0,0.012,1.0,0.014,1.0,0.0,0.0,0.0,0.0,0.0,0.0,0.0,0.0
2023-04-15 20:00:00,DATAR1,2023-04-15 20:00:00,131121.0,80.0,1.0,24.0,1.0,0.033,1.0,0.001,1.0,0.5,1.0,0.002,1.0,0.019,1.0,0.02,1.0,0.0,0.0,0.0,0.0,0.0,0.0,0.0,0.0
2023-04-15 21:00:00,DATAR1,2023-04-15 21:00:00,131121.0,61.0,1.0,21.0,1.0,0.03,1.0,0.001,1.0,0.5,1.0,0.001,1.0,0.016,1.0,0.017,1.0,0.0,0.0,0.0,0.0,0.0,0.0,0.0,0.0
2023-04-15 22:00:00,DATAR1,2023-04-15 22:00:00,131121.0,61.0,1.0,22.0,1.0,0.033,1.0,0.001,1.0,0.4,1.0,0.001,1.0,0.012,1.0,0.013,1.0,0.0,0.0,0.0,0.0,0.0,0.0,0.0,0.0
2023-04-15 23:00:00,DATAR1,2023-04-15 23:00:00,131121.0,53.0,1.0,21.0,1.0,0.034,1.0,0.001,1.0,0.4,1.0,0.001,1.0,0.012,1.0,0.013,1.0,0.0,0.0,0.0,0.0,0.0,0.0,0.0,0.0
2023-04-16 00:00:00,DATAR1,2023-04-16 00:00:00,131121.0,74.0,1.0,21.0,1.0,0.038,1.0,0.001,1.0,0.4,1.0,0.001,1.0,0.012,1.0,0.014,1.0,0.0,0.0,0.0,0.0,0.0,0.0,0.0,0.0
2023-04-16 01:00:00,DATAR1,2023-04-16 01:00:00,131121.0,98.0,1.0,14.0,1.0,0.037,1.0,0.001,1.0,0.4,1.0,0.001,1.0,0.011,1.0,0.012,1.0,0.0,0.0,0.0,0.0,0.0,0.0,0.0,0.0
2023-04-16 02:00:00,DATAR1,2023-04-16 02:00:00,131121.0,98.0,1.0,18.0,1.0,0.036,1.0,0.001,1.0,0.4,1.0,0.001,1.0,0.009,1.0,0.01,1.0,0.0,0.0,0.0,0.0,0.0,0.0,0.0,0.0
2023-04-16 03:00:00,DATAR1,2023-04-16 03:00:00,131121.0,96.0,1.0,29.0,1.0,0.031,1.0,0.001,1.0,0.4,1.0,0.001,1.0,0.009,1.0,0.01,1.0,0.0,0.0,0.0,0.0,0.0,0.0,0.0,0.0
2023-04-16 04:00:00,DATAR1,2023-04-16 04:00:00,131121.0,85.0,1.0,31.0,1.0,0.029,1.0,0.001,1.0,0.5,1.0,0.001,1.0,0.011,1.0,0.013,1.0,0.0,0.0,0.0,0.0,0.0,0.0,0.0,0.0
2023-04-16 05:00:00,DATAR1,2023-04-16 05:00:00,131121.0,94.0,1.0,36.0,1.0,0.034,1.0,0.001,1.0,0.4,1.0,0.001,1.0,0.009,1.0,0.01,1.0,0.0,0.0,0.0,0.0,0.0,0.0,0.0,0.0
2023-04-16 06:00:00,DATAR1,2023-04-16 06:00:00,131121.0,106.0,1.0,38.0,1.0,0.035,1.0,0.001,1.0,0.4,1.0,0.001,1.0,0.01,1.0,0.012,1.0,0.0,0.0,0.0,0.0,0.0,0.0,0.0,0.0
2023-04-16 07:00:00,DATAR1,2023-04-16 07:00:00,131121.0,104.0,1.0,39.0,1.0,0.032,1.0,0.001,1.0,0.5,1.0,0.001,1.0,0.013,1.0,0.014,1.0,0.0,0.0,0.0,0.0,0.0,0.0,0.0,0.0
2023-04-16 08:00:00,DATAR1,2023-04-16 08:00:00,131121.0,104.0,1.0,39.0,1.0,0.029,1.0,0.001,1.0,0.5,1.0,0.001,1.0,0.014,1.0,0.015,1.0,0.0,0.0,0.0,0.0,0.0,0.0,0.0,0.0
2023-04-16 09:00:00,DATAR1,2023-04-16 09:00:00,131121.0,99.0,1.0,37.0,1.0,0.026,1.0,0.001,1.0,0.4,1.0,0.003,1.0,0.016,1.0,0.019,1.0,0.0,0.0,0.0,0.0,0.0,0.0,0.0,0.0
2023-04-16 10:00:00,DATAR1,2023-04-16 10:00:00,131121.0,102.0,1.0,36.0,1.0,0.028,1.0,0.001,1.0,0.4,1.0,0.003,1.0,0.013,1.0,0.016,1.0,0.0,0.0,0.0,0.0,0.0,0.0,0.0,0.0
2023-04-16 11:00:00,DATAR1,2023-04-16 11:00:00,131121.0,109.0,1.0,34.0,1.0,0.03,1.0,0.001,1.0,0.4,1.0,0.003,1.0,0.011,1.0,0.015,1.0,0.0,0.0,0.0,0.0,0.0,0.0,0.0,0.0
2023-04-16 12:00:00,DATAR1,2023-04-16 12:00:00,131121.0,128.0,1.0,30.0,1.0,0.033,1.0,0.001,1.0,0.4,1.0,0.003,1.0,0.012,1.0,0.015,1.0,0.0,0.0,0.0,0.0,0.0,0.0,0.0,0.0
2023-04-16 13:00:00,DATAR1,2023-04-16 13:00:00,131121.0,139.0,1.0,30.0,1.0,0.038,1.0,0.002,1.0,0.4,1.0,0.003,1.0,0.012,1.0,0.015,1.0,0.0,0.0,0.0,0.0,0.0,0.0,0.0,0.0
2023-04-16 14:00:00,DATAR1,2023-04-16 14:00:00,131121.0,150.0,1.0,29.0,1.0,0.036,1.0,0.002,1.0,0.4,1.0,0.003,1.0,0.014,1.0,0.017,1.0,0.0,0.0,0.0,0.0,0.0,0.0,0.0,0.0
2023-04-16 15:00:00,DATAR1,2023-04-16 15:00:00,131121.0,149.0,1.0,29.0,1.0,0.044,1.0,0.002,1.0,0.5,1.0,0.003,1.0,0.013,1.0,0.016,1.0,0.0,0.0,0.0,0.0,0.0,0.0,0.0,0.0
2023-04-16 16:00:00,DATAR1,2023-04-16 16:00:00,131121.0,132.0,1.0,33.0,1.0,0.051,1.0,0.002,1.0,0.4,1.0,0.002,1.0,0.008,1.0,0.01,1.0,0.0,0.0,0.0,0.0,0.0,0.0,0.0,0.0
2023-04-16 17:00:00,DATAR1,2023-04-16 17:00:00,131121.0,118.0,1.0,30.0,1.0,0.052,1.0,0.002,1.0,0.3,1.0,0.002,1.0,0.007,1.0,0.009,1.0,0.0,0.0,0.0,0.0,0.0,0.0,0.0,0.0
2023-04-16 18:00:00,DATAR1,2023-04-16 18:00:00,131121.0,115.0,1.0,24.0,1.0,0.054,1.0,0.002,1.0,0.3,1.0,0.001,1.0,0.006,1.0,0.007,1.0,0.0,0.0,0.0,0.0,0.0,0.0,0.0,0.0
2023-04-16 19:00:00,DATAR1,2023-04-16 19:00:00,131121.0,128.0,1.0,21.0,1.0,0.052,1.0,0.001,1.0,0.3,1.0,0.001,1.0,0.006,1.0,0.008,1.0,0.0,0.0,0.0,0.0,0.0,0.0,0.0,0.0
2023-04-16 20:00:00,DATAR1,2023-04-16 20:00:00,131121.0,73.0,1.0,15.0,1.0,0.049,1.0,0.001,1.0,0.4,1.0,0.001,1.0,0.009,1.0,0.01,1.0,0.0,0.0,0.0,0.0,0.0,0.0,0.0,0.0
2023-04-16 21:00:00,DATAR1,2023-04-16 21:00:00,131121.0,64.0,1.0,15.0,1.0,0.043,1.0,0.001,1.0,0.4,1.0,0.001,1.0,0.013,1.0,0.014,1.0,0.0,0.0,0.0,0.0,0.0,0.0,0.0,0.0
2023-04-16 22:00:00,DATAR1,2023-04-16 22:00:00,131121.0,77.0,1.0,17.0,1.0,0.032,1.0,0.001,1.0,0.5,1.0,0.001,1.0,0.021,1.0,0.022,1.0,0.0,0.0,0.0,0.0,0.0,0.0,0.0,0.0
2023-04-16 23:00:00,DATAR1,2023-04-16 23:00:00,131121.0,85.0,1.0,20.0,1.0,0.035,1.0,0.001,1.0,0.4,1.0,0.001,1.0,0.017,1.0,0.018,1.0,0.0,0.0,0.0,0.0,0.0,0.0,0.0,0.0
2023-04-17 00:00:00,DATAR1,2023-04-17 00:00:00,131121.0,107.0,1.0,22.0,1.0,0.045,1.0,0.001,1.0,0.4,1.0,0.001,1.0,0.012,1.0,0.013,1.0,0.0,0.0,0.0,0.0,0.0,0.0,0.0,0.0
2023-04-17 01:00:00,DATAR1,2023-04-17 01:00:00,131121.0,118.0,1.0,21.0,1.0,0.037,1.0,0.001,1.0,0.5,1.0,0.001,1.0,0.015,1.0,0.016,1.0,0.0,0.0,0.0,0.0,0.0,0.0,0.0,0.0
2023-04-17 02:00:00,DATAR1,2023-04-17 02:00:00,131121.0,125.0,1.0,21.0,1.0,0.035,1.0,0.001,1.0,0.5,1.0,0.001,1.0,0.014,1.0,0.014,1.0,0.0,0.0,0.0,0.0,0.0,0.0,0.0,0.0
2023-04-17 03:00:00,DATAR1,2023-04-17 03:00:00,131121.0,122.0,1.0,26.0,1.0,0.035,1.0,0.001,1.0,0.4,1.0,0.001,1.0,0.012,1.0,0.014,1.0,0.0,0.0,0.0,0.0,0.0,0.0,0.0,0.0
2023-04-17 04:00:00,DATAR1,2023-04-17 04:00:00,131121.0,120.0,1.0,28.0,1.0,0.031,1.0,0.001,1.0,0.4,1.0,0.001,1.0,0.013,1.0,0.014,1.0,0.0,0.0,0.0,0.0,0.0,0.0,0.0,0.0
2023-04-17 05:00:00,DATAR1,2023-04-17 05:00:00,131121.0,116.0,1.0,29.0,1.0,0.028,1.0,0.001,1.0,0.5,1.0,0.001,1.0,0.016,1.0,0.018,1.0,0.0,0.0,0.0,0.0,0.0,0.0,0.0,0.0
2023-04-17 06:00:00,DATAR1,2023-04-17 06:00:00,131121.0,117.0,1.0,26.0,1.0,0.022,1.0,0.001,1.0,0.5,1.0,0.002,1.0,0.025,1.0,0.027,1.0,0.0,0.0,0.0,0.0,0.0,0.0,0.0,0.0
2023-04-17 07:00:00,DATAR1,2023-04-17 07:00:00,131121.0,108.0,1.0,28.0,1.0,0.028,1.0,0.001,1.0,0.4,1.0,0.002,1.0,0.019,1.0,0.021,1.0,0.0,0.0,0.0,0.0,0.0,0.0,0.0,0.0
2023-04-17 08:00:00,DATAR1,2023-04-17 08:00:00,131121.0,101.0,1.0,28.0,1.0,0.027,1.0,0.002,1.0,0.4,1.0,0.007,1.0,0.023,1.0,0.03,1.0,0.0,0.0,0.0,0.0,0.0,0.0,0.0,0.0
2023-04-17 09:00:00,DATAR1,2023-04-17 09:00:00,131121.0,94.0,1.0,30.0,1.0,0.03,1.0,0.002,1.0,0.5,1.0,0.008,1.0,0.02,1.0,0.028,1.0,0.0,0.0,0.0,0.0,0.0,0.0,0.0,0.0
2023-04-17 10:00:00,DATAR1,2023-04-17 10:00:00,131121.0,98.0,1.0,28.0,1.0,0.029,1.0,0.002,1.0,0.4,1.0,0.008,1.0,0.021,1.0,0.029,1.0,0.0,0.0,0.0,0.0,0.0,0.0,0.0,0.0
2023-04-17 11:00:00,DATAR1,2023-04-17 11:00:00,131121.0,97.0,1.0,28.0,1.0,0.038,1.0,0.002,1.0,0.5,1.0,0.007,1.0,0.022,1.0,0.03,1.0,0.0,0.0,0.0,0.0,0.0,0.0,0.0,0.0
2023-04-17 12:00:00,DATAR1,2023-04-17 12:00:00,131121.0,94.0,1.0,24.0,1.0,0.05,1.0,0.002,1.0,0.5,1.0,0.005,1.0,0.018,1.0,0.022,1.0,0.0,0.0,0.0,0.0,0.0,0.0,0.0,0.0
2023-04-17 13:00:00,DATAR1,2023-04-17 13:00:00,131121.0,100.0,1.0,22.0,1.0,0.056,1.0,0.003,1.0,0.4,1.0,0.003,1.0,0.016,1.0,0.018,1.0,0.0,0.0,0.0,0.0,0.0,0.0,0.0,0.0
2023-04-17 14:00:00,DATAR1,2023-04-17 14:00:00,131121.0,112.0,1.0,25.0,1.0,0.056,1.0,0.003,1.0,0.5,1.0,0.003,1.0,0.016,1.0,0.019,1.0,0.0,0.0,0.0,0.0,0.0,0.0,0.0,0.0
2023-04-17 15:00:00,DATAR1,2023-04-17 15:00:00,131121.0,95.0,1.0,24.0,1.0,0.059,1.0,0.002,1.0,0.4,1.0,0.002,1.0,0.013,1.0,0.015,1.0,0.0,0.0,0.0,0.0,0.0,0.0,0.0,0.0
2023-04-17 16:00:00,DATAR1,2023-04-17 16:00:00,131121.0,99.0,1.0,25.0,1.0,0.059,1.0,0.002,1.0,0.4,1.0,0.002,1.0,0.014,1.0,0.016,1.0,0.0,0.0,0.0,0.0,0.0,0.0,0.0,0.0
2023-04-17 17:00:00,DATAR1,2023-04-17 17:00:00,131121.0,101.0,1.0,22.0,1.0,0.06,1.0,0.002,1.0,0.4,1.0,0.004,1.0,0.015,1.0,0.018,1.0,0.0,0.0,0.0,0.0,0.0,0.0,0.0,0.0
2023-04-17 18:00:00,DATAR1,2023-04-17 18:00:00,131121.0,102.0,1.0,22.0,1.0,0.06,1.0,0.002,1.0,0.4,1.0,0.002,1.0,0.014,1.0,0.015,1.0,0.0,0.0,0.0,0.0,0.0,0.0,0.0,0.0
2023-04-17 19:00:00,DATAR1,2023-04-17 19:00:00,131121.0,95.0,1.0,25.0,1.0,0.054,1.0,0.002,1.0,0.5,1.0,0.001,1.0,0.016,1.0,0.018,1.0,0.0,0.0,0.0,0.0,0.0,0.0,0.0,0.0
2023-04-17 20:00:00,DATAR1,2023-04-17 20:00:00,131121.0,88.0,1.0,25.0,1.0,0.052,1.0,0.002,1.0,0.5,1.0,0.001,1.0,0.017,1.0,0.019,1.0,0.0,0.0,0.0,0.0,0.0,0.0,0.0,0.0
2023-04-17 21:00:00,DATAR1,2023-04-17 21:00:00,131121.0,96.0,1.0,29.0,1.0,0.052,1.0,0.002,1.0,0.5,1.0,0.001,1.0,0.017,1.0,0.018,1.0,0.0,0.0,0.0,0.0,0.0,0.0,0.0,0.0
2023-04-17 22:00:00,DATAR1,2023-04-17 22:00:00,131121.0,98.0,1.0,28.0,1.0,0.053,1.0,0.002,1.0,0.5,1.0,0.001,1.0,0.012,1.0,0.013,1.0,0.0,0.0,0.0,0.0,0.0,0.0,0.0,0.0
2023-04-17 23:00:00,DATAR1,2023-04-17 23:00:00,131121.0,94.0,1.0,33.0,1.0,0.054,1.0,0.002,1.0,0.4,1.0,0.001,1.0,0.01,1.0,0.011,1.0,0.0,0.0,0.0,0.0,0.0,0.0,0.0,0.0
2023-04-18 00:00:00,DATAR1,2023-04-18 00:00:00,131121.0,89.0,1.0,30.0,1.0,0.053,1.0,0.002,1.0,0.4,1.0,0.001,1.0,0.009,1.0,0.01,1.0,0.0,0.0,0.0,0.0,0.0,0.0,0.0,0.0
2023-04-18 01:00:00,DATAR1,2023-04-18 01:00:00,131121.0,92.0,1.0,32.0,1.0,0.051,1.0,0.002,1.0,0.4,1.0,0.001,1.0,0.008,1.0,0.009,1.0,0.0,0.0,0.0,0.0,0.0,0.0,0.0,0.0
2023-04-18 02:00:00,DATAR1,2023-04-18 02:00:00,131121.0,96.0,1.0,32.0,1.0,0.047,1.0,0.002,1.0,0.5,1.0,0.001,1.0,0.008,1.0,0.009,1.0,0.0,0.0,0.0,0.0,0.0,0.0,0.0,0.0
2023-04-18 03:00:00,DATAR1,2023-04-18 03:00:00,131121.0,89.0,1.0,26.0,1.0,0.046,1.0,0.002,1.0,0.4,1.0,0.001,1.0,0.008,1.0,0.009,1.0,0.0,0.0,0.0,0.0,0.0,0.0,0.0,0.0
2023-04-18 04:00:00,DATAR1,2023-04-18 04:00:00,131121.0,89.0,1.0,24.0,1.0,0.048,1.0,0.002,1.0,0.5,1.0,0.001,1.0,0.007,1.0,0.008,1.0,0.0,0.0,0.0,0.0,0.0,0.0,0.0,0.0
2023-04-18 05:00:00,DATAR1,2023-04-18 05:00:00,131121.0,84.0,1.0,24.0,1.0,0.046,1.0,0.002,1.0,0.4,1.0,0.001,1.0,0.007,1.0,0.008,1.0,0.0,0.0,0.0,0.0,0.0,0.0,0.0,0.0
2023-04-18 06:00:00,DATAR1,2023-04-18 06:00:00,131121.0,82.0,1.0,24.0,1.0,0.047,1.0,0.002,1.0,0.4,1.0,0.001,1.0,0.008,1.0,0.008,1.0,0.0,0.0,0.0,0.0,0.0,0.0,0.0,0.0
2023-04-18 07:00:00,DATAR1,2023-04-18 07:00:00,131121.0,80.0,1.0,23.0,1.0,0.042,1.0,0.001,1.0,0.4,1.0,0.001,1.0,0.008,1.0,0.009,1.0,0.0,0.0,0.0,0.0,0.0,0.0,0.0,0.0
2023-04-18 08:00:00,DATAR1,2023-04-18 08:00:00,131121.0,65.0,1.0,21.0,1.0,0.036,1.0,0.001,1.0,0.5,1.0,0.002,1.0,0.012,1.0,0.014,1.0,0.0,0.0,0.0,0.0,0.0,0.0,0.0,0.0
2023-04-18 09:00:00,DATAR1,2023-04-18 09:00:00,131121.0,59.0,1.0,19.0,1.0,0.033,1.0,0.001,1.0,0.4,1.0,0.002,1.0,0.014,1.0,0.016,1.0,0.0,0.0,0.0,0.0,0.0,0.0,0.0,0.0
2023-04-18 10:00:00,DATAR1,2023-04-18 10:00:00,131121.0,43.0,1.0,18.0,1.0,0.032,1.0,0.001,1.0,0.5,1.0,0.001,1.0,0.014,1.0,0.016,1.0,0.0,0.0,0.0,0.0,0.0,0.0,0.0,0.0
2023-04-18 11:00:00,DATAR1,2023-04-18 11:00:00,131121.0,39.0,1.0,15.0,1.0,0.035,1.0,0.001,1.0,0.4,1.0,0.002,1.0,0.009,1.0,0.01,1.0,0.0,0.0,0.0,0.0,0.0,0.0,0.0,0.0
2023-04-18 12:00:00,DATAR1,2023-04-18 12:00:00,131121.0,11.0,1.0,12.0,1.0,0.03,1.0,0.001,1.0,0.4,1.0,0.002,1.0,0.012,1.0,0.014,1.0,0.0,0.0,0.0,0.0,0.0,0.0,0.0,0.0
2023-04-18 13:00:00,DATAR1,2023-04-18 13:00:00,131121.0,22.0,1.0,8.0,1.0,0.032,1.0,0.001,1.0,0.4,1.0,0.002,1.0,0.011,1.0,0.013,1.0,0.0,0.0,0.0,0.0,0.0,0.0,0.0,0.0
2023-04-18 14:00:00,DATAR1,2023-04-18 14:00:00,131121.0,8.0,1.0,9.0,1.0,0.034,1.0,0.001,1.0,0.4,1.0,0.003,1.0,0.012,1.0,0.014,1.0,0.0,0.0,0.0,0.0,0.0,0.0,0.0,0.0
2023-04-18 15:00:00,DATAR1,2023-04-18 15:00:00,131121.0,12.0,1.0,5.0,1.0,0.036,1.0,0.001,1.0,0.4,1.0,0.003,1.0,0.01,1.0,0.013,1.0,0.0,0.0,0.0,0.0,0.0,0.0,0.0,0.0
2023-04-18 16:00:00,DATAR1,2023-04-18 16:00:00,131121.0,8.0,1.0,6.0,1.0,0.04,1.0,0.001,1.0,0.4,1.0,0.002,1.0,0.008,1.0,0.011,1.0,0.0,0.0,0.0,0.0,0.0,0.0,0.0,0.0
2023-04-18 17:00:00,DATAR1,2023-04-18 17:00:00,131121.0,19.0,1.0,7.0,1.0,0.04,1.0,0.001,1.0,0.4,1.0,0.002,1.0,0.009,1.0,0.011,1.0,0.0,0.0,0.0,0.0,0.0,0.0,0.0,0.0
2023-04-18 18:00:00,DATAR1,2023-04-18 18:00:00,131121.0,17.0,1.0,6.0,1.0,0.035,1.0,0.001,1.0,0.4,1.0,0.002,1.0,0.01,1.0,0.012,1.0,0.0,0.0,0.0,0.0,0.0,0.0,0.0,0.0
2023-04-18 19:00:00,DATAR1,2023-04-18 19:00:00,131121.0,20.0,1.0,7.0,1.0,0.036,1.0,0.001,1.0,0.4,1.0,0.002,1.0,0.011,1.0,0.013,1.0,0.0,0.0,0.0,0.0,0.0,0.0,0.0,0.0
2023-04-18 20:00:00,DATAR1,2023-04-18 20:00:00,131121.0,20.0,1.0,7.0,1.0,0.032,1.0,0.001,1.0,0.5,1.0,0.001,1.0,0.015,1.0,0.017,1.0,0.0,0.0,0.0,0.0,0.0,0.0,0.0,0.0
2023-04-18 21:00:00,DATAR1,2023-04-18 21:00:00,131121.0,16.0,1.0,8.0,1.0,0.03,1.0,0.001,1.0,0.4,1.0,0.001,1.0,0.015,1.0,0.016,1.0,0.0,0.0,0.0,0.0,0.0,0.0,0.0,0.0
2023-04-18 22:00:00,DATAR1,2023-04-18 22:00:00,131121.0,13.0,1.0,7.0,1.0,0.024,1.0,0.001,1.0,0.4,1.0,0.001,1.0,0.017,1.0,0.018,1.0,0.0,0.0,0.0,0.0,0.0,0.0,0.0,0.0
2023-04-18 23:00:00,DATAR1,2023-04-18 23:00:00,131121.0,23.0,1.0,10.0,1.0,0.026,1.0,0.001,1.0,0.4,1.0,0.001,1.0,0.014,1.0,0.015,1.0,0.0,0.0,0.0,0.0,0.0,0.0,0.0,0.0
2023-04-19 00:00:00,DATAR1,2023-04-19 00:00:00,131121.0,19.0,1.0,10.0,1.0,0.025,1.0,0.001,1.0,0.4,1.0,0.001,1.0,0.013,1.0,0.014,1.0,0.0,0.0,0.0,0.0,0.0,0.0,0.0,0.0
2023-04-19 01:00:00,DATAR1,2023-04-19 01:00:00,131121.0,15.0,1.0,3.0,1.0,0.033,1.0,0.001,1.0,0.4,1.0,0.001,1.0,0.008,1.0,0.009,1.0,0.0,0.0,0.0,0.0,0.0,0.0,0.0,0.0
2023-04-19 02:00:00,DATAR1,2023-04-19 02:00:00,131121.0,20.0,1.0,4.0,1.0,0.037,1.0,0.001,1.0,0.4,1.0,0.001,1.0,0.005,1.0,0.006,1.0,0.0,0.0,0.0,0.0,0.0,0.0,0.0,0.0
2023-04-19 03:00:00,DATAR1,2023-04-19 03:00:00,131121.0,24.0,1.0,9.0,1.0,0.039,1.0,0.001,1.0,0.4,1.0,0.001,1.0,0.005,1.0,0.006,1.0,0.0,0.0,0.0,0.0,0.0,0.0,0.0,0.0
2023-04-19 04:00:00,DATAR1,2023-04-19 04:00:00,131121.0,19.0,1.0,10.0,1.0,0.038,1.0,0.001,1.0,0.4,1.0,0.001,1.0,0.006,1.0,0.007,1.0,0.0,0.0,0.0,0.0,0.0,0.0,0.0,0.0
2023-04-19 05:00:00,DATAR1,2023-04-19 05:00:00,131121.0,24.0,1.0,10.0,1.0,0.031,1.0,0.001,1.0,0.4,1.0,0.001,1.0,0.006,1.0,0.007,1.0,0.0,0.0,0.0,0.0,0.0,0.0,0.0,0.0
2023-04-19 06:00:00,DATAR1,2023-04-19 06:00:00,131121.0,22.0,1.0,12.0,1.0,0.033,1.0,0.001,1.0,0.4,1.0,0.001,1.0,0.008,1.0,0.009,1.0,0.0,0.0,0.0,0.0,0.0,0.0,0.0,0.0
2023-04-19 07:00:00,DATAR1,2023-04-19 07:00:00,131121.0,17.0,1.0,10.0,1.0,0.02,1.0,0.001,1.0,0.5,1.0,0.018,1.0,0.028,1.0,0.047,1.0,0.0,0.0,0.0,0.0,0.0,0.0,0.0,0.0
2023-04-19 08:00:00,DATAR1,2023-04-19 08:00:00,131121.0,27.0,1.0,11.0,1.0,0.007,1.0,0.001,1.0,0.5,1.0,0.034,1.0,0.039,1.0,0.072,1.0,0.0,0.0,0.0,0.0,0.0,0.0,0.0,0.0
2023-04-19 09:00:00,DATAR1,2023-04-19 09:00:00,131121.0,12.0,1.0,11.0,1.0,0.024,1.0,0.001,1.0,0.4,1.0,0.014,1.0,0.021,1.0,0.035,1.0,0.0,0.0,0.0,0.0,0.0,0.0,0.0,0.0
2023-04-19 10:00:00,DATAR1,2023-04-19 10:00:00,131121.0,19.0,1.0,8.0,1.0,0.035,1.0,0.001,1.0,0.3,1.0,0.003,1.0,0.009,1.0,0.012,1.0,0.0,0.0,0.0,0.0,0.0,0.0,0.0,0.0
2023-04-19 11:00:00,DATAR1,2023-04-19 11:00:00,131121.0,18.0,1.0,12.0,1.0,0.038,1.0,0.001,1.0,0.4,1.0,0.003,1.0,0.009,1.0,0.012,1.0,0.0,0.0,0.0,0.0,0.0,0.0,0.0,0.0
2023-04-19 12:00:00,DATAR1,2023-04-19 12:00:00,131121.0,18.0,1.0,7.0,1.0,0.047,1.0,0.001,1.0,0.4,1.0,0.002,1.0,0.007,1.0,0.009,1.0,0.0,0.0,0.0,0.0,0.0,0.0,0.0,0.0
2023-04-19 13:00:00,DATAR1,2023-04-19 13:00:00,131121.0,24.0,1.0,7.0,1.0,0.053,1.0,0.001,1.0,0.4,1.0,0.002,1.0,0.008,1.0,0.009,1.0,0.0,0.0,0.0,0.0,0.0,0.0,0.0,0.0
2023-04-19 14:00:00,DATAR1,2023-04-19 14:00:00,131121.0,36.0,1.0,4.0,1.0,0.057,1.0,0.001,1.0,0.4,1.0,0.002,1.0,0.007,1.0,0.009,1.0,0.0,0.0,0.0,0.0,0.0,0.0,0.0,0.0
2023-04-19 15:00:00,DATAR1,2023-04-19 15:00:00,131121.0,26.0,1.0,5.0,1.0,0.06,1.0,0.001,1.0,0.4,1.0,0.002,1.0,0.008,1.0,0.01,1.0,0.0,0.0,0.0,0.0,0.0,0.0,0.0,0.0
2023-04-19 16:00:00,DATAR1,2023-04-19 16:00:00,131121.0,33.0,1.0,8.0,1.0,0.061,1.0,0.001,1.0,0.4,1.0,0.002,1.0,0.01,1.0,0.012,1.0,0.0,0.0,0.0,0.0,0.0,0.0,0.0,0.0
2023-04-19 17:00:00,DATAR1,2023-04-19 17:00:00,131121.0,41.0,1.0,8.0,1.0,0.068,1.0,0.001,1.0,0.4,1.0,0.002,1.0,0.012,1.0,0.014,1.0,0.0,0.0,0.0,0.0,0.0,0.0,0.0,0.0
2023-04-19 18:00:00,DATAR1,2023-04-19 18:00:00,131121.0,30.0,1.0,12.0,1.0,0.067,1.0,0.001,1.0,0.3,1.0,0.002,1.0,0.018,1.0,0.02,1.0,0.0,0.0,0.0,0.0,0.0,0.0,0.0,0.0
2023-04-19 19:00:00,DATAR1,2023-04-19 19:00:00,131121.0,58.0,1.0,12.0,1.0,0.074,1.0,0.002,1.0,0.4,1.0,0.002,1.0,0.026,1.0,0.027,1.0,0.0,0.0,0.0,0.0,0.0,0.0,0.0,0.0
2023-04-19 20:00:00,DATAR1,2023-04-19 20:00:00,131121.0,74.0,1.0,27.0,1.0,0.071,1.0,0.002,1.0,0.4,1.0,0.001,1.0,0.024,1.0,0.025,1.0,0.0,0.0,0.0,0.0,0.0,0.0,0.0,0.0
2023-04-19 21:00:00,DATAR1,2023-04-19 21:00:00,131121.0,61.0,1.0,34.0,1.0,0.061,1.0,0.002,1.0,0.5,1.0,0.001,1.0,0.016,1.0,0.017,1.0,0.0,0.0,0.0,0.0,0.0,0.0,0.0,0.0
2023-04-19 22:00:00,DATAR1,2023-04-19 22:00:00,131121.0,51.0,1.0,25.0,1.0,0.048,1.0,0.002,1.0,0.5,1.0,0.001,1.0,0.02,1.0,0.021,1.0,0.0,0.0,0.0,0.0,0.0,0.0,0.0,0.0
2023-04-19 23:00:00,DATAR1,2023-04-19 23:00:00,131121.0,41.0,1.0,17.0,1.0,0.042,1.0,0.002,1.0,0.6,1.0,0.001,1.0,0.022,1.0,0.023,1.0,0.0,0.0,0.0,0.0,0.0,0.0,0.0,0.0
2023-04-20 00:00:00,DATAR1,2023-04-20 00:00:00,131121.0,44.0,1.0,14.0,1.0,0.037,1.0,0.002,1.0,0.6,1.0,0.001,1.0,0.018,1.0,0.019,1.0,0.0,0.0,0.0,0.0,0.0,0.0,0.0,0.0
2023-04-20 01:00:00,DATAR1,2023-04-20 01:00:00,131121.0,61.0,1.0,20.0,1.0,0.037,1.0,0.002,1.0,0.6,1.0,0.001,1.0,0.014,1.0,0.015,1.0,0.0,0.0,0.0,0.0,0.0,0.0,0.0,0.0
2023-04-20 02:00:00,DATAR1,2023-04-20 02:00:00,131121.0,56.0,1.0,26.0,1.0,0.041,1.0,0.002,1.0,0.5,1.0,0.001,1.0,0.009,1.0,0.01,1.0,0.0,0.0,0.0,0.0,0.0,0.0,0.0,0.0
2023-04-20 03:00:00,DATAR1,2023-04-20 03:00:00,131121.0,43.0,1.0,26.0,1.0,0.04,1.0,0.001,1.0,0.5,1.0,0.001,1.0,0.008,1.0,0.008,1.0,0.0,0.0,0.0,0.0,0.0,0.0,0.0,0.0
2023-04-20 04:00:00,DATAR1,2023-04-20 04:00:00,131121.0,26.0,1.0,26.0,1.0,0.043,1.0,0.001,1.0,0.4,1.0,0.001,1.0,0.005,1.0,0.006,1.0,0.0,0.0,0.0,0.0,0.0,0.0,0.0,0.0
2023-04-20 05:00:00,DATAR1,2023-04-20 05:00:00,131121.0,14.0,1.0,15.0,1.0,0.039,1.0,0.001,1.0,0.3,1.0,0.001,1.0,0.006,1.0,0.007,1.0,0.0,0.0,0.0,0.0,0.0,0.0,0.0,0.0
2023-04-20 06:00:00,DATAR1,2023-04-20 06:00:00,131121.0,18.0,1.0,10.0,1.0,0.034,1.0,0.001,1.0,0.4,1.0,0.001,1.0,0.01,1.0,0.011,1.0,0.0,0.0,0.0,0.0,0.0,0.0,0.0,0.0
2023-04-20 07:00:00,DATAR1,2023-04-20 07:00:00,131121.0,17.0,1.0,9.0,1.0,0.028,1.0,0.001,1.0,0.4,1.0,0.002,1.0,0.016,1.0,0.018,1.0,0.0,0.0,0.0,0.0,0.0,0.0,0.0,0.0
2023-04-20 08:00:00,DATAR1,2023-04-20 08:00:00,131121.0,16.0,1.0,9.0,1.0,0.025,1.0,0.001,1.0,0.4,1.0,0.002,1.0,0.017,1.0,0.018,1.0,0.0,0.0,0.0,0.0,0.0,0.0,0.0,0.0
2023-04-20 09:00:00,DATAR1,2023-04-20 09:00:00,131121.0,20.0,1.0,13.0,1.0,0.022,1.0,0.001,1.0,0.4,1.0,0.003,1.0,0.023,1.0,0.026,1.0,0.0,0.0,0.0,0.0,0.0,0.0,0.0,0.0
2023-04-20 10:00:00,DATAR1,2023-04-20 10:00:00,131121.0,21.0,1.0,11.0,1.0,0.026,1.0,0.001,1.0,0.4,1.0,0.005,1.0,0.022,1.0,0.027,1.0,0.0,0.0,0.0,0.0,0.0,0.0,0.0,0.0
2023-04-20 11:00:00,DATAR1,2023-04-20 11:00:00,131121.0,16.0,1.0,8.0,1.0,0.037,1.0,0.001,1.0,0.4,1.0,0.004,1.0,0.014,1.0,0.018,1.0,0.0,0.0,0.0,0.0,0.0,0.0,0.0,0.0
2023-04-20 12:00:00,DATAR1,2023-04-20 12:00:00,131121.0,22.0,1.0,9.0,1.0,0.04,1.0,0.001,1.0,0.4,1.0,0.002,1.0,0.014,1.0,0.016,1.0,0.0,0.0,0.0,0.0,0.0,0.0,0.0,0.0
2023-04-20 13:00:00,DATAR1,2023-04-20 13:00:00,131121.0,22.0,1.0,8.0,1.0,0.04,1.0,0.001,1.0,0.4,1.0,0.002,1.0,0.013,1.0,0.015,1.0,0.0,0.0,0.0,0.0,0.0,0.0,0.0,0.0
2023-04-20 14:00:00,DATAR1,2023-04-20 14:00:00,131121.0,22.0,1.0,12.0,1.0,,3.0,,3.0,,3.0,,3.0,,3.0,,3.0,0.0,0.0,0.0,0.0,0.0,0.0,0.0,0.0
2023-04-20 15:00:00,DATAR1,2023-04-20 15:00:00,131121.0,31.0,1.0,11.0,1.0,,3.0,,3.0,,3.0,,3.0,,3.0,,3.0,0.0,0.0,0.0,0.0,0.0,0.0,0.0,0.0
2023-04-20 16:00:00,DATAR1,2023-04-20 16:00:00,131121.0,29.0,1.0,7.0,1.0,0.03,1.0,0.002,1.0,0.2,1.0,0.002,1.0,0.014,1.0,0.016,1.0,0.0,0.0,0.0,0.0,0.0,0.0,0.0,0.0
2023-04-20 17:00:00,DATAR1,2023-04-20 17:00:00,131121.0,24.0,1.0,13.0,1.0,0.029,1.0,0.002,1.0,0.3,1.0,0.002,1.0,0.016,1.0,0.018,1.0,0.0,0.0,0.0,0.0,0.0,0.0,0.0,0.0
2023-04-20 18:00:00,DATAR1,2023-04-20 18:00:00,131121.0,28.0,1.0,8.0,1.0,0.027,1.0,0.001,1.0,0.3,1.0,0.002,1.0,0.018,1.0,0.02,1.0,0.0,0.0,0.0,0.0,0.0,0.0,0.0,0.0
2023-04-20 19:00:00,DATAR1,2023-04-20 19:00:00,131121.0,23.0,1.0,11.0,1.0,0.022,1.0,0.002,1.0,0.5,1.0,0.002,1.0,0.028,1.0,0.03,1.0,0.0,0.0,0.0,0.0,0.0,0.0,0.0,0.0
2023-04-20 20:00:00,DATAR1,2023-04-20 20:00:00,131121.0,26.0,1.0,12.0,1.0,0.019,1.0,0.002,1.0,0.5,1.0,0.002,1.0,0.028,1.0,0.03,1.0,0.0,0.0,0.0,0.0,0.0,0.0,0.0,0.0
2023-04-20 21:00:00,DATAR1,2023-04-20 21:00:00,131121.0,30.0,1.0,13.0,1.0,0.014,1.0,0.002,1.0,0.6,1.0,0.002,1.0,0.031,1.0,0.033,1.0,0.0,0.0,0.0,0.0,0.0,0.0,0.0,0.0
2023-04-20 22:00:00,DATAR1,2023-04-20 22:00:00,131121.0,35.0,1.0,13.0,1.0,0.013,1.0,0.002,1.0,0.6,1.0,0.002,1.0,0.03,1.0,0.032,1.0,0.0,0.0,0.0,0.0,0.0,0.0,0.0,0.0
2023-04-20 23:00:00,DATAR1,2023-04-20 23:00:00,131121.0,41.0,1.0,14.0,1.0,0.011,1.0,0.002,1.0,0.6,1.0,0.002,1.0,0.029,1.0,0.031,1.0,0.0,0.0,0.0,0.0,0.0,0.0,0.0,0.0
2023-04-21 00:00:00,DATAR1,2023-04-21 00:00:00,131121.0,34.0,1.0,10.0,1.0,0.01,1.0,0.002,1.0,0.6,1.0,0.002,1.0,0.029,1.0,0.032,1.0,0.0,0.0,0.0,0.0,0.0,0.0,0.0,0.0
2023-04-21 01:00:00,DATAR1,2023-04-21 01:00:00,131121.0,36.0,1.0,7.0,1.0,0.01,1.0,0.002,1.0,0.5,1.0,0.002,1.0,0.027,1.0,0.029,1.0,0.0,0.0,0.0,0.0,0.0,0.0,0.0,0.0
2023-04-21 02:00:00,DATAR1,2023-04-21 02:00:00,131121.0,46.0,1.0,18.0,1.0,0.021,1.0,0.001,1.0,0.5,1.0,0.002,1.0,0.018,1.0,0.02,1.0,0.0,0.0,0.0,0.0,0.0,0.0,0.0,0.0
2023-04-21 03:00:00,DATAR1,2023-04-21 03:00:00,131121.0,29.0,1.0,18.0,1.0,0.033,1.0,0.002,1.0,0.5,1.0,0.001,1.0,0.01,1.0,0.011,1.0,0.0,0.0,0.0,0.0,0.0,0.0,0.0,0.0
2023-04-21 04:00:00,DATAR1,2023-04-21 04:00:00,131121.0,19.0,1.0,14.0,1.0,0.035,1.0,0.001,1.0,0.4,1.0,0.001,1.0,0.007,1.0,0.008,1.0,0.0,0.0,0.0,0.0,0.0,0.0,0.0,0.0
2023-04-21 05:00:00,DATAR1,2023-04-21 05:00:00,131121.0,20.0,1.0,13.0,1.0,0.032,1.0,0.001,1.0,0.4,1.0,0.001,1.0,0.007,1.0,0.008,1.0,0.0,0.0,0.0,0.0,0.0,0.0,0.0,0.0
2023-04-21 06:00:00,DATAR1,2023-04-21 06:00:00,131121.0,26.0,1.0,14.0,1.0,0.029,1.0,0.001,1.0,0.4,1.0,0.001,1.0,0.008,1.0,0.009,1.0,0.0,0.0,0.0,0.0,0.0,0.0,0.0,0.0
2023-04-21 07:00:00,DATAR1,2023-04-21 07:00:00,131121.0,28.0,1.0,11.0,1.0,0.026,1.0,0.001,1.0,0.4,1.0,0.002,1.0,0.011,1.0,0.012,1.0,0.0,0.0,0.0,0.0,0.0,0.0,0.0,0.0
2023-04-21 08:00:00,DATAR1,2023-04-21 08:00:00,131121.0,28.0,1.0,10.0,1.0,0.023,1.0,0.001,1.0,0.4,1.0,0.003,1.0,0.016,1.0,0.019,1.0,0.0,0.0,0.0,0.0,0.0,0.0,0.0,0.0
2023-04-21 09:00:00,DATAR1,2023-04-21 09:00:00,131121.0,33.0,1.0,12.0,1.0,0.024,1.0,0.001,1.0,0.4,1.0,0.005,1.0,0.015,1.0,0.021,1.0,0.0,0.0,0.0,0.0,0.0,0.0,0.0,0.0
2023-04-21 10:00:00,DATAR1,2023-04-21 10:00:00,131121.0,45.0,1.0,12.0,1.0,0.023,1.0,0.002,1.0,0.4,1.0,0.006,1.0,0.017,1.0,0.022,1.0,0.0,0.0,0.0,0.0,0.0,0.0,0.0,0.0
2023-04-21 11:00:00,DATAR1,2023-04-21 11:00:00,131121.0,49.0,1.0,16.0,1.0,0.023,1.0,0.002,1.0,0.4,1.0,0.005,1.0,0.018,1.0,0.023,1.0,0.0,0.0,0.0,0.0,0.0,0.0,0.0,0.0
2023-04-21 12:00:00,DATAR1,2023-04-21 12:00:00,131121.0,33.0,1.0,12.0,1.0,0.03,1.0,0.002,1.0,0.4,1.0,0.006,1.0,0.014,1.0,0.02,1.0,0.0,0.0,0.0,0.0,0.0,0.0,0.0,0.0
2023-04-21 13:00:00,DATAR1,2023-04-21 13:00:00,131121.0,47.0,1.0,12.0,1.0,0.04,1.0,0.002,1.0,0.4,1.0,0.004,1.0,0.011,1.0,0.015,1.0,0.0,0.0,0.0,0.0,0.0,0.0,0.0,0.0
2023-04-21 14:00:00,DATAR1,2023-04-21 14:00:00,131121.0,50.0,1.0,13.0,1.0,0.049,1.0,0.002,1.0,0.4,1.0,0.002,1.0,0.009,1.0,0.011,1.0,0.0,0.0,0.0,0.0,0.0,0.0,0.0,0.0
2023-04-21 15:00:00,DATAR1,2023-04-21 15:00:00,131121.0,59.0,1.0,12.0,1.0,0.055,1.0,0.002,1.0,0.4,1.0,0.002,1.0,0.008,1.0,0.01,1.0,0.0,0.0,0.0,0.0,0.0,0.0,0.0,0.0
2023-04-21 16:00:00,DATAR1,2023-04-21 16:00:00,131121.0,63.0,1.0,12.0,1.0,0.058,1.0,0.002,1.0,0.4,1.0,0.002,1.0,0.009,1.0,0.011,1.0,0.0,0.0,0.0,0.0,0.0,0.0,0.0,0.0
2023-04-21 17:00:00,DATAR1,2023-04-21 17:00:00,131121.0,63.0,1.0,9.0,1.0,0.057,1.0,0.002,1.0,0.3,1.0,0.002,1.0,0.01,1.0,0.011,1.0,0.0,0.0,0.0,0.0,0.0,0.0,0.0,0.0
2023-04-21 18:00:00,DATAR1,2023-04-21 18:00:00,131121.0,58.0,1.0,8.0,1.0,0.049,1.0,0.002,1.0,0.2,1.0,0.002,1.0,0.013,1.0,0.015,1.0,0.0,0.0,0.0,0.0,0.0,0.0,0.0,0.0
2023-04-21 19:00:00,DATAR1,2023-04-21 19:00:00,131121.0,70.0,1.0,7.0,1.0,0.041,1.0,0.002,1.0,0.3,1.0,0.002,1.0,0.017,1.0,0.019,1.0,0.0,0.0,0.0,0.0,0.0,0.0,0.0,0.0
2023-04-21 20:00:00,DATAR1,2023-04-21 20:00:00,131121.0,73.0,1.0,12.0,1.0,0.042,1.0,0.002,1.0,0.2,1.0,0.002,1.0,0.011,1.0,0.013,1.0,0.0,0.0,0.0,0.0,0.0,0.0,0.0,0.0
2023-04-21 21:00:00,DATAR1,2023-04-21 21:00:00,131121.0,82.0,1.0,13.0,1.0,0.041,1.0,0.002,1.0,0.2,1.0,0.001,1.0,0.01,1.0,0.011,1.0,0.0,0.0,0.0,0.0,0.0,0.0,0.0,0.0
2023-04-21 22:00:00,DATAR1,2023-04-21 22:00:00,131121.0,78.0,1.0,15.0,1.0,0.039,1.0,0.002,1.0,0.3,1.0,0.001,1.0,0.009,1.0,0.01,1.0,0.0,0.0,0.0,0.0,0.0,0.0,0.0,0.0
2023-04-21 23:00:00,DATAR1,2023-04-21 23:00:00,131121.0,89.0,1.0,14.0,1.0,0.039,1.0,0.001,1.0,0.3,1.0,0.001,1.0,0.008,1.0,0.009,1.0,0.0,0.0,0.0,0.0,0.0,0.0,0.0,0.0
2023-04-22 00:00:00,DATAR1,2023-04-22 00:00:00,131121.0,99.0,1.0,16.0,1.0,0.046,1.0,0.002,1.0,0.3,1.0,0.001,1.0,0.004,1.0,0.005,1.0,0.0,0.0,0.0,0.0,0.0,0.0,0.0,0.0
2023-04-22 01:00:00,DATAR1,2023-04-22 01:00:00,131121.0,92.0,1.0,11.0,1.0,0.05,1.0,0.002,1.0,0.3,1.0,0.001,1.0,0.002,1.0,0.003,1.0,0.0,0.0,0.0,0.0,0.0,0.0,0.0,0.0
2023-04-22 02:00:00,DATAR1,2023-04-22 02:00:00,131121.0,81.0,1.0,14.0,1.0,0.051,1.0,0.002,1.0,0.2,1.0,0.001,1.0,0.002,1.0,0.003,1.0,0.0,0.0,0.0,0.0,0.0,0.0,0.0,0.0
2023-04-22 03:00:00,DATAR1,2023-04-22 03:00:00,131121.0,75.0,1.0,14.0,1.0,0.051,1.0,0.002,1.0,0.2,1.0,0.001,1.0,0.002,1.0,0.003,1.0,0.0,0.0,0.0,0.0,0.0,0.0,0.0,0.0
2023-04-22 04:00:00,DATAR1,2023-04-22 04:00:00,131121.0,74.0,1.0,14.0,1.0,0.05,1.0,0.002,1.0,0.2,1.0,0.001,1.0,0.001,1.0,0.002,1.0,0.0,0.0,0.0,0.0,0.0,0.0,0.0,0.0
2023-04-22 05:00:00,DATAR1,2023-04-22 05:00:00,131121.0,81.0,1.0,14.0,1.0,0.049,1.0,0.002,1.0,0.3,1.0,0.001,1.0,0.002,1.0,0.002,1.0,0.0,0.0,0.0,0.0,0.0,0.0,0.0,0.0
2023-04-22 06:00:00,DATAR1,2023-04-22 06:00:00,131121.0,74.0,1.0,17.0,1.0,0.042,1.0,0.002,1.0,0.3,1.0,0.001,1.0,0.007,1.0,0.008,1.0,0.0,0.0,0.0,0.0,0.0,0.0,0.0,0.0
2023-04-22 07:00:00,DATAR1,2023-04-22 07:00:00,131121.0,72.0,1.0,13.0,1.0,0.039,1.0,0.001,1.0,0.2,1.0,0.001,1.0,0.007,1.0,0.009,1.0,0.0,0.0,0.0,0.0,0.0,0.0,0.0,0.0
2023-04-22 08:00:00,DATAR1,2023-04-22 08:00:00,131121.0,70.0,1.0,14.0,1.0,0.041,1.0,0.001,1.0,0.2,1.0,0.001,1.0,0.006,1.0,0.008,1.0,0.0,0.0,0.0,0.0,0.0,0.0,0.0,0.0
2023-04-22 09:00:00,DATAR1,2023-04-22 09:00:00,131121.0,62.0,1.0,15.0,1.0,0.044,1.0,0.001,1.0,0.2,1.0,0.001,1.0,0.005,1.0,0.007,1.0,0.0,0.0,0.0,0.0,0.0,0.0,0.0,0.0
2023-04-22 10:00:00,DATAR1,2023-04-22 10:00:00,131121.0,56.0,1.0,13.0,1.0,0.046,1.0,0.001,1.0,0.2,1.0,0.001,1.0,0.004,1.0,0.005,1.0,0.0,0.0,0.0,0.0,0.0,0.0,0.0,0.0
2023-04-22 11:00:00,DATAR1,2023-04-22 11:00:00,131121.0,46.0,1.0,10.0,1.0,0.048,1.0,0.001,1.0,0.3,1.0,0.001,1.0,0.002,1.0,0.003,1.0,0.0,0.0,0.0,0.0,0.0,0.0,0.0,0.0
2023-04-22 12:00:00,DATAR1,2023-04-22 12:00:00,131121.0,55.0,1.0,12.0,1.0,0.049,1.0,0.001,1.0,0.3,1.0,0.001,1.0,0.002,1.0,0.004,1.0,0.0,0.0,0.0,0.0,0.0,0.0,0.0,0.0
2023-04-22 13:00:00,DATAR1,2023-04-22 13:00:00,131121.0,53.0,1.0,10.0,1.0,0.048,1.0,0.001,1.0,0.2,1.0,0.001,1.0,0.002,1.0,0.003,1.0,0.0,0.0,0.0,0.0,0.0,0.0,0.0,0.0
2023-04-22 14:00:00,DATAR1,2023-04-22 14:00:00,131121.0,38.0,1.0,9.0,1.0,0.05,1.0,0.001,1.0,0.2,1.0,0.001,1.0,0.002,1.0,0.003,1.0,0.0,0.0,0.0,0.0,0.0,0.0,0.0,0.0
2023-04-22 15:00:00,DATAR1,2023-04-22 15:00:00,131121.0,42.0,1.0,8.0,1.0,0.051,1.0,0.001,1.0,0.3,1.0,0.001,1.0,0.002,1.0,0.003,1.0,0.0,0.0,0.0,0.0,0.0,0.0,0.0,0.0
2023-04-22 16:00:00,DATAR1,2023-04-22 16:00:00,131121.0,38.0,1.0,9.0,1.0,0.052,1.0,0.001,1.0,0.2,1.0,0.001,1.0,0.002,1.0,0.002,1.0,0.0,0.0,0.0,0.0,0.0,0.0,0.0,0.0
2023-04-22 17:00:00,DATAR1,2023-04-22 17:00:00,131121.0,43.0,1.0,8.0,1.0,0.051,1.0,0.001,1.0,0.2,1.0,0.001,1.0,0.001,1.0,0.002,1.0,0.0,0.0,0.0,0.0,0.0,0.0,0.0,0.0
2023-04-22 18:00:00,DATAR1,2023-04-22 18:00:00,131121.0,45.0,1.0,6.0,1.0,0.05,1.0,0.001,1.0,0.3,1.0,0.001,1.0,0.002,1.0,0.003,1.0,0.0,0.0,0.0,0.0,0.0,0.0,0.0,0.0
2023-04-22 19:00:00,DATAR1,2023-04-22 19:00:00,131121.0,43.0,1.0,4.0,1.0,0.047,1.0,0.001,1.0,0.2,1.0,0.001,1.0,0.003,1.0,0.004,1.0,0.0,0.0,0.0,0.0,0.0,0.0,0.0,0.0
2023-04-22 20:00:00,DATAR1,2023-04-22 20:00:00,131121.0,46.0,1.0,8.0,1.0,0.043,1.0,0.001,1.0,0.3,1.0,0.001,1.0,0.005,1.0,0.006,1.0,0.0,0.0,0.0,0.0,0.0,0.0,0.0,0.0
2023-04-22 21:00:00,DATAR1,2023-04-22 21:00:00,131121.0,44.0,1.0,9.0,1.0,0.042,1.0,0.001,1.0,0.2,1.0,0.001,1.0,0.005,1.0,0.006,1.0,0.0,0.0,0.0,0.0,0.0,0.0,0.0,0.0
2023-04-22 22:00:00,DATAR1,2023-04-22 22:00:00,131121.0,35.0,1.0,8.0,1.0,0.039,1.0,0.001,1.0,0.2,1.0,0.001,1.0,0.009,1.0,0.01,1.0,0.0,0.0,0.0,0.0,0.0,0.0,0.0,0.0
2023-04-22 23:00:00,DATAR1,2023-04-22 23:00:00,131121.0,52.0,1.0,11.0,1.0,0.028,1.0,0.002,1.0,0.4,1.0,0.001,1.0,0.017,1.0,0.018,1.0,0.0,0.0,0.0,0.0,0.0,0.0,0.0,0.0
2023-04-23 00:00:00,DATAR1,2023-04-23 00:00:00,131121.0,44.0,1.0,11.0,1.0,0.033,1.0,0.001,1.0,0.4,1.0,0.001,1.0,0.01,1.0,0.012,1.0,0.0,0.0,0.0,0.0,0.0,0.0,0.0,0.0
2023-04-23 01:00:00,DATAR1,2023-04-23 01:00:00,131121.0,50.0,1.0,10.0,1.0,0.03,1.0,0.001,1.0,0.4,1.0,0.001,1.0,0.012,1.0,0.013,1.0,0.0,0.0,0.0,0.0,0.0,0.0,0.0,0.0
2023-04-23 02:00:00,DATAR1,2023-04-23 02:00:00,131121.0,59.0,1.0,13.0,1.0,0.025,1.0,0.001,1.0,0.4,1.0,0.001,1.0,0.014,1.0,0.016,1.0,0.0,0.0,0.0,0.0,0.0,0.0,0.0,0.0
2023-04-23 03:00:00,DATAR1,2023-04-23 03:00:00,131121.0,73.0,1.0,13.0,1.0,0.024,1.0,0.001,1.0,0.3,1.0,0.001,1.0,0.015,1.0,0.016,1.0,0.0,0.0,0.0,0.0,0.0,0.0,0.0,0.0
2023-04-23 04:00:00,DATAR1,2023-04-23 04:00:00,131121.0,65.0,1.0,14.0,1.0,0.016,1.0,0.002,1.0,0.3,1.0,0.002,1.0,0.02,1.0,0.022,1.0,0.0,0.0,0.0,0.0,0.0,0.0,0.0,0.0
2023-04-23 05:00:00,DATAR1,2023-04-23 05:00:00,131121.0,78.0,1.0,17.0,1.0,0.026,1.0,0.001,1.0,0.4,1.0,0.001,1.0,0.01,1.0,0.011,1.0,0.0,0.0,0.0,0.0,0.0,0.0,0.0,0.0
2023-04-23 06:00:00,DATAR1,2023-04-23 06:00:00,131121.0,72.0,1.0,17.0,1.0,0.016,1.0,0.002,1.0,0.4,1.0,0.002,1.0,0.019,1.0,0.02,1.0,0.0,0.0,0.0,0.0,0.0,0.0,0.0,0.0
2023-04-23 07:00:00,DATAR1,2023-04-23 07:00:00,131121.0,67.0,1.0,18.0,1.0,0.011,1.0,0.002,1.0,0.5,1.0,0.004,1.0,0.026,1.0,0.03,1.0,0.0,0.0,0.0,0.0,0.0,0.0,0.0,0.0
2023-04-23 08:00:00,DATAR1,2023-04-23 08:00:00,131121.0,61.0,1.0,15.0,1.0,0.007,1.0,0.002,1.0,0.6,1.0,0.013,1.0,0.028,1.0,0.04,1.0,0.0,0.0,0.0,0.0,0.0,0.0,0.0,0.0
2023-04-23 09:00:00,DATAR1,2023-04-23 09:00:00,131121.0,64.0,1.0,17.0,1.0,0.016,1.0,0.002,1.0,0.4,1.0,0.006,1.0,0.019,1.0,0.026,1.0,0.0,0.0,0.0,0.0,0.0,0.0,0.0,0.0
2023-04-23 10:00:00,DATAR1,2023-04-23 10:00:00,131121.0,77.0,1.0,16.0,1.0,0.02,1.0,0.002,1.0,0.4,1.0,0.006,1.0,0.018,1.0,0.024,1.0,0.0,0.0,0.0,0.0,0.0,0.0,0.0,0.0
2023-04-23 11:00:00,DATAR1,2023-04-23 11:00:00,131121.0,89.0,1.0,19.0,1.0,0.025,1.0,0.002,1.0,0.4,1.0,0.007,1.0,0.016,1.0,0.023,1.0,0.0,0.0,0.0,0.0,0.0,0.0,0.0,0.0
2023-04-23 12:00:00,DATAR1,2023-04-23 12:00:00,131121.0,95.0,1.0,19.0,1.0,0.035,1.0,0.002,1.0,0.4,1.0,0.005,1.0,0.011,1.0,0.016,1.0,0.0,0.0,0.0,0.0,0.0,0.0,0.0,0.0
2023-04-23 13:00:00,DATAR1,2023-04-23 13:00:00,131121.0,67.0,1.0,14.0,1.0,0.049,1.0,0.002,1.0,0.3,1.0,0.001,1.0,0.002,1.0,0.004,1.0,0.0,0.0,0.0,0.0,0.0,0.0,0.0,0.0
2023-04-23 14:00:00,DATAR1,2023-04-23 14:00:00,131121.0,51.0,1.0,14.0,1.0,0.052,1.0,0.002,1.0,0.3,1.0,0.001,1.0,0.002,1.0,0.004,1.0,0.0,0.0,0.0,0.0,0.0,0.0,0.0,0.0
2023-04-23 15:00:00,DATAR1,2023-04-23 15:00:00,131121.0,49.0,1.0,12.0,1.0,0.055,1.0,0.002,1.0,0.3,1.0,0.001,1.0,0.002,1.0,0.003,1.0,0.0,0.0,0.0,0.0,0.0,0.0,0.0,0.0
2023-04-23 16:00:00,DATAR1,2023-04-23 16:00:00,131121.0,55.0,1.0,10.0,1.0,0.058,1.0,0.002,1.0,0.3,1.0,0.001,1.0,0.003,1.0,0.004,1.0,0.0,0.0,0.0,0.0,0.0,0.0,0.0,0.0
2023-04-23 17:00:00,DATAR1,2023-04-23 17:00:00,131121.0,46.0,1.0,9.0,1.0,0.059,1.0,0.002,1.0,0.3,1.0,0.001,1.0,0.004,1.0,0.005,1.0,0.0,0.0,0.0,0.0,0.0,0.0,0.0,0.0
2023-04-23 18:00:00,DATAR1,2023-04-23 18:00:00,131121.0,46.0,1.0,12.0,1.0,0.061,1.0,0.002,1.0,0.3,1.0,0.001,1.0,0.007,1.0,0.008,1.0,0.0,0.0,0.0,0.0,0.0,0.0,0.0,0.0
2023-04-23 19:00:00,DATAR1,2023-04-23 19:00:00,131121.0,69.0,1.0,16.0,1.0,0.055,1.0,0.002,1.0,0.4,1.0,0.001,1.0,0.011,1.0,0.012,1.0,0.0,0.0,0.0,0.0,0.0,0.0,0.0,0.0
2023-04-23 20:00:00,DATAR1,2023-04-23 20:00:00,131121.0,50.0,1.0,18.0,1.0,0.05,1.0,0.002,1.0,0.4,1.0,0.001,1.0,0.01,1.0,0.012,1.0,0.0,0.0,0.0,0.0,0.0,0.0,0.0,0.0
2023-04-23 21:00:00,DATAR1,2023-04-23 21:00:00,131121.0,42.0,1.0,15.0,1.0,0.048,1.0,0.002,1.0,0.3,1.0,0.001,1.0,0.01,1.0,0.011,1.0,0.0,0.0,0.0,0.0,0.0,0.0,0.0,0.0
2023-04-23 22:00:00,DATAR1,2023-04-23 22:00:00,131121.0,46.0,1.0,15.0,1.0,0.046,1.0,0.002,1.0,0.4,1.0,0.001,1.0,0.009,1.0,0.01,1.0,0.0,0.0,0.0,0.0,0.0,0.0,0.0,0.0
2023-04-23 23:00:00,DATAR1,2023-04-23 23:00:00,131121.0,46.0,1.0,18.0,1.0,0.04,1.0,0.002,1.0,0.4,1.0,0.001,1.0,0.011,1.0,0.012,1.0,0.0,0.0,0.0,0.0,0.0,0.0,0.0,0.0
2023-04-24 00:00:00,DATAR1,2023-04-24 00:00:00,131121.0,44.0,1.0,17.0,1.0,0.033,1.0,0.002,1.0,0.4,1.0,0.001,1.0,0.016,1.0,0.017,1.0,0.0,0.0,0.0,0.0,0.0,0.0,0.0,0.0
2023-04-24 01:00:00,DATAR1,2023-04-24 01:00:00,131121.0,46.0,1.0,16.0,1.0,0.029,1.0,0.002,1.0,0.5,1.0,0.001,1.0,0.016,1.0,0.018,1.0,0.0,0.0,0.0,0.0,0.0,0.0,0.0,0.0
2023-04-24 02:00:00,DATAR1,2023-04-24 02:00:00,131121.0,45.0,1.0,16.0,1.0,0.027,1.0,0.002,1.0,0.6,1.0,0.001,1.0,0.015,1.0,0.017,1.0,0.0,0.0,0.0,0.0,0.0,0.0,0.0,0.0
2023-04-24 03:00:00,DATAR1,2023-04-24 03:00:00,131121.0,42.0,1.0,17.0,1.0,0.027,1.0,0.002,1.0,0.4,1.0,0.001,1.0,0.014,1.0,0.015,1.0,0.0,0.0,0.0,0.0,0.0,0.0,0.0,0.0
2023-04-24 04:00:00,DATAR1,2023-04-24 04:00:00,131121.0,37.0,1.0,16.0,1.0,0.033,1.0,0.002,1.0,0.4,1.0,0.001,1.0,0.007,1.0,0.009,1.0,0.0,0.0,0.0,0.0,0.0,0.0,0.0,0.0
2023-04-24 05:00:00,DATAR1,2023-04-24 05:00:00,131121.0,45.0,1.0,16.0,1.0,0.023,1.0,0.002,1.0,0.3,1.0,0.001,1.0,0.017,1.0,0.019,1.0,0.0,0.0,0.0,0.0,0.0,0.0,0.0,0.0
2023-04-24 06:00:00,DATAR1,2023-04-24 06:00:00,131121.0,37.0,1.0,15.0,1.0,0.024,1.0,0.002,1.0,0.3,1.0,0.002,1.0,0.019,1.0,0.021,1.0,0.0,0.0,0.0,0.0,0.0,0.0,0.0,0.0
2023-04-24 07:00:00,DATAR1,2023-04-24 07:00:00,131121.0,48.0,1.0,12.0,1.0,0.026,1.0,0.002,1.0,0.3,1.0,0.002,1.0,0.017,1.0,0.019,1.0,0.0,0.0,0.0,0.0,0.0,0.0,0.0,0.0
2023-04-24 08:00:00,DATAR1,2023-04-24 08:00:00,131121.0,36.0,1.0,14.0,1.0,0.036,1.0,0.002,1.0,0.3,1.0,0.002,1.0,0.007,1.0,0.009,1.0,0.0,0.0,0.0,0.0,0.0,0.0,0.0,0.0
2023-04-24 09:00:00,DATAR1,2023-04-24 09:00:00,131121.0,37.0,1.0,15.0,1.0,0.038,1.0,0.002,1.0,0.4,1.0,0.002,1.0,0.006,1.0,0.008,1.0,0.0,0.0,0.0,0.0,0.0,0.0,0.0,0.0
2023-04-24 10:00:00,DATAR1,2023-04-24 10:00:00,131121.0,47.0,1.0,14.0,1.0,0.041,1.0,0.002,1.0,0.4,1.0,0.002,1.0,0.006,1.0,0.008,1.0,0.0,0.0,0.0,0.0,0.0,0.0,0.0,0.0
2023-04-24 11:00:00,DATAR1,2023-04-24 11:00:00,131121.0,59.0,1.0,13.0,1.0,0.043,1.0,0.002,1.0,0.3,1.0,0.002,1.0,0.006,1.0,0.008,1.0,0.0,0.0,0.0,0.0,0.0,0.0,0.0,0.0
2023-04-24 12:00:00,DATAR1,2023-04-24 12:00:00,131121.0,60.0,1.0,13.0,1.0,0.042,1.0,0.002,1.0,0.4,1.0,0.002,1.0,0.008,1.0,0.01,1.0,0.0,0.0,0.0,0.0,0.0,0.0,0.0,0.0
2023-04-24 13:00:00,DATAR1,2023-04-24 13:00:00,131121.0,55.0,1.0,13.0,1.0,0.048,1.0,0.002,1.0,0.4,1.0,0.002,1.0,0.006,1.0,0.008,1.0,0.0,0.0,0.0,0.0,0.0,0.0,0.0,0.0
2023-04-24 14:00:00,DATAR1,2023-04-24 14:00:00,131121.0,48.0,1.0,11.0,1.0,0.054,1.0,0.002,1.0,0.3,1.0,0.001,1.0,0.004,1.0,0.006,1.0,0.0,0.0,0.0,0.0,0.0,0.0,0.0,0.0
2023-04-24 15:00:00,DATAR1,2023-04-24 15:00:00,131121.0,46.0,1.0,11.0,1.0,0.057,1.0,0.002,1.0,0.3,1.0,0.001,1.0,0.004,1.0,0.005,1.0,0.0,0.0,0.0,0.0,0.0,0.0,0.0,0.0
2023-04-24 16:00:00,DATAR1,2023-04-24 16:00:00,131121.0,46.0,1.0,11.0,1.0,0.057,1.0,0.002,1.0,0.3,1.0,0.001,1.0,0.005,1.0,0.006,1.0,0.0,0.0,0.0,0.0,0.0,0.0,0.0,0.0
2023-04-24 17:00:00,DATAR1,2023-04-24 17:00:00,131121.0,50.0,1.0,12.0,1.0,0.055,1.0,0.002,1.0,0.3,1.0,0.001,1.0,0.006,1.0,0.008,1.0,0.0,0.0,0.0,0.0,0.0,0.0,0.0,0.0
2023-04-24 18:00:00,DATAR1,2023-04-24 18:00:00,131121.0,50.0,1.0,12.0,1.0,0.056,1.0,0.002,1.0,0.3,1.0,0.002,1.0,0.007,1.0,0.009,1.0,0.0,0.0,0.0,0.0,0.0,0.0,0.0,0.0
2023-04-24 19:00:00,DATAR1,2023-04-24 19:00:00,131121.0,68.0,1.0,16.0,1.0,0.052,1.0,0.002,1.0,0.4,1.0,0.001,1.0,0.013,1.0,0.014,1.0,0.0,0.0,0.0,0.0,0.0,0.0,0.0,0.0
2023-04-24 20:00:00,DATAR1,2023-04-24 20:00:00,131121.0,56.0,1.0,15.0,1.0,0.045,1.0,0.002,1.0,0.4,1.0,0.001,1.0,0.016,1.0,0.017,1.0,0.0,0.0,0.0,0.0,0.0,0.0,0.0,0.0
2023-04-24 21:00:00,DATAR1,2023-04-24 21:00:00,131121.0,53.0,1.0,11.0,1.0,0.043,1.0,0.002,1.0,0.4,1.0,0.004,1.0,0.015,1.0,0.019,1.0,0.0,0.0,0.0,0.0,0.0,0.0,0.0,0.0
2023-04-24 22:00:00,DATAR1,2023-04-24 22:00:00,131121.0,43.0,1.0,13.0,1.0,0.044,1.0,0.002,1.0,0.4,1.0,0.001,1.0,0.012,1.0,0.014,1.0,0.0,0.0,0.0,0.0,0.0,0.0,0.0,0.0
2023-04-24 23:00:00,DATAR1,2023-04-24 23:00:00,131121.0,39.0,1.0,15.0,1.0,0.039,1.0,0.002,1.0,0.4,1.0,0.001,1.0,0.016,1.0,0.017,1.0,0.0,0.0,0.0,0.0,0.0,0.0,0.0,0.0
2023-04-25 00:00:00,DATAR1,2023-04-25 00:00:00,131121.0,42.0,1.0,14.0,1.0,0.043,1.0,0.004,1.0,0.4,1.0,0.001,1.0,0.012,1.0,0.014,1.0,0.0,0.0,0.0,0.0,0.0,0.0,0.0,0.0
2023-04-25 01:00:00,DATAR1,2023-04-25 01:00:00,131121.0,37.0,1.0,11.0,1.0,0.043,1.0,0.004,1.0,0.3,1.0,0.001,1.0,0.011,1.0,0.012,1.0,0.0,0.0,0.0,0.0,0.0,0.0,0.0,0.0
2023-04-25 02:00:00,DATAR1,2023-04-25 02:00:00,131121.0,44.0,1.0,13.0,1.0,0.037,1.0,0.003,1.0,0.4,1.0,0.001,1.0,0.011,1.0,0.013,1.0,0.0,0.0,0.0,0.0,0.0,0.0,0.0,0.0
2023-04-25 03:00:00,DATAR1,2023-04-25 03:00:00,131121.0,41.0,1.0,15.0,1.0,0.032,1.0,0.002,1.0,0.5,1.0,0.001,1.0,0.013,1.0,0.014,1.0,0.0,0.0,0.0,0.0,0.0,0.0,0.0,0.0
2023-04-25 04:00:00,DATAR1,2023-04-25 04:00:00,131121.0,37.0,1.0,16.0,1.0,0.03,1.0,0.002,1.0,0.4,1.0,0.001,1.0,0.013,1.0,0.015,1.0,0.0,0.0,0.0,0.0,0.0,0.0,0.0,0.0
2023-04-25 05:00:00,DATAR1,2023-04-25 05:00:00,131121.0,35.0,1.0,16.0,1.0,0.033,1.0,0.002,1.0,0.3,1.0,0.001,1.0,0.012,1.0,0.014,1.0,0.0,0.0,0.0,0.0,0.0,0.0,0.0,0.0
2023-04-25 06:00:00,DATAR1,2023-04-25 06:00:00,131121.0,40.0,1.0,13.0,1.0,0.036,1.0,0.002,1.0,0.3,1.0,0.001,1.0,0.01,1.0,0.011,1.0,0.0,0.0,0.0,0.0,0.0,0.0,0.0,0.0
2023-04-25 07:00:00,DATAR1,2023-04-25 07:00:00,131121.0,40.0,1.0,14.0,1.0,0.03,1.0,0.002,1.0,0.3,1.0,0.002,1.0,0.015,1.0,0.017,1.0,0.0,0.0,0.0,0.0,0.0,0.0,0.0,0.0
2023-04-25 08:00:00,DATAR1,2023-04-25 08:00:00,131121.0,34.0,1.0,14.0,1.0,0.029,1.0,0.002,1.0,0.4,1.0,0.002,1.0,0.017,1.0,0.019,1.0,0.0,0.0,0.0,0.0,0.0,0.0,0.0,0.0
2023-04-25 09:00:00,DATAR1,2023-04-25 09:00:00,131121.0,35.0,1.0,14.0,1.0,0.032,1.0,0.002,1.0,0.3,1.0,0.004,1.0,0.017,1.0,0.021,1.0,0.0,0.0,0.0,0.0,0.0,0.0,0.0,0.0
2023-04-25 10:00:00,DATAR1,2023-04-25 10:00:00,131121.0,33.0,1.0,12.0,1.0,0.028,1.0,0.002,1.0,0.3,1.0,0.005,1.0,0.02,1.0,0.024,1.0,0.0,0.0,0.0,0.0,0.0,0.0,0.0,0.0
2023-04-25 11:00:00,DATAR1,2023-04-25 11:00:00,131121.0,38.0,1.0,15.0,1.0,0.037,1.0,0.002,1.0,0.4,1.0,0.003,1.0,0.013,1.0,0.016,1.0,0.0,0.0,0.0,0.0,0.0,0.0,0.0,0.0
2023-04-25 12:00:00,DATAR1,2023-04-25 12:00:00,131121.0,38.0,1.0,14.0,1.0,0.045,1.0,0.001,1.0,0.4,1.0,0.002,1.0,0.008,1.0,0.01,1.0,0.0,0.0,0.0,0.0,0.0,0.0,0.0,0.0
2023-04-25 13:00:00,DATAR1,2023-04-25 13:00:00,131121.0,23.0,1.0,14.0,1.0,0.043,1.0,0.001,1.0,0.3,1.0,0.002,1.0,0.008,1.0,0.011,1.0,0.0,0.0,0.0,0.0,0.0,0.0,0.0,0.0
2023-04-25 14:00:00,DATAR1,2023-04-25 14:00:00,131121.0,32.0,1.0,12.0,1.0,0.041,1.0,0.001,1.0,0.3,1.0,0.002,1.0,0.009,1.0,0.011,1.0,0.0,0.0,0.0,0.0,0.0,0.0,0.0,0.0
2023-04-25 15:00:00,DATAR1,2023-04-25 15:00:00,131121.0,19.0,1.0,11.0,1.0,0.044,1.0,0.001,1.0,0.4,1.0,0.002,1.0,0.008,1.0,0.01,1.0,0.0,0.0,0.0,0.0,0.0,0.0,0.0,0.0
2023-04-25 16:00:00,DATAR1,2023-04-25 16:00:00,131121.0,29.0,1.0,13.0,1.0,0.045,1.0,0.001,1.0,0.4,1.0,0.002,1.0,0.008,1.0,0.01,1.0,0.0,0.0,0.0,0.0,0.0,0.0,0.0,0.0
2023-04-25 17:00:00,DATAR1,2023-04-25 17:00:00,131121.0,33.0,1.0,13.0,1.0,0.042,1.0,0.001,1.0,0.3,1.0,0.002,1.0,0.01,1.0,0.011,1.0,0.0,0.0,0.0,0.0,0.0,0.0,0.0,0.0
2023-04-25 18:00:00,DATAR1,2023-04-25 18:00:00,131121.0,34.0,1.0,12.0,1.0,0.038,1.0,0.001,1.0,0.3,1.0,0.002,1.0,0.01,1.0,0.012,1.0,0.0,0.0,0.0,0.0,0.0,0.0,0.0,0.0
2023-04-25 19:00:00,DATAR1,2023-04-25 19:00:00,131121.0,18.0,1.0,14.0,1.0,0.039,1.0,0.001,1.0,0.4,1.0,0.001,1.0,0.014,1.0,0.015,1.0,0.0,0.0,0.0,0.0,0.0,0.0,0.0,0.0
2023-04-25 20:00:00,DATAR1,2023-04-25 20:00:00,131121.0,26.0,1.0,11.0,1.0,0.035,1.0,0.001,1.0,0.4,1.0,0.001,1.0,0.016,1.0,0.018,1.0,0.0,0.0,0.0,0.0,0.0,0.0,0.0,0.0
2023-04-25 21:00:00,DATAR1,2023-04-25 21:00:00,131121.0,28.0,1.0,12.0,1.0,0.029,1.0,0.001,1.0,0.3,1.0,0.002,1.0,0.02,1.0,0.022,1.0,0.0,0.0,0.0,0.0,0.0,0.0,0.0,0.0
2023-04-25 22:00:00,DATAR1,2023-04-25 22:00:00,131121.0,32.0,1.0,18.0,1.0,0.024,1.0,0.001,1.0,0.4,1.0,0.001,1.0,0.02,1.0,0.022,1.0,0.0,0.0,0.0,0.0,0.0,0.0,0.0,0.0
2023-04-25 23:00:00,DATAR1,2023-04-25 23:00:00,131121.0,24.0,1.0,24.0,1.0,0.024,1.0,0.001,1.0,0.5,1.0,0.001,1.0,0.018,1.0,0.019,1.0,0.0,0.0,0.0,0.0,0.0,0.0,0.0,0.0
2023-04-26 00:00:00,DATAR1,2023-04-26 00:00:00,131121.0,28.0,1.0,25.0,1.0,0.028,1.0,0.002,1.0,0.4,1.0,0.001,1.0,0.018,1.0,0.019,1.0,0.0,0.0,0.0,0.0,0.0,0.0,0.0,0.0
2023-04-26 01:00:00,DATAR1,2023-04-26 01:00:00,131121.0,30.0,1.0,23.0,1.0,0.034,1.0,0.002,1.0,0.4,1.0,0.001,1.0,0.015,1.0,0.016,1.0,0.0,0.0,0.0,0.0,0.0,0.0,0.0,0.0
2023-04-26 02:00:00,DATAR1,2023-04-26 02:00:00,131121.0,31.0,1.0,26.0,1.0,0.034,1.0,0.002,1.0,0.4,1.0,0.001,1.0,0.015,1.0,0.016,1.0,0.0,0.0,0.0,0.0,0.0,0.0,0.0,0.0
2023-04-26 03:00:00,DATAR1,2023-04-26 03:00:00,131121.0,27.0,1.0,22.0,1.0,0.037,1.0,0.002,1.0,0.4,1.0,0.001,1.0,0.012,1.0,0.014,1.0,0.0,0.0,0.0,0.0,0.0,0.0,0.0,0.0
2023-04-26 04:00:00,DATAR1,2023-04-26 04:00:00,131121.0,23.0,1.0,21.0,1.0,0.04,1.0,0.002,1.0,0.4,1.0,0.001,1.0,0.011,1.0,0.012,1.0,0.0,0.0,0.0,0.0,0.0,0.0,0.0,0.0
2023-04-26 05:00:00,DATAR1,2023-04-26 05:00:00,131121.0,19.0,1.0,18.0,1.0,0.043,1.0,0.002,1.0,0.4,1.0,0.001,1.0,0.008,1.0,0.009,1.0,0.0,0.0,0.0,0.0,0.0,0.0,0.0,0.0
2023-04-26 06:00:00,DATAR1,2023-04-26 06:00:00,131121.0,24.0,1.0,16.0,1.0,0.038,1.0,0.002,1.0,0.4,1.0,0.001,1.0,0.013,1.0,0.014,1.0,0.0,0.0,0.0,0.0,0.0,0.0,0.0,0.0
2023-04-26 07:00:00,DATAR1,2023-04-26 07:00:00,131121.0,32.0,1.0,18.0,1.0,0.033,1.0,0.001,1.0,0.4,1.0,0.002,1.0,0.017,1.0,0.018,1.0,0.0,0.0,0.0,0.0,0.0,0.0,0.0,0.0
2023-04-26 08:00:00,DATAR1,2023-04-26 08:00:00,131121.0,33.0,1.0,24.0,1.0,0.028,1.0,0.001,1.0,0.5,1.0,0.002,1.0,0.023,1.0,0.025,1.0,0.0,0.0,0.0,0.0,0.0,0.0,0.0,0.0
2023-04-26 09:00:00,DATAR1,2023-04-26 09:00:00,131121.0,30.0,1.0,21.0,1.0,0.032,1.0,0.001,1.0,0.4,1.0,0.004,1.0,0.018,1.0,0.021,1.0,0.0,0.0,0.0,0.0,0.0,0.0,0.0,0.0
2023-04-26 10:00:00,DATAR1,2023-04-26 10:00:00,131121.0,29.0,1.0,13.0,1.0,0.035,1.0,0.002,1.0,0.4,1.0,0.004,1.0,0.012,1.0,0.016,1.0,0.0,0.0,0.0,0.0,0.0,0.0,0.0,0.0
2023-04-26 11:00:00,DATAR1,2023-04-26 11:00:00,131121.0,36.0,1.0,12.0,1.0,0.036,1.0,0.002,1.0,0.3,1.0,0.004,1.0,0.012,1.0,0.015,1.0,0.0,0.0,0.0,0.0,0.0,0.0,0.0,0.0
2023-04-26 12:00:00,DATAR1,2023-04-26 12:00:00,131121.0,37.0,1.0,8.0,1.0,0.042,1.0,0.002,1.0,0.3,1.0,0.002,1.0,0.009,1.0,0.012,1.0,0.0,0.0,0.0,0.0,0.0,0.0,0.0,0.0
2023-04-26 13:00:00,DATAR1,2023-04-26 13:00:00,131121.0,34.0,1.0,13.0,1.0,0.038,1.0,0.002,1.0,0.4,1.0,0.002,1.0,0.01,1.0,0.012,1.0,0.0,0.0,0.0,0.0,0.0,0.0,0.0,0.0
2023-04-26 14:00:00,DATAR1,2023-04-26 14:00:00,131121.0,26.0,1.0,11.0,1.0,0.038,1.0,0.002,1.0,0.4,1.0,0.003,1.0,0.011,1.0,0.014,1.0,0.0,0.0,0.0,0.0,0.0,0.0,0.0,0.0
2023-04-26 15:00:00,DATAR1,2023-04-26 15:00:00,131121.0,22.0,1.0,8.0,1.0,0.042,1.0,0.002,1.0,0.4,1.0,0.003,1.0,0.009,1.0,0.012,1.0,0.0,0.0,0.0,0.0,0.0,0.0,0.0,0.0
2023-04-26 16:00:00,DATAR1,2023-04-26 16:00:00,131121.0,23.0,1.0,8.0,1.0,0.043,1.0,0.002,1.0,0.3,1.0,0.003,1.0,0.01,1.0,0.012,1.0,0.0,0.0,0.0,0.0,0.0,0.0,0.0,0.0
2023-04-26 17:00:00,DATAR1,2023-04-26 17:00:00,131121.0,28.0,1.0,8.0,1.0,0.04,1.0,0.002,1.0,0.4,1.0,0.002,1.0,0.013,1.0,0.015,1.0,0.0,0.0,0.0,0.0,0.0,0.0,0.0,0.0
2023-04-26 18:00:00,DATAR1,2023-04-26 18:00:00,131121.0,42.0,1.0,8.0,1.0,0.039,1.0,0.002,1.0,0.4,1.0,0.002,1.0,0.012,1.0,0.014,1.0,0.0,0.0,0.0,0.0,0.0,0.0,0.0,0.0
2023-04-26 19:00:00,DATAR1,2023-04-26 19:00:00,131121.0,33.0,1.0,11.0,1.0,0.04,1.0,0.001,1.0,0.4,1.0,0.002,1.0,0.011,1.0,0.013,1.0,0.0,0.0,0.0,0.0,0.0,0.0,0.0,0.0
2023-04-26 20:00:00,DATAR1,2023-04-26 20:00:00,131121.0,29.0,1.0,11.0,1.0,0.032,1.0,0.001,1.0,0.4,1.0,0.002,1.0,0.02,1.0,0.021,1.0,0.0,0.0,0.0,0.0,0.0,0.0,0.0,0.0
2023-04-26 21:00:00,DATAR1,2023-04-26 21:00:00,131121.0,34.0,1.0,11.0,1.0,0.027,1.0,0.001,1.0,0.4,1.0,0.002,1.0,0.022,1.0,0.024,1.0,0.0,0.0,0.0,0.0,0.0,0.0,0.0,0.0
2023-04-26 22:00:00,DATAR1,2023-04-26 22:00:00,131121.0,30.0,1.0,15.0,1.0,0.028,1.0,0.001,1.0,0.4,1.0,0.002,1.0,0.02,1.0,0.022,1.0,0.0,0.0,0.0,0.0,0.0,0.0,0.0,0.0
2023-04-26 23:00:00,DATAR1,2023-04-26 23:00:00,131121.0,26.0,1.0,14.0,1.0,0.027,1.0,0.001,1.0,0.4,1.0,0.001,1.0,0.019,1.0,0.021,1.0,0.0,0.0,0.0,0.0,0.0,0.0,0.0,0.0
2023-04-27 00:00:00,DATAR1,2023-04-27 00:00:00,131121.0,28.0,1.0,15.0,1.0,0.026,1.0,0.001,1.0,0.4,1.0,0.001,1.0,0.018,1.0,0.019,1.0,0.0,0.0,0.0,0.0,0.0,0.0,0.0,0.0
2023-04-27 01:00:00,DATAR1,2023-04-27 01:00:00,131121.0,24.0,1.0,18.0,1.0,0.029,1.0,0.001,1.0,0.4,1.0,0.001,1.0,0.014,1.0,0.015,1.0,0.0,0.0,0.0,0.0,0.0,0.0,0.0,0.0
2023-04-27 02:00:00,DATAR1,2023-04-27 02:00:00,131121.0,34.0,1.0,20.0,1.0,0.025,1.0,0.001,1.0,0.5,1.0,0.001,1.0,0.014,1.0,0.015,1.0,0.0,0.0,0.0,0.0,0.0,0.0,0.0,0.0
2023-04-27 03:00:00,DATAR1,2023-04-27 03:00:00,131121.0,27.0,1.0,20.0,1.0,0.026,1.0,0.001,1.0,0.4,1.0,0.001,1.0,0.012,1.0,0.013,1.0,0.0,0.0,0.0,0.0,0.0,0.0,0.0,0.0
2023-04-27 04:00:00,DATAR1,2023-04-27 04:00:00,131121.0,34.0,1.0,19.0,1.0,0.026,1.0,0.001,1.0,0.4,1.0,0.001,1.0,0.012,1.0,0.013,1.0,0.0,0.0,0.0,0.0,0.0,0.0,0.0,0.0
2023-04-27 05:00:00,DATAR1,2023-04-27 05:00:00,131121.0,25.0,1.0,20.0,1.0,0.028,1.0,0.001,1.0,0.4,1.0,0.001,1.0,0.009,1.0,0.01,1.0,0.0,0.0,0.0,0.0,0.0,0.0,0.0,0.0
2023-04-27 06:00:00,DATAR1,2023-04-27 06:00:00,131121.0,22.0,1.0,20.0,1.0,0.011,1.0,0.001,1.0,0.4,1.0,0.012,1.0,0.028,1.0,0.04,1.0,0.0,0.0,0.0,0.0,0.0,0.0,0.0,0.0
2023-04-27 07:00:00,DATAR1,2023-04-27 07:00:00,131121.0,30.0,1.0,20.0,1.0,0.005,1.0,0.002,1.0,0.5,1.0,0.02,1.0,0.033,1.0,0.053,1.0,0.0,0.0,0.0,0.0,0.0,0.0,0.0,0.0
2023-04-27 08:00:00,DATAR1,2023-04-27 08:00:00,131121.0,26.0,1.0,23.0,1.0,0.011,1.0,0.001,1.0,0.4,1.0,0.015,1.0,0.025,1.0,0.04,1.0,0.0,0.0,0.0,0.0,0.0,0.0,0.0,0.0
2023-04-27 09:00:00,DATAR1,2023-04-27 09:00:00,131121.0,19.0,1.0,24.0,1.0,0.022,1.0,0.001,1.0,0.5,1.0,0.009,1.0,0.018,1.0,0.027,1.0,0.0,0.0,0.0,0.0,0.0,0.0,0.0,0.0
2023-04-27 10:00:00,DATAR1,2023-04-27 10:00:00,131121.0,32.0,1.0,28.0,1.0,0.026,1.0,0.002,1.0,0.4,1.0,0.008,1.0,0.018,1.0,0.026,1.0,0.0,0.0,0.0,0.0,0.0,0.0,0.0,0.0
2023-04-27 11:00:00,DATAR1,2023-04-27 11:00:00,131121.0,25.0,1.0,25.0,1.0,0.035,1.0,0.002,1.0,0.4,1.0,0.006,1.0,0.017,1.0,0.022,1.0,0.0,0.0,0.0,0.0,0.0,0.0,0.0,0.0
2023-04-27 12:00:00,DATAR1,2023-04-27 12:00:00,131121.0,27.0,1.0,22.0,1.0,0.041,1.0,0.002,1.0,0.4,1.0,0.005,1.0,0.014,1.0,0.019,1.0,0.0,0.0,0.0,0.0,0.0,0.0,0.0,0.0
2023-04-27 13:00:00,DATAR1,2023-04-27 13:00:00,131121.0,28.0,1.0,13.0,1.0,0.043,1.0,0.002,1.0,0.4,1.0,0.005,1.0,0.018,1.0,0.022,1.0,0.0,0.0,0.0,0.0,0.0,0.0,0.0,0.0
2023-04-27 14:00:00,DATAR1,2023-04-27 14:00:00,131121.0,,3.0,,3.0,,3.0,,3.0,,3.0,,3.0,,3.0,,3.0,0.0,0.0,0.0,0.0,0.0,0.0,0.0,0.0
2023-04-27 15:00:00,DATAR1,2023-04-27 15:00:00,131121.0,27.0,1.0,13.0,1.0,0.054,1.0,0.001,1.0,0.4,1.0,0.004,1.0,0.018,1.0,0.022,1.0,0.0,0.0,0.0,0.0,0.0,0.0,0.0,0.0
2023-04-27 16:00:00,DATAR1,2023-04-27 16:00:00,131121.0,39.0,1.0,9.0,1.0,0.07,1.0,0.001,1.0,0.3,1.0,0.002,1.0,0.013,1.0,0.016,1.0,0.0,0.0,0.0,0.0,0.0,0.0,0.0,0.0
2023-04-27 17:00:00,DATAR1,2023-04-27 17:00:00,131121.0,38.0,1.0,15.0,1.0,0.08,1.0,0.002,1.0,0.4,1.0,0.002,1.0,0.016,1.0,0.018,1.0,0.0,0.0,0.0,0.0,0.0,0.0,0.0,0.0
2023-04-27 18:00:00,DATAR1,2023-04-27 18:00:00,131121.0,64.0,1.0,21.0,1.0,0.082,1.0,0.002,1.0,0.4,1.0,0.002,1.0,0.019,1.0,0.02,1.0,0.0,0.0,0.0,0.0,0.0,0.0,0.0,0.0
2023-04-27 19:00:00,DATAR1,2023-04-27 19:00:00,131121.0,46.0,1.0,20.0,1.0,0.066,1.0,0.002,1.0,0.4,1.0,0.001,1.0,0.017,1.0,0.018,1.0,0.0,0.0,0.0,0.0,0.0,0.0,0.0,0.0
2023-04-27 20:00:00,DATAR1,2023-04-27 20:00:00,131121.0,32.0,1.0,16.0,1.0,0.058,1.0,0.002,1.0,0.4,1.0,0.001,1.0,0.02,1.0,0.021,1.0,0.0,0.0,0.0,0.0,0.0,0.0,0.0,0.0
2023-04-27 21:00:00,DATAR1,2023-04-27 21:00:00,131121.0,37.0,1.0,16.0,1.0,0.044,1.0,0.002,1.0,0.5,1.0,0.002,1.0,0.026,1.0,0.027,1.0,0.0,0.0,0.0,0.0,0.0,0.0,0.0,0.0
2023-04-27 22:00:00,DATAR1,2023-04-27 22:00:00,131121.0,37.0,1.0,18.0,1.0,0.033,1.0,0.002,1.0,0.6,1.0,0.002,1.0,0.03,1.0,0.032,1.0,0.0,0.0,0.0,0.0,0.0,0.0,0.0,0.0
2023-04-27 23:00:00,DATAR1,2023-04-27 23:00:00,131121.0,32.0,1.0,17.0,1.0,0.031,1.0,0.002,1.0,0.6,1.0,0.002,1.0,0.027,1.0,0.029,1.0,0.0,0.0,0.0,0.0,0.0,0.0,0.0,0.0
2023-04-28 00:00:00,DATAR1,2023-04-28 00:00:00,131121.0,25.0,1.0,16.0,1.0,0.032,1.0,0.002,1.0,0.6,1.0,0.001,1.0,0.023,1.0,0.025,1.0,0.0,0.0,0.0,0.0,0.0,0.0,0.0,0.0
2023-04-28 01:00:00,DATAR1,2023-04-28 01:00:00,131121.0,30.0,1.0,16.0,1.0,0.026,1.0,0.002,1.0,0.6,1.0,0.001,1.0,0.027,1.0,0.028,1.0,0.0,0.0,0.0,0.0,0.0,0.0,0.0,0.0
2023-04-28 02:00:00,DATAR1,2023-04-28 02:00:00,131121.0,30.0,1.0,18.0,1.0,0.027,1.0,0.002,1.0,0.6,1.0,0.001,1.0,0.024,1.0,0.025,1.0,0.0,0.0,0.0,0.0,0.0,0.0,0.0,0.0
2023-04-28 03:00:00,DATAR1,2023-04-28 03:00:00,131121.0,34.0,1.0,21.0,1.0,0.016,1.0,0.002,1.0,0.6,1.0,0.002,1.0,0.034,1.0,0.035,1.0,0.0,0.0,0.0,0.0,0.0,0.0,0.0,0.0
2023-04-28 04:00:00,DATAR1,2023-04-28 04:00:00,131121.0,27.0,1.0,19.0,1.0,0.027,1.0,0.002,1.0,0.6,1.0,0.001,1.0,0.018,1.0,0.02,1.0,0.0,0.0,0.0,0.0,0.0,0.0,0.0,0.0
2023-04-28 05:00:00,DATAR1,2023-04-28 05:00:00,131121.0,28.0,1.0,19.0,1.0,0.025,1.0,0.002,1.0,0.6,1.0,0.001,1.0,0.019,1.0,0.02,1.0,0.0,0.0,0.0,0.0,0.0,0.0,0.0,0.0
2023-04-28 06:00:00,DATAR1,2023-04-28 06:00:00,131121.0,26.0,1.0,20.0,1.0,0.006,1.0,0.002,1.0,0.7,1.0,0.028,1.0,0.044,1.0,0.072,1.0,0.0,0.0,0.0,0.0,0.0,0.0,0.0,0.0
2023-04-28 07:00:00,DATAR1,2023-04-28 07:00:00,131121.0,37.0,1.0,19.0,1.0,0.006,1.0,0.002,1.0,0.7,1.0,0.024,1.0,0.044,1.0,0.068,1.0,0.0,0.0,0.0,0.0,0.0,0.0,0.0,0.0
2023-04-28 08:00:00,DATAR1,2023-04-28 08:00:00,131121.0,25.0,1.0,18.0,1.0,0.03,1.0,0.002,1.0,0.6,1.0,0.007,1.0,0.028,1.0,0.035,1.0,0.0,0.0,0.0,0.0,0.0,0.0,0.0,0.0
2023-04-28 09:00:00,DATAR1,2023-04-28 09:00:00,131121.0,22.0,1.0,16.0,1.0,0.045,1.0,0.003,1.0,0.6,1.0,0.007,1.0,0.018,1.0,0.025,1.0,0.0,0.0,0.0,0.0,0.0,0.0,0.0,0.0
2023-04-28 10:00:00,DATAR1,2023-04-28 10:00:00,131121.0,50.0,1.0,15.0,1.0,0.047,1.0,0.002,1.0,0.5,1.0,0.006,1.0,0.018,1.0,0.024,1.0,0.0,0.0,0.0,0.0,0.0,0.0,0.0,0.0
2023-04-28 11:00:00,DATAR1,2023-04-28 11:00:00,131121.0,29.0,1.0,12.0,1.0,0.054,1.0,0.002,1.0,0.4,1.0,0.003,1.0,0.013,1.0,0.016,1.0,0.0,0.0,0.0,0.0,0.0,0.0,0.0,0.0
2023-04-28 12:00:00,DATAR1,2023-04-28 12:00:00,131121.0,35.0,1.0,12.0,1.0,0.059,1.0,0.002,1.0,0.4,1.0,0.003,1.0,0.012,1.0,0.015,1.0,0.0,0.0,0.0,0.0,0.0,0.0,0.0,0.0
2023-04-28 13:00:00,DATAR1,2023-04-28 13:00:00,131121.0,50.0,1.0,11.0,1.0,0.067,1.0,0.002,1.0,0.3,1.0,0.002,1.0,0.011,1.0,0.013,1.0,0.0,0.0,0.0,0.0,0.0,0.0,0.0,0.0
2023-04-28 14:00:00,DATAR1,2023-04-28 14:00:00,131121.0,45.0,1.0,15.0,1.0,0.07,1.0,0.002,1.0,0.3,1.0,0.003,1.0,0.01,1.0,0.013,1.0,0.0,0.0,0.0,0.0,0.0,0.0,0.0,0.0
2023-04-28 15:00:00,DATAR1,2023-04-28 15:00:00,131121.0,30.0,1.0,12.0,1.0,0.073,1.0,0.002,1.0,0.4,1.0,0.002,1.0,0.009,1.0,0.01,1.0,0.0,0.0,0.0,0.0,0.0,0.0,0.0,0.0
2023-04-28 16:00:00,DATAR1,2023-04-28 16:00:00,131121.0,42.0,1.0,10.0,1.0,0.064,1.0,0.002,1.0,0.4,1.0,0.002,1.0,0.01,1.0,0.011,1.0,0.0,0.0,0.0,0.0,0.0,0.0,0.0,0.0
2023-04-28 17:00:00,DATAR1,2023-04-28 17:00:00,131121.0,45.0,1.0,8.0,1.0,0.052,1.0,0.002,1.0,0.4,1.0,0.002,1.0,0.013,1.0,0.015,1.0,0.0,0.0,0.0,0.0,0.0,0.0,0.0,0.0
2023-04-28 18:00:00,DATAR1,2023-04-28 18:00:00,131121.0,45.0,1.0,7.0,1.0,0.049,1.0,0.002,1.0,0.4,1.0,0.001,1.0,0.012,1.0,0.013,1.0,0.0,0.0,0.0,0.0,0.0,0.0,0.0,0.0
2023-04-28 19:00:00,DATAR1,2023-04-28 19:00:00,131121.0,36.0,1.0,10.0,1.0,0.051,1.0,0.002,1.0,0.4,1.0,0.001,1.0,0.012,1.0,0.013,1.0,0.0,0.0,0.0,0.0,0.0,0.0,0.0,0.0
2023-04-28 20:00:00,DATAR1,2023-04-28 20:00:00,131121.0,44.0,1.0,11.0,1.0,0.046,1.0,0.002,1.0,0.4,1.0,0.001,1.0,0.016,1.0,0.018,1.0,0.0,0.0,0.0,0.0,0.0,0.0,0.0,0.0
2023-04-28 21:00:00,DATAR1,2023-04-28 21:00:00,131121.0,45.0,1.0,11.0,1.0,0.044,1.0,0.002,1.0,0.5,1.0,0.001,1.0,0.014,1.0,0.015,1.0,0.0,0.0,0.0,0.0,0.0,0.0,0.0,0.0
2023-04-28 22:00:00,DATAR1,2023-04-28 22:00:00,131121.0,49.0,1.0,15.0,1.0,0.042,1.0,0.002,1.0,0.5,1.0,0.001,1.0,0.011,1.0,0.012,1.0,0.0,0.0,0.0,0.0,0.0,0.0,0.0,0.0
2023-04-28 23:00:00,DATAR1,2023-04-28 23:00:00,131121.0,50.0,1.0,14.0,1.0,0.036,1.0,0.002,1.0,0.5,1.0,0.001,1.0,0.013,1.0,0.014,1.0,0.0,0.0,0.0,0.0,0.0,0.0,0.0,0.0
2023-04-29 00:00:00,DATAR1,2023-04-29 00:00:00,131121.0,26.0,1.0,11.0,1.0,0.034,1.0,0.001,1.0,0.4,1.0,0.001,1.0,0.011,1.0,0.012,1.0,0.0,0.0,0.0,0.0,0.0,0.0,0.0,0.0
2023-04-29 01:00:00,DATAR1,2023-04-29 01:00:00,131121.0,,2.0,10.0,1.0,0.034,1.0,0.001,1.0,0.5,1.0,0.001,1.0,0.009,1.0,0.01,1.0,0.0,0.0,0.0,0.0,0.0,0.0,0.0,0.0
2023-04-29 02:00:00,DATAR1,2023-04-29 02:00:00,131121.0,32.0,1.0,12.0,1.0,0.035,1.0,0.001,1.0,0.4,1.0,0.001,1.0,0.007,1.0,0.008,1.0,0.0,0.0,0.0,0.0,0.0,0.0,0.0,0.0
2023-04-29 03:00:00,DATAR1,2023-04-29 03:00:00,131121.0,21.0,1.0,13.0,1.0,0.033,1.0,0.001,1.0,0.5,1.0,0.001,1.0,0.006,1.0,0.008,1.0,0.0,0.0,0.0,0.0,0.0,0.0,0.0,0.0
2023-04-29 04:00:00,DATAR1,2023-04-29 04:00:00,131121.0,20.0,1.0,13.0,1.0,0.03,1.0,0.001,1.0,0.5,1.0,0.001,1.0,0.007,1.0,0.009,1.0,0.0,0.0,0.0,0.0,0.0,0.0,0.0,0.0
2023-04-29 05:00:00,DATAR1,2023-04-29 05:00:00,131121.0,23.0,1.0,10.0,1.0,0.029,1.0,0.001,1.0,0.4,1.0,0.001,1.0,0.007,1.0,0.008,1.0,0.0,0.0,0.0,0.0,0.0,0.0,0.0,0.0
2023-04-29 06:00:00,DATAR1,2023-04-29 06:00:00,131121.0,18.0,1.0,10.0,1.0,0.028,1.0,0.001,1.0,0.4,1.0,0.001,1.0,0.009,1.0,0.01,1.0,0.0,0.0,0.0,0.0,0.0,0.0,0.0,0.0
2023-04-29 07:00:00,DATAR1,2023-04-29 07:00:00,131121.0,22.0,1.0,11.0,1.0,0.022,1.0,0.001,1.0,0.4,1.0,0.002,1.0,0.016,1.0,0.017,1.0,0.0,0.0,0.0,0.0,0.0,0.0,0.0,0.0
2023-04-29 08:00:00,DATAR1,2023-04-29 08:00:00,131121.0,25.0,1.0,13.0,1.0,0.015,1.0,0.001,1.0,0.5,1.0,0.002,1.0,0.022,1.0,0.024,1.0,0.0,0.0,0.0,0.0,0.0,0.0,0.0,0.0
2023-04-29 09:00:00,DATAR1,2023-04-29 09:00:00,131121.0,26.0,1.0,13.0,1.0,0.01,1.0,0.001,1.0,0.5,1.0,0.005,1.0,0.027,1.0,0.032,1.0,0.0,0.0,0.0,0.0,0.0,0.0,0.0,0.0
2023-04-29 10:00:00,DATAR1,2023-04-29 10:00:00,131121.0,16.0,1.0,11.0,1.0,0.008,1.0,0.001,1.0,0.5,1.0,0.005,1.0,0.027,1.0,0.033,1.0,0.0,0.0,0.0,0.0,0.0,0.0,0.0,0.0
2023-04-29 11:00:00,DATAR1,2023-04-29 11:00:00,131121.0,13.0,1.0,9.0,1.0,0.025,1.0,0.001,1.0,0.4,1.0,0.002,1.0,0.015,1.0,0.017,1.0,0.0,0.0,0.0,0.0,0.0,0.0,0.0,0.0
2023-04-29 12:00:00,DATAR1,2023-04-29 12:00:00,131121.0,5.0,1.0,7.0,1.0,0.035,1.0,0.001,1.0,0.4,1.0,0.002,1.0,0.012,1.0,0.014,1.0,0.0,0.0,0.0,0.0,0.0,0.0,0.0,0.0
2023-04-29 13:00:00,DATAR1,2023-04-29 13:00:00,131121.0,6.0,1.0,3.0,1.0,0.032,1.0,0.001,1.0,0.4,1.0,0.002,1.0,0.015,1.0,0.016,1.0,0.0,0.0,0.0,0.0,0.0,0.0,0.0,0.0
2023-04-29 14:00:00,DATAR1,2023-04-29 14:00:00,131121.0,5.0,1.0,3.0,1.0,0.03,1.0,0.001,1.0,0.4,1.0,0.002,1.0,0.013,1.0,0.014,1.0,0.0,0.0,0.0,0.0,0.0,0.0,0.0,0.0
2023-04-29 15:00:00,DATAR1,2023-04-29 15:00:00,131121.0,9.0,1.0,4.0,1.0,0.035,1.0,0.001,1.0,0.4,1.0,0.002,1.0,0.011,1.0,0.013,1.0,0.0,0.0,0.0,0.0,0.0,0.0,0.0,0.0
2023-04-29 16:00:00,DATAR1,2023-04-29 16:00:00,131121.0,20.0,1.0,4.0,1.0,0.044,1.0,0.001,1.0,0.4,1.0,0.002,1.0,0.009,1.0,0.01,1.0,0.0,0.0,0.0,0.0,0.0,0.0,0.0,0.0
2023-04-29 17:00:00,DATAR1,2023-04-29 17:00:00,131121.0,56.0,1.0,10.0,1.0,0.045,1.0,0.001,1.0,0.4,1.0,0.002,1.0,0.008,1.0,0.01,1.0,0.0,0.0,0.0,0.0,0.0,0.0,0.0,0.0
2023-04-29 18:00:00,DATAR1,2023-04-29 18:00:00,131121.0,64.0,1.0,13.0,1.0,0.045,1.0,0.001,1.0,0.3,1.0,0.001,1.0,0.007,1.0,0.009,1.0,0.0,0.0,0.0,0.0,0.0,0.0,0.0,0.0
2023-04-29 19:00:00,DATAR1,2023-04-29 19:00:00,131121.0,56.0,1.0,12.0,1.0,0.044,1.0,0.001,1.0,0.2,1.0,0.001,1.0,0.008,1.0,0.009,1.0,0.0,0.0,0.0,0.0,0.0,0.0,0.0,0.0
2023-04-29 20:00:00,DATAR1,2023-04-29 20:00:00,131121.0,34.0,1.0,12.0,1.0,0.043,1.0,0.001,1.0,0.3,1.0,0.001,1.0,0.007,1.0,0.008,1.0,0.0,0.0,0.0,0.0,0.0,0.0,0.0,0.0
2023-04-29 21:00:00,DATAR1,2023-04-29 21:00:00,131121.0,33.0,1.0,13.0,1.0,0.043,1.0,0.001,1.0,0.3,1.0,0.001,1.0,0.007,1.0,0.008,1.0,0.0,0.0,0.0,0.0,0.0,0.0,0.0,0.0
2023-04-29 22:00:00,DATAR1,2023-04-29 22:00:00,131121.0,22.0,1.0,9.0,1.0,0.044,1.0,0.001,1.0,0.3,1.0,0.001,1.0,0.006,1.0,0.007,1.0,0.0,0.0,0.0,0.0,0.0,0.0,0.0,0.0
2023-04-29 23:00:00,DATAR1,2023-04-29 23:00:00,131121.0,19.0,1.0,8.0,1.0,0.044,1.0,0.001,1.0,0.4,1.0,0.001,1.0,0.006,1.0,0.007,1.0,0.0,0.0,0.0,0.0,0.0,0.0,0.0,0.0
2023-04-30 00:00:00,DATAR1,2023-04-30 00:00:00,131121.0,24.0,1.0,9.0,1.0,0.041,1.0,0.001,1.0,0.4,1.0,0.001,1.0,0.006,1.0,0.007,1.0,0.0,0.0,0.0,0.0,0.0,0.0,0.0,0.0
2023-04-30 01:00:00,DATAR1,2023-04-30 01:00:00,131121.0,38.0,1.0,14.0,1.0,0.04,1.0,0.001,1.0,0.3,1.0,0.001,1.0,0.005,1.0,0.006,1.0,0.0,0.0,0.0,0.0,0.0,0.0,0.0,0.0
2023-04-30 02:00:00,DATAR1,2023-04-30 02:00:00,131121.0,24.0,1.0,16.0,1.0,0.038,1.0,0.001,1.0,0.3,1.0,0.001,1.0,0.004,1.0,0.006,1.0,0.0,0.0,0.0,0.0,0.0,0.0,0.0,0.0
2023-04-30 03:00:00,DATAR1,2023-04-30 03:00:00,131121.0,21.0,1.0,12.0,1.0,0.036,1.0,0.001,1.0,0.3,1.0,0.001,1.0,0.004,1.0,0.005,1.0,0.0,0.0,0.0,0.0,0.0,0.0,0.0,0.0
2023-04-30 04:00:00,DATAR1,2023-04-30 04:00:00,131121.0,19.0,1.0,12.0,1.0,0.033,1.0,0.001,1.0,0.3,1.0,0.001,1.0,0.005,1.0,0.006,1.0,0.0,0.0,0.0,0.0,0.0,0.0,0.0,0.0
2023-04-30 05:00:00,DATAR1,2023-04-30 05:00:00,131121.0,16.0,1.0,10.0,1.0,0.028,1.0,0.001,1.0,0.4,1.0,0.001,1.0,0.008,1.0,0.009,1.0,0.0,0.0,0.0,0.0,0.0,0.0,0.0,0.0
2023-04-30 06:00:00,DATAR1,2023-04-30 06:00:00,131121.0,21.0,1.0,8.0,1.0,0.023,1.0,0.001,1.0,0.4,1.0,0.001,1.0,0.01,1.0,0.011,1.0,0.0,0.0,0.0,0.0,0.0,0.0,0.0,0.0
2023-04-30 07:00:00,DATAR1,2023-04-30 07:00:00,131121.0,12.0,1.0,8.0,1.0,0.025,1.0,0.001,1.0,0.3,1.0,0.002,1.0,0.014,1.0,0.016,1.0,0.0,0.0,0.0,0.0,0.0,0.0,0.0,0.0
2023-04-30 08:00:00,DATAR1,2023-04-30 08:00:00,131121.0,17.0,1.0,10.0,1.0,0.031,1.0,0.001,1.0,0.3,1.0,0.002,1.0,0.011,1.0,0.014,1.0,0.0,0.0,0.0,0.0,0.0,0.0,0.0,0.0
2023-04-30 09:00:00,DATAR1,2023-04-30 09:00:00,131121.0,21.0,1.0,7.0,1.0,0.037,1.0,0.001,1.0,0.2,1.0,0.002,1.0,0.007,1.0,0.01,1.0,0.0,0.0,0.0,0.0,0.0,0.0,0.0,0.0
2023-04-30 10:00:00,DATAR1,2023-04-30 10:00:00,131121.0,30.0,1.0,9.0,1.0,0.038,1.0,0.001,1.0,0.3,1.0,0.003,1.0,0.007,1.0,0.01,1.0,0.0,0.0,0.0,0.0,0.0,0.0,0.0,0.0
2023-04-30 11:00:00,DATAR1,2023-04-30 11:00:00,131121.0,27.0,1.0,10.0,1.0,0.043,1.0,0.001,1.0,0.2,1.0,0.002,1.0,0.006,1.0,0.009,1.0,0.0,0.0,0.0,0.0,0.0,0.0,0.0,0.0
2023-04-30 12:00:00,DATAR1,2023-04-30 12:00:00,131121.0,26.0,1.0,8.0,1.0,0.05,1.0,0.001,1.0,0.2,1.0,0.002,1.0,0.006,1.0,0.008,1.0,0.0,0.0,0.0,0.0,0.0,0.0,0.0,0.0
2023-04-30 13:00:00,DATAR1,2023-04-30 13:00:00,131121.0,28.0,1.0,6.0,1.0,0.054,1.0,0.001,1.0,0.3,1.0,0.002,1.0,0.005,1.0,0.006,1.0,0.0,0.0,0.0,0.0,0.0,0.0,0.0,0.0
2023-04-30 14:00:00,DATAR1,2023-04-30 14:00:00,131121.0,43.0,1.0,8.0,1.0,0.059,1.0,0.001,1.0,0.3,1.0,0.001,1.0,0.005,1.0,0.006,1.0,0.0,0.0,0.0,0.0,0.0,0.0,0.0,0.0
2023-04-30 15:00:00,DATAR1,2023-04-30 15:00:00,131121.0,36.0,1.0,8.0,1.0,0.059,1.0,0.002,1.0,0.3,1.0,0.001,1.0,0.004,1.0,0.006,1.0,0.0,0.0,0.0,0.0,0.0,0.0,0.0,0.0
2023-04-30 16:00:00,DATAR1,2023-04-30 16:00:00,131121.0,45.0,1.0,10.0,1.0,0.061,1.0,0.002,1.0,0.3,1.0,0.001,1.0,0.004,1.0,0.005,1.0,0.0,0.0,0.0,0.0,0.0,0.0,0.0,0.0
2023-04-30 17:00:00,DATAR1,2023-04-30 17:00:00,131121.0,55.0,1.0,11.0,1.0,0.063,1.0,0.002,1.0,0.3,1.0,0.001,1.0,0.005,1.0,0.006,1.0,0.0,0.0,0.0,0.0,0.0,0.0,0.0,0.0
2023-04-30 18:00:00,DATAR1,2023-04-30 18:00:00,131121.0,70.0,1.0,16.0,1.0,0.065,1.0,0.002,1.0,0.3,1.0,0.001,1.0,0.007,1.0,0.009,1.0,0.0,0.0,0.0,0.0,0.0,0.0,0.0,0.0
2023-04-30 19:00:00,DATAR1,2023-04-30 19:00:00,131121.0,72.0,1.0,16.0,1.0,0.061,1.0,0.002,1.0,0.4,1.0,0.001,1.0,0.009,1.0,0.01,1.0,0.0,0.0,0.0,0.0,0.0,0.0,0.0,0.0
2023-04-30 20:00:00,DATAR1,2023-04-30 20:00:00,131121.0,65.0,1.0,19.0,1.0,0.058,1.0,0.002,1.0,0.5,1.0,0.001,1.0,0.009,1.0,0.01,1.0,0.0,0.0,0.0,0.0,0.0,0.0,0.0,0.0
2023-04-30 21:00:00,DATAR1,2023-04-30 21:00:00,131121.0,69.0,1.0,20.0,1.0,0.054,1.0,0.002,1.0,0.5,1.0,0.001,1.0,0.01,1.0,0.011,1.0,0.0,0.0,0.0,0.0,0.0,0.0,0.0,0.0
2023-04-30 22:00:00,DATAR1,2023-04-30 22:00:00,131121.0,69.0,1.0,20.0,1.0,0.049,1.0,0.002,1.0,0.6,1.0,0.001,1.0,0.011,1.0,0.012,1.0,0.0,0.0,0.0,0.0,0.0,0.0,0.0,0.0
2023-04-30 23:00:00,DATAR1,2023-04-30 23:00:00,131121.0,66.0,1.0,17.0,1.0,0.046,1.0,0.002,1.0,0.6,1.0,0.001,1.0,0.012,1.0,0.013,1.0,0.0,0.0,0.0,0.0,0.0,0.0,0.0,0.0
2023-05-01 00:00:00,DATAR1,2023-05-01 00:00:00,131121.0,64.0,1.0,18.0,1.0,0.047,1.0,0.002,1.0,0.4,1.0,0.001,1.0,0.009,1.0,0.01,1.0,0.0,0.0,0.0,0.0,0.0,0.0,0.0,0.0
2023-05-01 01:00:00,DATAR1,2023-05-01 01:00:00,131121.0,80.0,1.0,17.0,1.0,0.046,1.0,0.001,1.0,0.4,1.0,0.001,1.0,0.009,1.0,0.01,1.0,0.0,0.0,0.0,0.0,0.0,0.0,0.0,0.0
2023-05-01 02:00:00,DATAR1,2023-05-01 02:00:00,131121.0,79.0,1.0,23.0,1.0,0.042,1.0,0.001,1.0,0.4,1.0,0.001,1.0,0.009,1.0,0.01,1.0,0.0,0.0,0.0,0.0,0.0,0.0,0.0,0.0
2023-05-01 03:00:00,DATAR1,2023-05-01 03:00:00,131121.0,68.0,1.0,26.0,1.0,0.04,1.0,0.001,1.0,0.4,1.0,0.001,1.0,0.008,1.0,0.009,1.0,0.0,0.0,0.0,0.0,0.0,0.0,0.0,0.0
2023-05-01 04:00:00,DATAR1,2023-05-01 04:00:00,131121.0,62.0,1.0,26.0,1.0,0.032,1.0,0.001,1.0,0.4,1.0,0.001,1.0,0.011,1.0,0.012,1.0,0.0,0.0,0.0,0.0,0.0,0.0,0.0,0.0
2023-05-01 05:00:00,DATAR1,2023-05-01 05:00:00,131121.0,61.0,1.0,26.0,1.0,0.031,1.0,0.001,1.0,0.4,1.0,0.001,1.0,0.01,1.0,0.011,1.0,0.0,0.0,0.0,0.0,0.0,0.0,0.0,0.0
2023-05-01 06:00:00,DATAR1,2023-05-01 06:00:00,131121.0,52.0,1.0,24.0,1.0,0.026,1.0,0.001,1.0,0.4,1.0,0.001,1.0,0.014,1.0,0.015,1.0,0.0,0.0,0.0,0.0,0.0,0.0,0.0,0.0
2023-05-01 07:00:00,DATAR1,2023-05-01 07:00:00,131121.0,44.0,1.0,24.0,1.0,0.023,1.0,0.001,1.0,0.4,1.0,0.002,1.0,0.016,1.0,0.018,1.0,0.0,0.0,0.0,0.0,0.0,0.0,0.0,0.0
2023-05-01 08:00:00,DATAR1,2023-05-01 08:00:00,131121.0,39.0,1.0,22.0,1.0,0.029,1.0,0.001,1.0,0.4,1.0,0.003,1.0,0.013,1.0,0.016,1.0,0.0,0.0,0.0,0.0,0.0,0.0,0.0,0.0
2023-05-01 09:00:00,DATAR1,2023-05-01 09:00:00,131121.0,26.0,1.0,20.0,1.0,0.035,1.0,0.001,1.0,0.4,1.0,0.003,1.0,0.012,1.0,0.015,1.0,0.0,0.0,0.0,0.0,0.0,0.0,0.0,0.0
2023-05-01 10:00:00,DATAR1,2023-05-01 10:00:00,131121.0,49.0,1.0,16.0,1.0,0.036,1.0,0.002,1.0,0.4,1.0,0.004,1.0,0.013,1.0,0.017,1.0,0.0,0.0,0.0,0.0,0.0,0.0,0.0,0.0
2023-05-01 11:00:00,DATAR1,2023-05-01 11:00:00,131121.0,46.0,1.0,15.0,1.0,0.043,1.0,0.002,1.0,0.3,1.0,0.004,1.0,0.012,1.0,0.016,1.0,0.0,0.0,0.0,0.0,0.0,0.0,0.0,0.0
2023-05-01 12:00:00,DATAR1,2023-05-01 12:00:00,131121.0,37.0,1.0,12.0,1.0,0.049,1.0,0.002,1.0,0.3,1.0,0.003,1.0,0.01,1.0,0.013,1.0,0.0,0.0,0.0,0.0,0.0,0.0,0.0,0.0
2023-05-01 13:00:00,DATAR1,2023-05-01 13:00:00,131121.0,34.0,1.0,7.0,1.0,0.053,1.0,0.002,1.0,0.3,1.0,0.002,1.0,0.006,1.0,0.008,1.0,0.0,0.0,0.0,0.0,0.0,0.0,0.0,0.0
2023-05-01 14:00:00,DATAR1,2023-05-01 14:00:00,131121.0,32.0,1.0,8.0,1.0,0.055,1.0,0.002,1.0,0.3,1.0,0.001,1.0,0.005,1.0,0.006,1.0,0.0,0.0,0.0,0.0,0.0,0.0,0.0,0.0
2023-05-01 15:00:00,DATAR1,2023-05-01 15:00:00,131121.0,32.0,1.0,7.0,1.0,0.055,1.0,0.002,1.0,0.3,1.0,0.001,1.0,0.006,1.0,0.007,1.0,0.0,0.0,0.0,0.0,0.0,0.0,0.0,0.0
2023-05-01 16:00:00,DATAR1,2023-05-01 16:00:00,131121.0,29.0,1.0,6.0,1.0,0.057,1.0,0.002,1.0,0.3,1.0,0.001,1.0,0.006,1.0,0.007,1.0,0.0,0.0,0.0,0.0,0.0,0.0,0.0,0.0
2023-05-01 17:00:00,DATAR1,2023-05-01 17:00:00,131121.0,27.0,1.0,8.0,1.0,0.059,1.0,0.002,1.0,0.3,1.0,0.001,1.0,0.006,1.0,0.007,1.0,0.0,0.0,0.0,0.0,0.0,0.0,0.0,0.0
2023-05-01 18:00:00,DATAR1,2023-05-01 18:00:00,131121.0,29.0,1.0,8.0,1.0,0.057,1.0,0.002,1.0,0.3,1.0,0.001,1.0,0.006,1.0,0.007,1.0,0.0,0.0,0.0,0.0,0.0,0.0,0.0,0.0
2023-05-01 19:00:00,DATAR1,2023-05-01 19:00:00,131121.0,34.0,1.0,6.0,1.0,0.054,1.0,0.002,1.0,0.2,1.0,0.001,1.0,0.008,1.0,0.009,1.0,0.0,0.0,0.0,0.0,0.0,0.0,0.0,0.0
2023-05-01 20:00:00,DATAR1,2023-05-01 20:00:00,131121.0,26.0,1.0,4.0,1.0,0.047,1.0,0.002,1.0,0.2,1.0,0.001,1.0,0.012,1.0,0.013,1.0,0.0,0.0,0.0,0.0,0.0,0.0,0.0,0.0
2023-05-01 21:00:00,DATAR1,2023-05-01 21:00:00,131121.0,23.0,1.0,6.0,1.0,0.042,1.0,0.001,1.0,0.3,1.0,0.001,1.0,0.015,1.0,0.016,1.0,0.0,0.0,0.0,0.0,0.0,0.0,0.0,0.0
2023-05-01 22:00:00,DATAR1,2023-05-01 22:00:00,131121.0,24.0,1.0,8.0,1.0,0.039,1.0,0.001,1.0,0.4,1.0,0.001,1.0,0.014,1.0,0.016,1.0,0.0,0.0,0.0,0.0,0.0,0.0,0.0,0.0
2023-05-01 23:00:00,DATAR1,2023-05-01 23:00:00,131121.0,19.0,1.0,10.0,1.0,0.041,1.0,0.001,1.0,0.3,1.0,0.001,1.0,0.011,1.0,0.013,1.0,0.0,0.0,0.0,0.0,0.0,0.0,0.0,0.0
2023-05-02 00:00:00,DATAR1,2023-05-02 00:00:00,131121.0,19.0,1.0,11.0,1.0,0.04,1.0,0.001,1.0,0.3,1.0,0.001,1.0,0.011,1.0,0.013,1.0,0.0,0.0,0.0,0.0,0.0,0.0,0.0,0.0
2023-05-02 01:00:00,DATAR1,2023-05-02 01:00:00,131121.0,20.0,1.0,13.0,1.0,0.029,1.0,0.002,1.0,0.4,1.0,0.001,1.0,0.019,1.0,0.02,1.0,0.0,0.0,0.0,0.0,0.0,0.0,0.0,0.0
2023-05-02 02:00:00,DATAR1,2023-05-02 02:00:00,131121.0,21.0,1.0,13.0,1.0,0.028,1.0,0.002,1.0,0.5,1.0,0.001,1.0,0.016,1.0,0.017,1.0,0.0,0.0,0.0,0.0,0.0,0.0,0.0,0.0
2023-05-02 03:00:00,DATAR1,2023-05-02 03:00:00,131121.0,22.0,1.0,14.0,1.0,0.026,1.0,0.002,1.0,0.5,1.0,0.001,1.0,0.016,1.0,0.017,1.0,0.0,0.0,0.0,0.0,0.0,0.0,0.0,0.0
2023-05-02 04:00:00,DATAR1,2023-05-02 04:00:00,131121.0,17.0,1.0,14.0,1.0,0.02,1.0,0.002,1.0,0.5,1.0,0.001,1.0,0.02,1.0,0.022,1.0,0.0,0.0,0.0,0.0,0.0,0.0,0.0,0.0
2023-05-02 05:00:00,DATAR1,2023-05-02 05:00:00,131121.0,24.0,1.0,11.0,1.0,0.015,1.0,0.002,1.0,0.5,1.0,0.002,1.0,0.023,1.0,0.024,1.0,0.0,0.0,0.0,0.0,0.0,0.0,0.0,0.0
2023-05-02 06:00:00,DATAR1,2023-05-02 06:00:00,131121.0,22.0,1.0,11.0,1.0,0.004,1.0,0.002,1.0,0.5,1.0,0.009,1.0,0.038,1.0,0.047,1.0,0.0,0.0,0.0,0.0,0.0,0.0,0.0,0.0
2023-05-02 07:00:00,DATAR1,2023-05-02 07:00:00,131121.0,24.0,1.0,12.0,1.0,0.004,1.0,0.002,1.0,0.5,1.0,0.02,1.0,0.039,1.0,0.059,1.0,0.0,0.0,0.0,0.0,0.0,0.0,0.0,0.0
2023-05-02 08:00:00,DATAR1,2023-05-02 08:00:00,131121.0,24.0,1.0,12.0,1.0,0.005,1.0,0.002,1.0,0.5,1.0,0.043,1.0,0.039,1.0,0.082,1.0,0.0,0.0,0.0,0.0,0.0,0.0,0.0,0.0
2023-05-02 09:00:00,DATAR1,2023-05-02 09:00:00,131121.0,29.0,1.0,14.0,1.0,0.017,1.0,0.003,1.0,0.4,1.0,0.029,1.0,0.034,1.0,0.063,1.0,0.0,0.0,0.0,0.0,0.0,0.0,0.0,0.0
2023-05-02 10:00:00,DATAR1,2023-05-02 10:00:00,131121.0,38.0,1.0,15.0,1.0,0.031,1.0,0.002,1.0,0.4,1.0,0.012,1.0,0.021,1.0,0.033,1.0,0.0,0.0,0.0,0.0,0.0,0.0,0.0,0.0
2023-05-02 11:00:00,DATAR1,2023-05-02 11:00:00,131121.0,33.0,1.0,12.0,1.0,0.042,1.0,0.002,1.0,0.3,1.0,0.005,1.0,0.015,1.0,0.02,1.0,0.0,0.0,0.0,0.0,0.0,0.0,0.0,0.0
2023-05-02 12:00:00,DATAR1,2023-05-02 12:00:00,131121.0,21.0,1.0,12.0,1.0,0.044,1.0,0.002,1.0,0.3,1.0,0.005,1.0,0.015,1.0,0.019,1.0,0.0,0.0,0.0,0.0,0.0,0.0,0.0,0.0
2023-05-02 13:00:00,DATAR1,2023-05-02 13:00:00,131121.0,30.0,1.0,13.0,1.0,0.05,1.0,0.002,1.0,0.3,1.0,0.004,1.0,0.014,1.0,0.018,1.0,0.0,0.0,0.0,0.0,0.0,0.0,0.0,0.0
2023-05-02 14:00:00,DATAR1,2023-05-02 14:00:00,131121.0,38.0,1.0,9.0,1.0,0.055,1.0,0.002,1.0,0.3,1.0,0.004,1.0,0.014,1.0,0.018,1.0,0.0,0.0,0.0,0.0,0.0,0.0,0.0,0.0
2023-05-02 15:00:00,DATAR1,2023-05-02 15:00:00,131121.0,26.0,1.0,10.0,1.0,0.065,1.0,0.002,1.0,0.4,1.0,0.002,1.0,0.011,1.0,0.014,1.0,0.0,0.0,0.0,0.0,0.0,0.0,0.0,0.0
2023-05-02 16:00:00,DATAR1,2023-05-02 16:00:00,131121.0,38.0,1.0,13.0,1.0,0.072,1.0,0.002,1.0,0.4,1.0,0.002,1.0,0.012,1.0,0.014,1.0,0.0,0.0,0.0,0.0,0.0,0.0,0.0,0.0
2023-05-02 17:00:00,DATAR1,2023-05-02 17:00:00,131121.0,39.0,1.0,14.0,1.0,0.072,1.0,0.002,1.0,0.4,1.0,0.003,1.0,0.017,1.0,0.02,1.0,0.0,0.0,0.0,0.0,0.0,0.0,0.0,0.0
2023-05-02 18:00:00,DATAR1,2023-05-02 18:00:00,131121.0,34.0,1.0,15.0,1.0,0.07,1.0,0.003,1.0,0.4,1.0,0.001,1.0,0.014,1.0,0.016,1.0,0.0,0.0,0.0,0.0,0.0,0.0,0.0,0.0
2023-05-02 19:00:00,DATAR1,2023-05-02 19:00:00,131121.0,41.0,1.0,13.0,1.0,0.059,1.0,0.003,1.0,0.4,1.0,0.002,1.0,0.019,1.0,0.021,1.0,0.0,0.0,0.0,0.0,0.0,0.0,0.0,0.0
2023-05-02 20:00:00,DATAR1,2023-05-02 20:00:00,131121.0,41.0,1.0,12.0,1.0,0.05,1.0,0.002,1.0,0.4,1.0,0.001,1.0,0.019,1.0,0.021,1.0,0.0,0.0,0.0,0.0,0.0,0.0,0.0,0.0
2023-05-02 21:00:00,DATAR1,2023-05-02 21:00:00,131121.0,33.0,1.0,11.0,1.0,0.05,1.0,0.002,1.0,0.4,1.0,0.001,1.0,0.018,1.0,0.02,1.0,0.0,0.0,0.0,0.0,0.0,0.0,0.0,0.0
2023-05-02 22:00:00,DATAR1,2023-05-02 22:00:00,131121.0,34.0,1.0,12.0,1.0,0.037,1.0,0.002,1.0,0.4,1.0,0.001,1.0,0.028,1.0,0.03,1.0,0.0,0.0,0.0,0.0,0.0,0.0,0.0,0.0
2023-05-02 23:00:00,DATAR1,2023-05-02 23:00:00,131121.0,39.0,1.0,16.0,1.0,0.03,1.0,0.002,1.0,0.5,1.0,0.001,1.0,0.03,1.0,0.032,1.0,0.0,0.0,0.0,0.0,0.0,0.0,0.0,0.0
2023-05-03 00:00:00,DATAR1,2023-05-03 00:00:00,131121.0,32.0,1.0,17.0,1.0,0.033,1.0,0.002,1.0,0.5,1.0,0.001,1.0,0.023,1.0,0.025,1.0,0.0,0.0,0.0,0.0,0.0,0.0,0.0,0.0
2023-05-03 01:00:00,DATAR1,2023-05-03 01:00:00,131121.0,34.0,1.0,18.0,1.0,0.032,1.0,0.002,1.0,0.6,1.0,0.001,1.0,0.02,1.0,0.022,1.0,0.0,0.0,0.0,0.0,0.0,0.0,0.0,0.0
2023-05-03 02:00:00,DATAR1,2023-05-03 02:00:00,131121.0,27.0,1.0,18.0,1.0,0.028,1.0,0.002,1.0,0.6,1.0,0.001,1.0,0.022,1.0,0.023,1.0,0.0,0.0,0.0,0.0,0.0,0.0,0.0,0.0
2023-05-03 03:00:00,DATAR1,2023-05-03 03:00:00,131121.0,29.0,1.0,17.0,1.0,0.032,1.0,0.002,1.0,0.5,1.0,0.001,1.0,0.018,1.0,0.019,1.0,0.0,0.0,0.0,0.0,0.0,0.0,0.0,0.0
2023-05-03 04:00:00,DATAR1,2023-05-03 04:00:00,131121.0,32.0,1.0,14.0,1.0,0.03,1.0,0.002,1.0,0.4,1.0,0.001,1.0,0.018,1.0,0.02,1.0,0.0,0.0,0.0,0.0,0.0,0.0,0.0,0.0
2023-05-03 05:00:00,DATAR1,2023-05-03 05:00:00,131121.0,27.0,1.0,14.0,1.0,0.036,1.0,0.002,1.0,0.4,1.0,0.001,1.0,0.014,1.0,0.015,1.0,0.0,0.0,0.0,0.0,0.0,0.0,0.0,0.0
2023-05-03 06:00:00,DATAR1,2023-05-03 06:00:00,131121.0,35.0,1.0,15.0,1.0,0.009,1.0,0.002,1.0,0.6,1.0,0.02,1.0,0.042,1.0,0.062,1.0,0.0,0.0,0.0,0.0,0.0,0.0,0.0,0.0
2023-05-03 07:00:00,DATAR1,2023-05-03 07:00:00,131121.0,38.0,1.0,17.0,1.0,0.003,1.0,0.002,1.0,0.7,1.0,0.033,1.0,0.048,1.0,0.081,1.0,0.0,0.0,0.0,0.0,0.0,0.0,0.0,0.0
2023-05-03 08:00:00,DATAR1,2023-05-03 08:00:00,131121.0,33.0,1.0,17.0,1.0,0.01,1.0,0.003,1.0,0.6,1.0,0.03,1.0,0.046,1.0,0.075,1.0,0.0,0.0,0.0,0.0,0.0,0.0,0.0,0.0
2023-05-03 09:00:00,DATAR1,2023-05-03 09:00:00,131121.0,30.0,1.0,19.0,1.0,0.018,1.0,0.003,1.0,0.6,1.0,0.026,1.0,0.047,1.0,0.073,1.0,0.0,0.0,0.0,0.0,0.0,0.0,0.0,0.0
2023-05-03 10:00:00,DATAR1,2023-05-03 10:00:00,131121.0,46.0,1.0,18.0,1.0,0.051,1.0,0.004,1.0,0.5,1.0,0.005,1.0,0.018,1.0,0.023,1.0,0.0,0.0,0.0,0.0,0.0,0.0,0.0,0.0
2023-05-03 11:00:00,DATAR1,2023-05-03 11:00:00,131121.0,37.0,1.0,18.0,1.0,0.06,1.0,0.003,1.0,0.4,1.0,0.003,1.0,0.012,1.0,0.015,1.0,0.0,0.0,0.0,0.0,0.0,0.0,0.0,0.0
2023-05-03 12:00:00,DATAR1,2023-05-03 12:00:00,131121.0,35.0,1.0,14.0,1.0,0.065,1.0,0.003,1.0,0.4,1.0,0.003,1.0,0.012,1.0,0.014,1.0,0.0,0.0,0.0,0.0,0.0,0.0,0.0,0.0
2023-05-03 13:00:00,DATAR1,2023-05-03 13:00:00,131121.0,44.0,1.0,11.0,1.0,0.074,1.0,0.002,1.0,0.4,1.0,0.002,1.0,0.011,1.0,0.013,1.0,0.0,0.0,0.0,0.0,0.0,0.0,0.0,0.0
2023-05-03 14:00:00,DATAR1,2023-05-03 14:00:00,131121.0,47.0,1.0,15.0,1.0,0.084,1.0,0.002,1.0,0.4,1.0,0.002,1.0,0.01,1.0,0.012,1.0,0.0,0.0,0.0,0.0,0.0,0.0,0.0,0.0
2023-05-03 15:00:00,DATAR1,2023-05-03 15:00:00,131121.0,52.0,1.0,17.0,1.0,0.083,1.0,0.002,1.0,0.3,1.0,0.002,1.0,0.009,1.0,0.01,1.0,0.0,0.0,0.0,0.0,0.0,0.0,0.0,0.0
2023-05-03 16:00:00,DATAR1,2023-05-03 16:00:00,131121.0,45.0,1.0,10.0,1.0,0.074,1.0,0.002,1.0,0.4,1.0,0.002,1.0,0.01,1.0,0.011,1.0,0.0,0.0,0.0,0.0,0.0,0.0,0.0,0.0
2023-05-03 17:00:00,DATAR1,2023-05-03 17:00:00,131121.0,48.0,1.0,7.0,1.0,0.067,1.0,0.003,1.0,0.3,1.0,0.002,1.0,0.01,1.0,0.012,1.0,0.0,0.0,0.0,0.0,0.0,0.0,0.0,0.0
2023-05-03 18:00:00,DATAR1,2023-05-03 18:00:00,131121.0,50.0,1.0,8.0,1.0,0.064,1.0,0.003,1.0,0.4,1.0,0.002,1.0,0.013,1.0,0.014,1.0,0.0,0.0,0.0,0.0,0.0,0.0,0.0,0.0
2023-05-03 19:00:00,DATAR1,2023-05-03 19:00:00,131121.0,56.0,1.0,11.0,1.0,0.06,1.0,0.003,1.0,0.4,1.0,0.001,1.0,0.012,1.0,0.013,1.0,0.0,0.0,0.0,0.0,0.0,0.0,0.0,0.0
2023-05-03 20:00:00,DATAR1,2023-05-03 20:00:00,131121.0,51.0,1.0,16.0,1.0,0.048,1.0,0.003,1.0,0.4,1.0,0.001,1.0,0.013,1.0,0.014,1.0,0.0,0.0,0.0,0.0,0.0,0.0,0.0,0.0
2023-05-03 21:00:00,DATAR1,2023-05-03 21:00:00,131121.0,42.0,1.0,18.0,1.0,0.044,1.0,0.003,1.0,0.4,1.0,0.002,1.0,0.013,1.0,0.014,1.0,0.0,0.0,0.0,0.0,0.0,0.0,0.0,0.0
2023-05-03 22:00:00,DATAR1,2023-05-03 22:00:00,131121.0,41.0,1.0,19.0,1.0,0.04,1.0,0.003,1.0,0.3,1.0,0.001,1.0,0.012,1.0,0.014,1.0,0.0,0.0,0.0,0.0,0.0,0.0,0.0,0.0
2023-05-03 23:00:00,DATAR1,2023-05-03 23:00:00,131121.0,38.0,1.0,18.0,1.0,0.03,1.0,0.003,1.0,0.5,1.0,0.001,1.0,0.019,1.0,0.021,1.0,0.0,0.0,0.0,0.0,0.0,0.0,0.0,0.0
2023-05-04 00:00:00,DATAR1,2023-05-04 00:00:00,131121.0,42.0,1.0,16.0,1.0,0.032,1.0,0.002,1.0,0.4,1.0,0.001,1.0,0.015,1.0,0.017,1.0,0.0,0.0,0.0,0.0,0.0,0.0,0.0,0.0
2023-05-04 01:00:00,DATAR1,2023-05-04 01:00:00,131121.0,42.0,1.0,18.0,1.0,0.038,1.0,0.002,1.0,0.4,1.0,0.001,1.0,0.012,1.0,0.013,1.0,0.0,0.0,0.0,0.0,0.0,0.0,0.0,0.0
2023-05-04 02:00:00,DATAR1,2023-05-04 02:00:00,131121.0,41.0,1.0,19.0,1.0,0.036,1.0,0.002,1.0,0.4,1.0,0.001,1.0,0.012,1.0,0.013,1.0,0.0,0.0,0.0,0.0,0.0,0.0,0.0,0.0
2023-05-04 03:00:00,DATAR1,2023-05-04 03:00:00,131121.0,42.0,1.0,18.0,1.0,0.036,1.0,0.002,1.0,0.4,1.0,0.001,1.0,0.009,1.0,0.01,1.0,0.0,0.0,0.0,0.0,0.0,0.0,0.0,0.0
2023-05-04 04:00:00,DATAR1,2023-05-04 04:00:00,131121.0,40.0,1.0,20.0,1.0,0.037,1.0,0.001,1.0,0.3,1.0,0.001,1.0,0.007,1.0,0.008,1.0,0.0,0.0,0.0,0.0,0.0,0.0,0.0,0.0
2023-05-04 05:00:00,DATAR1,2023-05-04 05:00:00,131121.0,41.0,1.0,20.0,1.0,0.041,1.0,0.002,1.0,0.3,1.0,0.001,1.0,0.008,1.0,0.009,1.0,0.0,0.0,0.0,0.0,0.0,0.0,0.0,0.0
2023-05-04 06:00:00,DATAR1,2023-05-04 06:00:00,131121.0,46.0,1.0,21.0,1.0,0.011,1.0,0.001,1.0,0.4,1.0,0.002,1.0,0.024,1.0,0.025,1.0,0.0,0.0,0.0,0.0,0.0,0.0,0.0,0.0
2023-05-04 07:00:00,DATAR1,2023-05-04 07:00:00,131121.0,31.0,1.0,19.0,1.0,0.026,1.0,0.001,1.0,0.4,1.0,0.002,1.0,0.014,1.0,0.015,1.0,0.0,0.0,0.0,0.0,0.0,0.0,0.0,0.0
2023-05-04 08:00:00,DATAR1,2023-05-04 08:00:00,131121.0,37.0,1.0,18.0,1.0,0.016,1.0,0.002,1.0,0.5,1.0,0.009,1.0,0.028,1.0,0.037,1.0,0.0,0.0,0.0,0.0,0.0,0.0,0.0,0.0
2023-05-04 09:00:00,DATAR1,2023-05-04 09:00:00,131121.0,38.0,1.0,20.0,1.0,0.021,1.0,0.002,1.0,0.4,1.0,0.012,1.0,0.025,1.0,0.038,1.0,0.0,0.0,0.0,0.0,0.0,0.0,0.0,0.0
2023-05-04 10:00:00,DATAR1,2023-05-04 10:00:00,131121.0,39.0,1.0,20.0,1.0,0.05,1.0,0.002,1.0,0.3,1.0,0.001,1.0,0.005,1.0,0.007,1.0,0.0,0.0,0.0,0.0,0.0,0.0,0.0,0.0
2023-05-04 11:00:00,DATAR1,2023-05-04 11:00:00,131121.0,41.0,1.0,17.0,1.0,0.042,1.0,0.002,1.0,0.4,1.0,0.002,1.0,0.008,1.0,0.01,1.0,0.0,0.0,0.0,0.0,0.0,0.0,0.0,0.0
2023-05-04 12:00:00,DATAR1,2023-05-04 12:00:00,131121.0,43.0,1.0,19.0,1.0,0.049,1.0,0.002,1.0,0.4,1.0,0.002,1.0,0.007,1.0,0.009,1.0,0.0,0.0,0.0,0.0,0.0,0.0,0.0,0.0
2023-05-04 13:00:00,DATAR1,2023-05-04 13:00:00,131121.0,38.0,1.0,18.0,1.0,0.056,1.0,0.002,1.0,0.3,1.0,0.001,1.0,0.005,1.0,0.006,1.0,0.0,0.0,0.0,0.0,0.0,0.0,0.0,0.0
2023-05-04 14:00:00,DATAR1,2023-05-04 14:00:00,131121.0,44.0,1.0,21.0,1.0,0.063,1.0,0.002,1.0,0.3,1.0,0.001,1.0,0.006,1.0,0.007,1.0,0.0,0.0,0.0,0.0,0.0,0.0,0.0,0.0
2023-05-04 15:00:00,DATAR1,2023-05-04 15:00:00,131121.0,50.0,1.0,18.0,1.0,0.064,1.0,0.002,1.0,0.4,1.0,0.001,1.0,0.006,1.0,0.008,1.0,0.0,0.0,0.0,0.0,0.0,0.0,0.0,0.0
2023-05-04 16:00:00,DATAR1,2023-05-04 16:00:00,131121.0,52.0,1.0,24.0,1.0,0.065,1.0,0.002,1.0,0.3,1.0,0.001,1.0,0.008,1.0,0.009,1.0,0.0,0.0,0.0,0.0,0.0,0.0,0.0,0.0
2023-05-04 17:00:00,DATAR1,2023-05-04 17:00:00,131121.0,51.0,1.0,21.0,1.0,0.062,1.0,0.002,1.0,0.4,1.0,0.001,1.0,0.009,1.0,0.01,1.0,0.0,0.0,0.0,0.0,0.0,0.0,0.0,0.0
2023-05-04 18:00:00,DATAR1,2023-05-04 18:00:00,131121.0,42.0,1.0,19.0,1.0,0.057,1.0,0.002,1.0,0.4,1.0,0.001,1.0,0.01,1.0,0.012,1.0,0.0,0.0,0.0,0.0,0.0,0.0,0.0,0.0
2023-05-04 19:00:00,DATAR1,2023-05-04 19:00:00,131121.0,44.0,1.0,18.0,1.0,0.051,1.0,0.001,1.0,0.4,1.0,0.001,1.0,0.013,1.0,0.014,1.0,0.0,0.0,0.0,0.0,0.0,0.0,0.0,0.0
2023-05-04 20:00:00,DATAR1,2023-05-04 20:00:00,131121.0,44.0,1.0,18.0,1.0,0.046,1.0,0.001,1.0,0.4,1.0,0.001,1.0,0.014,1.0,0.015,1.0,0.0,0.0,0.0,0.0,0.0,0.0,0.0,0.0
2023-05-04 21:00:00,DATAR1,2023-05-04 21:00:00,131121.0,37.0,1.0,12.0,1.0,0.043,1.0,0.001,1.0,0.4,1.0,0.001,1.0,0.008,1.0,0.01,1.0,0.0,0.0,0.0,0.0,0.0,0.0,0.0,0.0
2023-05-04 22:00:00,DATAR1,2023-05-04 22:00:00,131121.0,33.0,1.0,11.0,1.0,0.044,1.0,0.001,1.0,0.3,1.0,0.001,1.0,0.006,1.0,0.007,1.0,0.0,0.0,0.0,0.0,0.0,0.0,0.0,0.0
2023-05-04 23:00:00,DATAR1,2023-05-04 23:00:00,131121.0,29.0,1.0,10.0,1.0,0.044,1.0,0.001,1.0,0.2,1.0,0.001,1.0,0.005,1.0,0.006,1.0,0.0,0.0,0.0,0.0,0.0,0.0,0.0,0.0
2023-05-05 00:00:00,DATAR1,2023-05-05 00:00:00,131121.0,20.0,1.0,10.0,1.0,0.044,1.0,0.001,1.0,0.2,1.0,0.001,1.0,0.004,1.0,0.005,1.0,0.0,0.0,0.0,0.0,0.0,0.0,0.0,0.0
2023-05-05 01:00:00,DATAR1,2023-05-05 01:00:00,131121.0,17.0,1.0,11.0,1.0,0.043,1.0,0.001,1.0,0.3,1.0,0.001,1.0,0.004,1.0,0.004,1.0,0.0,0.0,0.0,0.0,0.0,0.0,0.0,0.0
2023-05-05 02:00:00,DATAR1,2023-05-05 02:00:00,131121.0,20.0,1.0,18.0,1.0,0.041,1.0,0.001,1.0,0.3,1.0,0.001,1.0,0.003,1.0,0.004,1.0,0.0,0.0,0.0,0.0,0.0,0.0,0.0,0.0
2023-05-05 03:00:00,DATAR1,2023-05-05 03:00:00,131121.0,19.0,1.0,10.0,1.0,0.039,1.0,0.001,1.0,0.3,1.0,0.001,1.0,0.003,1.0,0.004,1.0,0.0,0.0,0.0,0.0,0.0,0.0,0.0,0.0
2023-05-05 04:00:00,DATAR1,2023-05-05 04:00:00,131121.0,5.0,1.0,8.0,1.0,0.04,1.0,0.001,1.0,0.3,1.0,0.001,1.0,0.003,1.0,0.003,1.0,0.0,0.0,0.0,0.0,0.0,0.0,0.0,0.0
2023-05-05 05:00:00,DATAR1,2023-05-05 05:00:00,131121.0,11.0,1.0,8.0,1.0,0.037,1.0,0.001,1.0,0.3,1.0,0.001,1.0,0.003,1.0,0.004,1.0,0.0,0.0,0.0,0.0,0.0,0.0,0.0,0.0
2023-05-05 06:00:00,DATAR1,2023-05-05 06:00:00,131121.0,10.0,1.0,4.0,1.0,0.035,1.0,0.001,1.0,0.3,1.0,0.001,1.0,0.004,1.0,0.005,1.0,0.0,0.0,0.0,0.0,0.0,0.0,0.0,0.0
2023-05-05 07:00:00,DATAR1,2023-05-05 07:00:00,131121.0,8.0,1.0,5.0,1.0,0.033,1.0,0.001,1.0,0.3,1.0,0.001,1.0,0.004,1.0,0.005,1.0,0.0,0.0,0.0,0.0,0.0,0.0,0.0,0.0
2023-05-05 08:00:00,DATAR1,2023-05-05 08:00:00,131121.0,12.0,1.0,5.0,1.0,0.03,1.0,0.001,1.0,0.4,1.0,0.001,1.0,0.006,1.0,0.007,1.0,0.0,0.0,0.0,0.0,0.0,0.0,0.0,0.0
2023-05-05 09:00:00,DATAR1,2023-05-05 09:00:00,131121.0,6.0,1.0,4.0,1.0,0.029,1.0,0.001,1.0,0.4,1.0,0.001,1.0,0.006,1.0,0.007,1.0,0.0,0.0,0.0,0.0,0.0,0.0,0.0,0.0
2023-05-05 10:00:00,DATAR1,2023-05-05 10:00:00,131121.0,2.0,1.0,3.0,1.0,0.027,1.0,0.001,1.0,0.4,1.0,0.002,1.0,0.006,1.0,0.008,1.0,0.0,0.0,0.0,0.0,0.0,0.0,0.0,0.0
2023-05-05 11:00:00,DATAR1,2023-05-05 11:00:00,131121.0,7.0,1.0,3.0,1.0,0.025,1.0,0.001,1.0,0.3,1.0,0.002,1.0,0.007,1.0,0.009,1.0,0.0,0.0,0.0,0.0,0.0,0.0,0.0,0.0
2023-05-05 12:00:00,DATAR1,2023-05-05 12:00:00,131121.0,12.0,1.0,3.0,1.0,0.025,1.0,0.001,1.0,0.3,1.0,0.002,1.0,0.007,1.0,0.009,1.0,0.0,0.0,0.0,0.0,0.0,0.0,0.0,0.0
2023-05-05 13:00:00,DATAR1,2023-05-05 13:00:00,131121.0,8.0,1.0,3.0,1.0,0.026,1.0,0.001,1.0,0.4,1.0,0.002,1.0,0.006,1.0,0.008,1.0,0.0,0.0,0.0,0.0,0.0,0.0,0.0,0.0
2023-05-05 14:00:00,DATAR1,2023-05-05 14:00:00,131121.0,8.0,1.0,2.0,1.0,0.025,1.0,0.001,1.0,0.4,1.0,0.002,1.0,0.006,1.0,0.008,1.0,0.0,0.0,0.0,0.0,0.0,0.0,0.0,0.0
2023-05-05 15:00:00,DATAR1,2023-05-05 15:00:00,131121.0,8.0,1.0,2.0,1.0,0.023,1.0,0.001,1.0,0.4,1.0,0.002,1.0,0.008,1.0,0.01,1.0,0.0,0.0,0.0,0.0,0.0,0.0,0.0,0.0
2023-05-05 16:00:00,DATAR1,2023-05-05 16:00:00,131121.0,9.0,1.0,1.0,1.0,0.02,1.0,0.001,1.0,0.4,1.0,0.002,1.0,0.009,1.0,0.011,1.0,0.0,0.0,0.0,0.0,0.0,0.0,0.0,0.0
2023-05-05 17:00:00,DATAR1,2023-05-05 17:00:00,131121.0,10.0,1.0,1.0,1.0,0.019,1.0,0.001,1.0,0.4,1.0,0.002,1.0,0.01,1.0,0.011,1.0,0.0,0.0,0.0,0.0,0.0,0.0,0.0,0.0
2023-05-05 18:00:00,DATAR1,2023-05-05 18:00:00,131121.0,0.0,1.0,2.0,1.0,0.02,1.0,0.001,1.0,0.3,1.0,0.002,1.0,0.008,1.0,0.01,1.0,0.0,0.0,0.0,0.0,0.0,0.0,0.0,0.0
2023-05-05 19:00:00,DATAR1,2023-05-05 19:00:00,131121.0,7.0,1.0,1.0,1.0,0.015,1.0,0.001,1.0,0.4,1.0,0.002,1.0,0.012,1.0,0.013,1.0,0.0,0.0,0.0,0.0,0.0,0.0,0.0,0.0
2023-05-05 20:00:00,DATAR1,2023-05-05 20:00:00,131121.0,3.0,1.0,3.0,1.0,0.012,1.0,0.001,1.0,0.6,1.0,0.002,1.0,0.013,1.0,0.015,1.0,0.0,0.0,0.0,0.0,0.0,0.0,0.0,0.0
2023-05-05 21:00:00,DATAR1,2023-05-05 21:00:00,131121.0,6.0,1.0,3.0,1.0,0.011,1.0,0.001,1.0,0.5,1.0,0.002,1.0,0.013,1.0,0.015,1.0,0.0,0.0,0.0,0.0,0.0,0.0,0.0,0.0
2023-05-05 22:00:00,DATAR1,2023-05-05 22:00:00,131121.0,4.0,1.0,2.0,1.0,0.01,1.0,0.001,1.0,0.5,1.0,0.002,1.0,0.014,1.0,0.016,1.0,0.0,0.0,0.0,0.0,0.0,0.0,0.0,0.0
2023-05-05 23:00:00,DATAR1,2023-05-05 23:00:00,131121.0,7.0,1.0,4.0,1.0,0.008,1.0,0.002,1.0,0.5,1.0,0.002,1.0,0.014,1.0,0.016,1.0,0.0,0.0,0.0,0.0,0.0,0.0,0.0,0.0
2023-05-06 00:00:00,DATAR1,2023-05-06 00:00:00,131121.0,5.0,1.0,4.0,1.0,0.018,1.0,0.001,1.0,0.4,1.0,0.002,1.0,0.009,1.0,0.01,1.0,0.0,0.0,0.0,0.0,0.0,0.0,0.0,0.0
2023-05-06 01:00:00,DATAR1,2023-05-06 01:00:00,131121.0,19.0,1.0,2.0,1.0,0.034,1.0,0.001,1.0,0.4,1.0,0.001,1.0,0.002,1.0,0.004,1.0,0.0,0.0,0.0,0.0,0.0,0.0,0.0,0.0
2023-05-06 02:00:00,DATAR1,2023-05-06 02:00:00,131121.0,5.0,1.0,1.0,1.0,0.038,1.0,0.001,1.0,0.3,1.0,0.001,1.0,0.002,1.0,0.003,1.0,0.0,0.0,0.0,0.0,0.0,0.0,0.0,0.0
2023-05-06 03:00:00,DATAR1,2023-05-06 03:00:00,131121.0,8.0,1.0,2.0,1.0,0.043,1.0,0.001,1.0,0.3,1.0,0.001,1.0,0.002,1.0,0.003,1.0,0.0,0.0,0.0,0.0,0.0,0.0,0.0,0.0
2023-05-06 04:00:00,DATAR1,2023-05-06 04:00:00,131121.0,2.0,1.0,0.0,1.0,0.045,1.0,0.001,1.0,0.3,1.0,0.001,1.0,0.001,1.0,0.002,1.0,0.0,0.0,0.0,0.0,0.0,0.0,0.0,0.0
2023-05-06 05:00:00,DATAR1,2023-05-06 05:00:00,131121.0,2.0,1.0,3.0,1.0,0.048,1.0,0.001,1.0,0.3,1.0,0.001,1.0,0.001,1.0,0.002,1.0,0.0,0.0,0.0,0.0,0.0,0.0,0.0,0.0
2023-05-06 06:00:00,DATAR1,2023-05-06 06:00:00,131121.0,2.0,1.0,6.0,1.0,0.05,1.0,0.001,1.0,0.3,1.0,0.001,1.0,0.001,1.0,0.002,1.0,0.0,0.0,0.0,0.0,0.0,0.0,0.0,0.0
2023-05-06 07:00:00,DATAR1,2023-05-06 07:00:00,131121.0,3.0,1.0,1.0,1.0,0.048,1.0,0.001,1.0,0.2,1.0,0.001,1.0,0.001,1.0,0.002,1.0,0.0,0.0,0.0,0.0,0.0,0.0,0.0,0.0
2023-05-06 08:00:00,DATAR1,2023-05-06 08:00:00,131121.0,1.0,1.0,2.0,1.0,0.045,1.0,0.001,1.0,0.2,1.0,0.001,1.0,0.002,1.0,0.003,1.0,0.0,0.0,0.0,0.0,0.0,0.0,0.0,0.0
2023-05-06 09:00:00,DATAR1,2023-05-06 09:00:00,131121.0,2.0,1.0,4.0,1.0,0.042,1.0,0.001,1.0,0.3,1.0,0.001,1.0,0.002,1.0,0.003,1.0,0.0,0.0,0.0,0.0,0.0,0.0,0.0,0.0
2023-05-06 10:00:00,DATAR1,2023-05-06 10:00:00,131121.0,3.0,1.0,2.0,1.0,0.042,1.0,0.001,1.0,0.3,1.0,0.001,1.0,0.003,1.0,0.004,1.0,0.0,0.0,0.0,0.0,0.0,0.0,0.0,0.0
2023-05-06 11:00:00,DATAR1,2023-05-06 11:00:00,131121.0,3.0,1.0,4.0,1.0,0.043,1.0,0.001,1.0,0.2,1.0,0.001,1.0,0.003,1.0,0.004,1.0,0.0,0.0,0.0,0.0,0.0,0.0,0.0,0.0
2023-05-06 12:00:00,DATAR1,2023-05-06 12:00:00,131121.0,1.0,1.0,4.0,1.0,0.041,1.0,0.001,1.0,0.2,1.0,0.001,1.0,0.003,1.0,0.005,1.0,0.0,0.0,0.0,0.0,0.0,0.0,0.0,0.0
2023-05-06 13:00:00,DATAR1,2023-05-06 13:00:00,131121.0,3.0,1.0,5.0,1.0,0.041,1.0,0.001,1.0,0.3,1.0,0.001,1.0,0.004,1.0,0.005,1.0,0.0,0.0,0.0,0.0,0.0,0.0,0.0,0.0
2023-05-06 14:00:00,DATAR1,2023-05-06 14:00:00,131121.0,1.0,1.0,0.0,1.0,0.04,1.0,0.001,1.0,0.3,1.0,0.001,1.0,0.003,1.0,0.004,1.0,0.0,0.0,0.0,0.0,0.0,0.0,0.0,0.0
2023-05-06 15:00:00,DATAR1,2023-05-06 15:00:00,131121.0,3.0,1.0,2.0,1.0,0.038,1.0,0.001,1.0,0.3,1.0,0.001,1.0,0.002,1.0,0.004,1.0,0.0,0.0,0.0,0.0,0.0,0.0,0.0,0.0
2023-05-06 16:00:00,DATAR1,2023-05-06 16:00:00,131121.0,3.0,1.0,4.0,1.0,0.038,1.0,0.001,1.0,0.3,1.0,0.001,1.0,0.003,1.0,0.004,1.0,0.0,0.0,0.0,0.0,0.0,0.0,0.0,0.0
2023-05-06 17:00:00,DATAR1,2023-05-06 17:00:00,131121.0,4.0,1.0,5.0,1.0,0.039,1.0,0.001,1.0,0.3,1.0,0.001,1.0,0.002,1.0,0.004,1.0,0.0,0.0,0.0,0.0,0.0,0.0,0.0,0.0
2023-05-06 18:00:00,DATAR1,2023-05-06 18:00:00,131121.0,10.0,1.0,6.0,1.0,0.04,1.0,0.001,1.0,0.3,1.0,0.001,1.0,0.002,1.0,0.004,1.0,0.0,0.0,0.0,0.0,0.0,0.0,0.0,0.0
2023-05-06 19:00:00,DATAR1,2023-05-06 19:00:00,131121.0,14.0,1.0,8.0,1.0,0.039,1.0,0.001,1.0,0.3,1.0,0.001,1.0,0.003,1.0,0.004,1.0,0.0,0.0,0.0,0.0,0.0,0.0,0.0,0.0
2023-05-06 20:00:00,DATAR1,2023-05-06 20:00:00,131121.0,16.0,1.0,8.0,1.0,0.039,1.0,0.001,1.0,0.3,1.0,0.001,1.0,0.003,1.0,0.004,1.0,0.0,0.0,0.0,0.0,0.0,0.0,0.0,0.0
2023-05-06 21:00:00,DATAR1,2023-05-06 21:00:00,131121.0,17.0,1.0,12.0,1.0,0.042,1.0,0.001,1.0,0.3,1.0,0.001,1.0,0.003,1.0,0.004,1.0,0.0,0.0,0.0,0.0,0.0,0.0,0.0,0.0
2023-05-06 22:00:00,DATAR1,2023-05-06 22:00:00,131121.0,24.0,1.0,15.0,1.0,0.042,1.0,0.001,1.0,0.3,1.0,0.001,1.0,0.002,1.0,0.003,1.0,0.0,0.0,0.0,0.0,0.0,0.0,0.0,0.0
2023-05-06 23:00:00,DATAR1,2023-05-06 23:00:00,131121.0,29.0,1.0,18.0,1.0,0.042,1.0,0.001,1.0,0.4,1.0,0.001,1.0,0.002,1.0,0.004,1.0,0.0,0.0,0.0,0.0,0.0,0.0,0.0,0.0
2023-05-07 00:00:00,DATAR1,2023-05-07 00:00:00,131121.0,40.0,1.0,28.0,1.0,0.042,1.0,0.001,1.0,0.4,1.0,0.001,1.0,0.002,1.0,0.004,1.0,0.0,0.0,0.0,0.0,0.0,0.0,0.0,0.0
2023-05-07 01:00:00,DATAR1,2023-05-07 01:00:00,131121.0,39.0,1.0,35.0,1.0,0.044,1.0,0.001,1.0,0.4,1.0,0.001,1.0,0.002,1.0,0.003,1.0,0.0,0.0,0.0,0.0,0.0,0.0,0.0,0.0
2023-05-07 02:00:00,DATAR1,2023-05-07 02:00:00,131121.0,44.0,1.0,39.0,1.0,0.043,1.0,0.001,1.0,0.3,1.0,0.001,1.0,0.002,1.0,0.004,1.0,0.0,0.0,0.0,0.0,0.0,0.0,0.0,0.0
2023-05-07 03:00:00,DATAR1,2023-05-07 03:00:00,131121.0,38.0,1.0,34.0,1.0,0.043,1.0,0.001,1.0,0.2,1.0,0.001,1.0,0.002,1.0,0.003,1.0,0.0,0.0,0.0,0.0,0.0,0.0,0.0,0.0
2023-05-07 04:00:00,DATAR1,2023-05-07 04:00:00,131121.0,34.0,1.0,32.0,1.0,0.042,1.0,0.001,1.0,0.3,1.0,0.001,1.0,0.002,1.0,0.003,1.0,0.0,0.0,0.0,0.0,0.0,0.0,0.0,0.0
2023-05-07 05:00:00,DATAR1,2023-05-07 05:00:00,131121.0,34.0,1.0,33.0,1.0,0.044,1.0,0.001,1.0,0.3,1.0,0.001,1.0,0.002,1.0,0.002,1.0,0.0,0.0,0.0,0.0,0.0,0.0,0.0,0.0
2023-05-07 06:00:00,DATAR1,2023-05-07 06:00:00,131121.0,35.0,1.0,29.0,1.0,0.042,1.0,0.001,1.0,0.3,1.0,0.001,1.0,0.002,1.0,0.003,1.0,0.0,0.0,0.0,0.0,0.0,0.0,0.0,0.0
2023-05-07 07:00:00,DATAR1,2023-05-07 07:00:00,131121.0,29.0,1.0,29.0,1.0,0.038,1.0,0.001,1.0,0.4,1.0,0.001,1.0,0.004,1.0,0.005,1.0,0.0,0.0,0.0,0.0,0.0,0.0,0.0,0.0
2023-05-07 08:00:00,DATAR1,2023-05-07 08:00:00,131121.0,30.0,1.0,28.0,1.0,0.032,1.0,0.001,1.0,0.4,1.0,0.002,1.0,0.011,1.0,0.012,1.0,0.0,0.0,0.0,0.0,0.0,0.0,0.0,0.0
2023-05-07 09:00:00,DATAR1,2023-05-07 09:00:00,131121.0,35.0,1.0,27.0,1.0,0.023,1.0,0.001,1.0,0.4,1.0,0.003,1.0,0.017,1.0,0.02,1.0,0.0,0.0,0.0,0.0,0.0,0.0,0.0,0.0
2023-05-07 10:00:00,DATAR1,2023-05-07 10:00:00,131121.0,31.0,1.0,26.0,1.0,0.022,1.0,0.001,1.0,0.4,1.0,0.006,1.0,0.015,1.0,0.021,1.0,0.0,0.0,0.0,0.0,0.0,0.0,0.0,0.0
2023-05-07 11:00:00,DATAR1,2023-05-07 11:00:00,131121.0,26.0,1.0,26.0,1.0,0.022,1.0,0.001,1.0,0.4,1.0,0.006,1.0,0.018,1.0,0.024,1.0,0.0,0.0,0.0,0.0,0.0,0.0,0.0,0.0
2023-05-07 12:00:00,DATAR1,2023-05-07 12:00:00,131121.0,32.0,1.0,24.0,1.0,0.026,1.0,0.001,1.0,0.4,1.0,0.006,1.0,0.016,1.0,0.023,1.0,0.0,0.0,0.0,0.0,0.0,0.0,0.0,0.0
2023-05-07 13:00:00,DATAR1,2023-05-07 13:00:00,131121.0,28.0,1.0,24.0,1.0,0.039,1.0,0.001,1.0,0.3,1.0,0.002,1.0,0.006,1.0,0.009,1.0,0.0,0.0,0.0,0.0,0.0,0.0,0.0,0.0
2023-05-07 14:00:00,DATAR1,2023-05-07 14:00:00,131121.0,31.0,1.0,24.0,1.0,0.044,1.0,0.001,1.0,0.3,1.0,0.001,1.0,0.003,1.0,0.004,1.0,0.0,0.0,0.0,0.0,0.0,0.0,0.0,0.0
2023-05-07 15:00:00,DATAR1,2023-05-07 15:00:00,131121.0,26.0,1.0,23.0,1.0,0.042,1.0,0.001,1.0,0.3,1.0,0.001,1.0,0.003,1.0,0.004,1.0,0.0,0.0,0.0,0.0,0.0,0.0,0.0,0.0
2023-05-07 16:00:00,DATAR1,2023-05-07 16:00:00,131121.0,27.0,1.0,18.0,1.0,0.043,1.0,0.001,1.0,0.3,1.0,0.001,1.0,0.003,1.0,0.004,1.0,0.0,0.0,0.0,0.0,0.0,0.0,0.0,0.0
2023-05-07 17:00:00,DATAR1,2023-05-07 17:00:00,131121.0,27.0,1.0,17.0,1.0,0.045,1.0,0.001,1.0,0.3,1.0,0.001,1.0,0.003,1.0,0.004,1.0,0.0,0.0,0.0,0.0,0.0,0.0,0.0,0.0
2023-05-07 18:00:00,DATAR1,2023-05-07 18:00:00,131121.0,29.0,1.0,20.0,1.0,0.045,1.0,0.001,1.0,0.3,1.0,0.001,1.0,0.003,1.0,0.004,1.0,0.0,0.0,0.0,0.0,0.0,0.0,0.0,0.0
2023-05-07 19:00:00,DATAR1,2023-05-07 19:00:00,131121.0,32.0,1.0,18.0,1.0,0.044,1.0,0.001,1.0,0.3,1.0,0.001,1.0,0.004,1.0,0.005,1.0,0.0,0.0,0.0,0.0,0.0,0.0,0.0,0.0
2023-05-07 20:00:00,DATAR1,2023-05-07 20:00:00,131121.0,30.0,1.0,23.0,1.0,0.042,1.0,0.001,1.0,0.3,1.0,0.001,1.0,0.007,1.0,0.008,1.0,0.0,0.0,0.0,0.0,0.0,0.0,0.0,0.0
2023-05-07 21:00:00,DATAR1,2023-05-07 21:00:00,131121.0,31.0,1.0,24.0,1.0,0.04,1.0,0.001,1.0,0.3,1.0,0.001,1.0,0.008,1.0,0.009,1.0,0.0,0.0,0.0,0.0,0.0,0.0,0.0,0.0
2023-05-07 22:00:00,DATAR1,2023-05-07 22:00:00,131121.0,29.0,1.0,20.0,1.0,0.039,1.0,0.001,1.0,0.3,1.0,0.001,1.0,0.008,1.0,0.009,1.0,0.0,0.0,0.0,0.0,0.0,0.0,0.0,0.0
2023-05-07 23:00:00,DATAR1,2023-05-07 23:00:00,131121.0,25.0,1.0,21.0,1.0,0.038,1.0,0.001,1.0,0.3,1.0,0.001,1.0,0.01,1.0,0.011,1.0,0.0,0.0,0.0,0.0,0.0,0.0,0.0,0.0
2023-05-08 00:00:00,DATAR1,2023-05-08 00:00:00,131121.0,29.0,1.0,22.0,1.0,0.013,1.0,0.001,1.0,0.4,1.0,0.002,1.0,0.03,1.0,0.032,1.0,0.0,0.0,0.0,0.0,0.0,0.0,0.0,0.0
2023-05-08 01:00:00,DATAR1,2023-05-08 01:00:00,131121.0,28.0,1.0,18.0,1.0,0.026,1.0,0.001,1.0,0.4,1.0,0.002,1.0,0.014,1.0,0.016,1.0,0.0,0.0,0.0,0.0,0.0,0.0,0.0,0.0
2023-05-08 02:00:00,DATAR1,2023-05-08 02:00:00,131121.0,23.0,1.0,17.0,1.0,0.023,1.0,0.001,1.0,0.5,1.0,0.001,1.0,0.015,1.0,0.016,1.0,0.0,0.0,0.0,0.0,0.0,0.0,0.0,0.0
2023-05-08 03:00:00,DATAR1,2023-05-08 03:00:00,131121.0,27.0,1.0,20.0,1.0,0.021,1.0,0.001,1.0,0.5,1.0,0.001,1.0,0.015,1.0,0.016,1.0,0.0,0.0,0.0,0.0,0.0,0.0,0.0,0.0
2023-05-08 04:00:00,DATAR1,2023-05-08 04:00:00,131121.0,26.0,1.0,23.0,1.0,0.022,1.0,0.001,1.0,0.4,1.0,0.001,1.0,0.012,1.0,0.013,1.0,0.0,0.0,0.0,0.0,0.0,0.0,0.0,0.0
2023-05-08 05:00:00,DATAR1,2023-05-08 05:00:00,131121.0,21.0,1.0,19.0,1.0,0.016,1.0,0.001,1.0,0.3,1.0,0.002,1.0,0.018,1.0,0.02,1.0,0.0,0.0,0.0,0.0,0.0,0.0,0.0,0.0
2023-05-08 06:00:00,DATAR1,2023-05-08 06:00:00,131121.0,29.0,1.0,19.0,1.0,0.008,1.0,0.001,1.0,0.4,1.0,0.004,1.0,0.025,1.0,0.029,1.0,0.0,0.0,0.0,0.0,0.0,0.0,0.0,0.0
2023-05-08 07:00:00,DATAR1,2023-05-08 07:00:00,131121.0,26.0,1.0,19.0,1.0,0.009,1.0,0.001,1.0,0.5,1.0,0.014,1.0,0.029,1.0,0.043,1.0,0.0,0.0,0.0,0.0,0.0,0.0,0.0,0.0
2023-05-08 08:00:00,DATAR1,2023-05-08 08:00:00,131121.0,20.0,1.0,20.0,1.0,0.015,1.0,0.001,1.0,0.4,1.0,0.012,1.0,0.023,1.0,0.035,1.0,0.0,0.0,0.0,0.0,0.0,0.0,0.0,0.0
2023-05-08 09:00:00,DATAR1,2023-05-08 09:00:00,131121.0,24.0,1.0,21.0,1.0,0.017,1.0,0.001,1.0,0.4,1.0,0.015,1.0,0.024,1.0,0.039,1.0,0.0,0.0,0.0,0.0,0.0,0.0,0.0,0.0
2023-05-08 10:00:00,DATAR1,2023-05-08 10:00:00,131121.0,34.0,1.0,21.0,1.0,0.017,1.0,0.002,1.0,0.5,1.0,0.021,1.0,0.026,1.0,0.046,1.0,0.0,0.0,0.0,0.0,0.0,0.0,0.0,0.0
2023-05-08 11:00:00,DATAR1,2023-05-08 11:00:00,131121.0,43.0,1.0,20.0,1.0,0.02,1.0,0.002,1.0,0.3,1.0,0.022,1.0,0.027,1.0,0.048,1.0,0.0,0.0,0.0,0.0,0.0,0.0,0.0,0.0
2023-05-08 12:00:00,DATAR1,2023-05-08 12:00:00,131121.0,29.0,1.0,21.0,1.0,0.026,1.0,0.002,1.0,0.3,1.0,0.014,1.0,0.022,1.0,0.036,1.0,0.0,0.0,0.0,0.0,0.0,0.0,0.0,0.0
2023-05-08 13:00:00,DATAR1,2023-05-08 13:00:00,131121.0,20.0,1.0,16.0,1.0,0.046,1.0,0.001,1.0,0.3,1.0,0.004,1.0,0.01,1.0,0.014,1.0,0.0,0.0,0.0,0.0,0.0,0.0,0.0,0.0
2023-05-08 14:00:00,DATAR1,2023-05-08 14:00:00,131121.0,27.0,1.0,14.0,1.0,0.053,1.0,0.002,1.0,0.3,1.0,0.002,1.0,0.01,1.0,0.013,1.0,0.0,0.0,0.0,0.0,0.0,0.0,0.0,0.0
2023-05-08 15:00:00,DATAR1,2023-05-08 15:00:00,131121.0,40.0,1.0,16.0,1.0,0.049,1.0,0.002,1.0,0.4,1.0,0.004,1.0,0.021,1.0,0.025,1.0,0.0,0.0,0.0,0.0,0.0,0.0,0.0,0.0
2023-05-08 16:00:00,DATAR1,2023-05-08 16:00:00,131121.0,59.0,1.0,23.0,1.0,0.054,1.0,0.003,1.0,0.4,1.0,0.004,1.0,0.021,1.0,0.025,1.0,0.0,0.0,0.0,0.0,0.0,0.0,0.0,0.0
2023-05-08 17:00:00,DATAR1,2023-05-08 17:00:00,131121.0,51.0,1.0,23.0,1.0,0.061,1.0,0.002,1.0,0.4,1.0,0.002,1.0,0.016,1.0,0.018,1.0,0.0,0.0,0.0,0.0,0.0,0.0,0.0,0.0
2023-05-08 18:00:00,DATAR1,2023-05-08 18:00:00,131121.0,55.0,1.0,22.0,1.0,0.07,1.0,0.003,1.0,0.4,1.0,0.002,1.0,0.014,1.0,0.016,1.0,0.0,0.0,0.0,0.0,0.0,0.0,0.0,0.0
2023-05-08 19:00:00,DATAR1,2023-05-08 19:00:00,131121.0,48.0,1.0,20.0,1.0,0.063,1.0,0.002,1.0,0.4,1.0,0.002,1.0,0.013,1.0,0.015,1.0,0.0,0.0,0.0,0.0,0.0,0.0,0.0,0.0
2023-05-08 20:00:00,DATAR1,2023-05-08 20:00:00,131121.0,39.0,1.0,20.0,1.0,0.056,1.0,0.002,1.0,0.4,1.0,0.001,1.0,0.013,1.0,0.014,1.0,0.0,0.0,0.0,0.0,0.0,0.0,0.0,0.0
2023-05-08 21:00:00,DATAR1,2023-05-08 21:00:00,131121.0,32.0,1.0,22.0,1.0,0.043,1.0,0.002,1.0,0.5,1.0,0.001,1.0,0.018,1.0,0.02,1.0,0.0,0.0,0.0,0.0,0.0,0.0,0.0,0.0
2023-05-08 22:00:00,DATAR1,2023-05-08 22:00:00,131121.0,32.0,1.0,22.0,1.0,0.036,1.0,0.002,1.0,0.5,1.0,0.001,1.0,0.02,1.0,0.021,1.0,0.0,0.0,0.0,0.0,0.0,0.0,0.0,0.0
2023-05-08 23:00:00,DATAR1,2023-05-08 23:00:00,131121.0,31.0,1.0,21.0,1.0,0.03,1.0,0.002,1.0,0.5,1.0,0.001,1.0,0.023,1.0,0.024,1.0,0.0,0.0,0.0,0.0,0.0,0.0,0.0,0.0
2023-05-09 00:00:00,DATAR1,2023-05-09 00:00:00,131121.0,33.0,1.0,23.0,1.0,0.029,1.0,0.002,1.0,0.5,1.0,0.001,1.0,0.021,1.0,0.022,1.0,0.0,0.0,0.0,0.0,0.0,0.0,0.0,0.0
2023-05-09 01:00:00,DATAR1,2023-05-09 01:00:00,131121.0,28.0,1.0,24.0,1.0,0.022,1.0,0.002,1.0,0.5,1.0,0.001,1.0,0.028,1.0,0.029,1.0,0.0,0.0,0.0,0.0,0.0,0.0,0.0,0.0
2023-05-09 02:00:00,DATAR1,2023-05-09 02:00:00,131121.0,35.0,1.0,24.0,1.0,0.021,1.0,0.002,1.0,0.5,1.0,0.001,1.0,0.026,1.0,0.027,1.0,0.0,0.0,0.0,0.0,0.0,0.0,0.0,0.0
2023-05-09 03:00:00,DATAR1,2023-05-09 03:00:00,131121.0,40.0,1.0,24.0,1.0,0.025,1.0,0.002,1.0,0.5,1.0,0.001,1.0,0.018,1.0,0.02,1.0,0.0,0.0,0.0,0.0,0.0,0.0,0.0,0.0
2023-05-09 04:00:00,DATAR1,2023-05-09 04:00:00,131121.0,36.0,1.0,23.0,1.0,0.018,1.0,0.002,1.0,0.5,1.0,0.002,1.0,0.025,1.0,0.027,1.0,0.0,0.0,0.0,0.0,0.0,0.0,0.0,0.0
2023-05-09 05:00:00,DATAR1,2023-05-09 05:00:00,131121.0,32.0,1.0,23.0,1.0,0.018,1.0,0.002,1.0,0.5,1.0,0.002,1.0,0.023,1.0,0.025,1.0,0.0,0.0,0.0,0.0,0.0,0.0,0.0,0.0
2023-05-09 06:00:00,DATAR1,2023-05-09 06:00:00,131121.0,35.0,1.0,22.0,1.0,0.005,1.0,0.002,1.0,0.5,1.0,0.007,1.0,0.039,1.0,0.045,1.0,0.0,0.0,0.0,0.0,0.0,0.0,0.0,0.0
2023-05-09 07:00:00,DATAR1,2023-05-09 07:00:00,131121.0,41.0,1.0,23.0,1.0,0.006,1.0,0.002,1.0,0.5,1.0,0.023,1.0,0.042,1.0,0.065,1.0,0.0,0.0,0.0,0.0,0.0,0.0,0.0,0.0
2023-05-09 08:00:00,DATAR1,2023-05-09 08:00:00,131121.0,39.0,1.0,26.0,1.0,0.02,1.0,0.002,1.0,0.4,1.0,0.016,1.0,0.033,1.0,0.05,1.0,0.0,0.0,0.0,0.0,0.0,0.0,0.0,0.0
2023-05-09 09:00:00,DATAR1,2023-05-09 09:00:00,131121.0,38.0,1.0,27.0,1.0,0.036,1.0,0.003,1.0,0.5,1.0,0.006,1.0,0.023,1.0,0.029,1.0,0.0,0.0,0.0,0.0,0.0,0.0,0.0,0.0
2023-05-09 10:00:00,DATAR1,2023-05-09 10:00:00,131121.0,45.0,1.0,26.0,1.0,0.039,1.0,0.002,1.0,0.5,1.0,0.007,1.0,0.021,1.0,0.028,1.0,0.0,0.0,0.0,0.0,0.0,0.0,0.0,0.0
2023-05-09 11:00:00,DATAR1,2023-05-09 11:00:00,131121.0,40.0,1.0,24.0,1.0,0.046,1.0,0.002,1.0,0.4,1.0,0.006,1.0,0.023,1.0,0.03,1.0,0.0,0.0,0.0,0.0,0.0,0.0,0.0,0.0
2023-05-09 12:00:00,DATAR1,2023-05-09 12:00:00,131121.0,44.0,1.0,24.0,1.0,0.044,1.0,0.002,1.0,0.4,1.0,0.009,1.0,0.031,1.0,0.04,1.0,0.0,0.0,0.0,0.0,0.0,0.0,0.0,0.0
2023-05-09 13:00:00,DATAR1,2023-05-09 13:00:00,131121.0,51.0,1.0,24.0,1.0,0.058,1.0,0.003,1.0,0.5,1.0,0.006,1.0,0.027,1.0,0.032,1.0,0.0,0.0,0.0,0.0,0.0,0.0,0.0,0.0
2023-05-09 14:00:00,DATAR1,2023-05-09 14:00:00,131121.0,61.0,1.0,24.0,1.0,0.083,1.0,0.003,1.0,0.4,1.0,0.003,1.0,0.017,1.0,0.02,1.0,0.0,0.0,0.0,0.0,0.0,0.0,0.0,0.0
2023-05-09 15:00:00,DATAR1,2023-05-09 15:00:00,131121.0,56.0,1.0,22.0,1.0,0.094,1.0,0.003,1.0,0.5,1.0,0.001,1.0,0.013,1.0,0.015,1.0,0.0,0.0,0.0,0.0,0.0,0.0,0.0,0.0
2023-05-09 16:00:00,DATAR1,2023-05-09 16:00:00,131121.0,48.0,1.0,20.0,1.0,0.084,1.0,0.003,1.0,0.4,1.0,0.002,1.0,0.013,1.0,0.015,1.0,0.0,0.0,0.0,0.0,0.0,0.0,0.0,0.0
2023-05-09 17:00:00,DATAR1,2023-05-09 17:00:00,131121.0,52.0,1.0,16.0,1.0,0.082,1.0,0.002,1.0,0.4,1.0,0.002,1.0,0.014,1.0,0.016,1.0,0.0,0.0,0.0,0.0,0.0,0.0,0.0,0.0
2023-05-09 18:00:00,DATAR1,2023-05-09 18:00:00,131121.0,58.0,1.0,14.0,1.0,0.084,1.0,0.003,1.0,0.5,1.0,0.002,1.0,0.013,1.0,0.014,1.0,0.0,0.0,0.0,0.0,0.0,0.0,0.0,0.0
2023-05-09 19:00:00,DATAR1,2023-05-09 19:00:00,131121.0,53.0,1.0,21.0,1.0,0.083,1.0,0.003,1.0,0.5,1.0,0.001,1.0,0.016,1.0,0.018,1.0,0.0,0.0,0.0,0.0,0.0,0.0,0.0,0.0
2023-05-09 20:00:00,DATAR1,2023-05-09 20:00:00,131121.0,48.0,1.0,21.0,1.0,0.082,1.0,0.003,1.0,0.4,1.0,0.001,1.0,0.014,1.0,0.015,1.0,0.0,0.0,0.0,0.0,0.0,0.0,0.0,0.0
2023-05-09 21:00:00,DATAR1,2023-05-09 21:00:00,131121.0,41.0,1.0,22.0,1.0,0.067,1.0,0.003,1.0,0.5,1.0,0.001,1.0,0.023,1.0,0.024,1.0,0.0,0.0,0.0,0.0,0.0,0.0,0.0,0.0
2023-05-09 22:00:00,DATAR1,2023-05-09 22:00:00,131121.0,43.0,1.0,26.0,1.0,0.059,1.0,0.003,1.0,0.5,1.0,0.001,1.0,0.025,1.0,0.026,1.0,0.0,0.0,0.0,0.0,0.0,0.0,0.0,0.0
2023-05-09 23:00:00,DATAR1,2023-05-09 23:00:00,131121.0,54.0,1.0,26.0,1.0,0.064,1.0,0.003,1.0,0.5,1.0,0.001,1.0,0.02,1.0,0.022,1.0,0.0,0.0,0.0,0.0,0.0,0.0,0.0,0.0
2023-05-10 00:00:00,DATAR1,2023-05-10 00:00:00,131121.0,51.0,1.0,31.0,1.0,0.072,1.0,0.003,1.0,0.4,1.0,0.001,1.0,0.014,1.0,0.015,1.0,0.0,0.0,0.0,0.0,0.0,0.0,0.0,0.0
2023-05-10 01:00:00,DATAR1,2023-05-10 01:00:00,131121.0,56.0,1.0,38.0,1.0,0.061,1.0,0.002,1.0,0.5,1.0,0.001,1.0,0.014,1.0,0.015,1.0,0.0,0.0,0.0,0.0,0.0,0.0,0.0,0.0
2023-05-10 02:00:00,DATAR1,2023-05-10 02:00:00,131121.0,49.0,1.0,42.0,1.0,0.055,1.0,0.002,1.0,0.5,1.0,0.001,1.0,0.014,1.0,0.015,1.0,0.0,0.0,0.0,0.0,0.0,0.0,0.0,0.0
2023-05-10 03:00:00,DATAR1,2023-05-10 03:00:00,131121.0,41.0,1.0,40.0,1.0,0.052,1.0,0.002,1.0,0.6,1.0,0.001,1.0,0.014,1.0,0.015,1.0,0.0,0.0,0.0,0.0,0.0,0.0,0.0,0.0
2023-05-10 04:00:00,DATAR1,2023-05-10 04:00:00,131121.0,45.0,1.0,36.0,1.0,0.05,1.0,0.002,1.0,0.5,1.0,0.001,1.0,0.014,1.0,0.015,1.0,0.0,0.0,0.0,0.0,0.0,0.0,0.0,0.0
2023-05-10 05:00:00,DATAR1,2023-05-10 05:00:00,131121.0,39.0,1.0,32.0,1.0,0.046,1.0,0.002,1.0,0.4,1.0,0.001,1.0,0.014,1.0,0.016,1.0,0.0,0.0,0.0,0.0,0.0,0.0,0.0,0.0
2023-05-10 06:00:00,DATAR1,2023-05-10 06:00:00,131121.0,42.0,1.0,38.0,1.0,0.023,1.0,0.002,1.0,0.5,1.0,0.002,1.0,0.038,1.0,0.04,1.0,0.0,0.0,0.0,0.0,0.0,0.0,0.0,0.0
2023-05-10 07:00:00,DATAR1,2023-05-10 07:00:00,131121.0,46.0,1.0,41.0,1.0,0.022,1.0,0.002,1.0,0.5,1.0,0.007,1.0,0.041,1.0,0.048,1.0,0.0,0.0,0.0,0.0,0.0,0.0,0.0,0.0
2023-05-10 08:00:00,DATAR1,2023-05-10 08:00:00,131121.0,34.0,1.0,41.0,1.0,0.016,1.0,0.002,1.0,0.6,1.0,0.018,1.0,0.051,1.0,0.069,1.0,0.0,0.0,0.0,0.0,0.0,0.0,0.0,0.0
2023-05-10 09:00:00,DATAR1,2023-05-10 09:00:00,131121.0,51.0,1.0,45.0,1.0,0.025,1.0,0.002,1.0,0.6,1.0,0.018,1.0,0.046,1.0,0.064,1.0,0.0,0.0,0.0,0.0,0.0,0.0,0.0,0.0
2023-05-10 10:00:00,DATAR1,2023-05-10 10:00:00,131121.0,49.0,1.0,40.0,1.0,0.041,1.0,0.002,1.0,0.6,1.0,0.007,1.0,0.031,1.0,0.038,1.0,0.0,0.0,0.0,0.0,0.0,0.0,0.0,0.0
2023-05-10 11:00:00,DATAR1,2023-05-10 11:00:00,131121.0,40.0,1.0,32.0,1.0,0.062,1.0,0.003,1.0,0.5,1.0,0.003,1.0,0.019,1.0,0.022,1.0,0.0,0.0,0.0,0.0,0.0,0.0,0.0,0.0
2023-05-10 12:00:00,DATAR1,2023-05-10 12:00:00,131121.0,48.0,1.0,23.0,1.0,0.059,1.0,0.003,1.0,0.5,1.0,0.004,1.0,0.026,1.0,0.03,1.0,0.0,0.0,0.0,0.0,0.0,0.0,0.0,0.0
2023-05-10 13:00:00,DATAR1,2023-05-10 13:00:00,131121.0,61.0,1.0,16.0,1.0,0.063,1.0,0.003,1.0,0.5,1.0,0.004,1.0,0.023,1.0,0.027,1.0,0.0,0.0,0.0,0.0,0.0,0.0,0.0,0.0
2023-05-10 14:00:00,DATAR1,2023-05-10 14:00:00,131121.0,46.0,1.0,8.0,1.0,0.065,1.0,0.002,1.0,0.4,1.0,0.002,1.0,0.015,1.0,0.017,1.0,0.0,0.0,0.0,0.0,0.0,0.0,0.0,0.0
2023-05-10 15:00:00,DATAR1,2023-05-10 15:00:00,131121.0,44.0,1.0,4.0,1.0,0.068,1.0,0.002,1.0,0.4,1.0,0.002,1.0,0.015,1.0,0.017,1.0,0.0,0.0,0.0,0.0,0.0,0.0,0.0,0.0
2023-05-10 16:00:00,DATAR1,2023-05-10 16:00:00,131121.0,34.0,1.0,8.0,1.0,0.069,1.0,0.002,1.0,0.3,1.0,0.002,1.0,0.014,1.0,0.016,1.0,0.0,0.0,0.0,0.0,0.0,0.0,0.0,0.0
2023-05-10 17:00:00,DATAR1,2023-05-10 17:00:00,131121.0,43.0,1.0,7.0,1.0,0.076,1.0,0.002,1.0,0.4,1.0,0.002,1.0,0.015,1.0,0.017,1.0,0.0,0.0,0.0,0.0,0.0,0.0,0.0,0.0
2023-05-10 18:00:00,DATAR1,2023-05-10 18:00:00,131121.0,49.0,1.0,9.0,1.0,0.069,1.0,0.002,1.0,0.4,1.0,0.002,1.0,0.02,1.0,0.022,1.0,0.0,0.0,0.0,0.0,0.0,0.0,0.0,0.0
2023-05-10 19:00:00,DATAR1,2023-05-10 19:00:00,131121.0,55.0,1.0,10.0,1.0,0.075,1.0,0.002,1.0,0.4,1.0,0.002,1.0,0.02,1.0,0.022,1.0,0.0,0.0,0.0,0.0,0.0,0.0,0.0,0.0
2023-05-10 20:00:00,DATAR1,2023-05-10 20:00:00,131121.0,66.0,1.0,16.0,1.0,0.071,1.0,0.003,1.0,0.4,1.0,0.002,1.0,0.028,1.0,0.03,1.0,0.0,0.0,0.0,0.0,0.0,0.0,0.0,0.0
2023-05-10 21:00:00,DATAR1,2023-05-10 21:00:00,131121.0,56.0,1.0,36.0,1.0,0.062,1.0,0.003,1.0,0.6,1.0,0.001,1.0,0.028,1.0,0.03,1.0,0.0,0.0,0.0,0.0,0.0,0.0,0.0,0.0
2023-05-10 22:00:00,DATAR1,2023-05-10 22:00:00,131121.0,54.0,1.0,43.0,1.0,0.048,1.0,0.003,1.0,0.6,1.0,0.001,1.0,0.03,1.0,0.031,1.0,0.0,0.0,0.0,0.0,0.0,0.0,0.0,0.0
2023-05-10 23:00:00,DATAR1,2023-05-10 23:00:00,131121.0,47.0,1.0,33.0,1.0,0.047,1.0,0.003,1.0,0.5,1.0,0.001,1.0,0.022,1.0,0.023,1.0,0.0,0.0,0.0,0.0,0.0,0.0,0.0,0.0
2023-05-11 00:00:00,DATAR1,2023-05-11 00:00:00,131121.0,43.0,1.0,27.0,1.0,0.04,1.0,0.003,1.0,0.5,1.0,0.001,1.0,0.022,1.0,0.023,1.0,0.0,0.0,0.0,0.0,0.0,0.0,0.0,0.0
2023-05-11 01:00:00,DATAR1,2023-05-11 01:00:00,131121.0,41.0,1.0,21.0,1.0,0.032,1.0,0.003,1.0,0.6,1.0,0.001,1.0,0.024,1.0,0.025,1.0,0.0,0.0,0.0,0.0,0.0,0.0,0.0,0.0
2023-05-11 02:00:00,DATAR1,2023-05-11 02:00:00,131121.0,45.0,1.0,20.0,1.0,0.029,1.0,0.003,1.0,0.6,1.0,0.001,1.0,0.023,1.0,0.025,1.0,0.0,0.0,0.0,0.0,0.0,0.0,0.0,0.0
2023-05-11 03:00:00,DATAR1,2023-05-11 03:00:00,131121.0,48.0,1.0,22.0,1.0,0.02,1.0,0.002,1.0,0.6,1.0,0.001,1.0,0.031,1.0,0.033,1.0,0.0,0.0,0.0,0.0,0.0,0.0,0.0,0.0
2023-05-11 04:00:00,DATAR1,2023-05-11 04:00:00,131121.0,44.0,1.0,25.0,1.0,0.022,1.0,0.002,1.0,0.6,1.0,0.002,1.0,0.03,1.0,0.031,1.0,0.0,0.0,0.0,0.0,0.0,0.0,0.0,0.0
2023-05-11 05:00:00,DATAR1,2023-05-11 05:00:00,131121.0,43.0,1.0,28.0,1.0,0.009,1.0,0.002,1.0,0.6,1.0,0.007,1.0,0.04,1.0,0.048,1.0,0.0,0.0,0.0,0.0,0.0,0.0,0.0,0.0
2023-05-11 06:00:00,DATAR1,2023-05-11 06:00:00,131121.0,39.0,1.0,24.0,1.0,0.021,1.0,0.002,1.0,0.6,1.0,0.001,1.0,0.023,1.0,0.025,1.0,0.0,0.0,0.0,0.0,0.0,0.0,0.0,0.0
2023-05-11 07:00:00,DATAR1,2023-05-11 07:00:00,131121.0,41.0,1.0,22.0,1.0,0.009,1.0,0.002,1.0,0.6,1.0,0.015,1.0,0.039,1.0,0.054,1.0,0.0,0.0,0.0,0.0,0.0,0.0,0.0,0.0
2023-05-11 08:00:00,DATAR1,2023-05-11 08:00:00,131121.0,34.0,1.0,24.0,1.0,0.012,1.0,0.002,1.0,0.6,1.0,0.02,1.0,0.039,1.0,0.059,1.0,0.0,0.0,0.0,0.0,0.0,0.0,0.0,0.0
2023-05-11 09:00:00,DATAR1,2023-05-11 09:00:00,131121.0,37.0,1.0,22.0,1.0,0.033,1.0,0.002,1.0,0.5,1.0,0.008,1.0,0.023,1.0,0.031,1.0,0.0,0.0,0.0,0.0,0.0,0.0,0.0,0.0
2023-05-11 10:00:00,DATAR1,2023-05-11 10:00:00,131121.0,53.0,1.0,22.0,1.0,0.054,1.0,0.002,1.0,0.5,1.0,0.002,1.0,0.01,1.0,0.013,1.0,0.0,0.0,0.0,0.0,0.0,0.0,0.0,0.0
2023-05-11 11:00:00,DATAR1,2023-05-11 11:00:00,131121.0,44.0,1.0,23.0,1.0,0.058,1.0,0.002,1.0,0.5,1.0,0.002,1.0,0.014,1.0,0.017,1.0,0.0,0.0,0.0,0.0,0.0,0.0,0.0,0.0
2023-05-11 12:00:00,DATAR1,2023-05-11 12:00:00,131121.0,39.0,1.0,23.0,1.0,0.068,1.0,0.002,1.0,0.5,1.0,0.002,1.0,0.015,1.0,0.017,1.0,0.0,0.0,0.0,0.0,0.0,0.0,0.0,0.0
2023-05-11 13:00:00,DATAR1,2023-05-11 13:00:00,131121.0,58.0,1.0,20.0,1.0,0.081,1.0,0.002,1.0,0.4,1.0,0.002,1.0,0.011,1.0,0.012,1.0,0.0,0.0,0.0,0.0,0.0,0.0,0.0,0.0
2023-05-11 14:00:00,DATAR1,2023-05-11 14:00:00,131121.0,50.0,1.0,18.0,1.0,0.086,1.0,0.002,1.0,0.4,1.0,0.002,1.0,0.01,1.0,0.012,1.0,0.0,0.0,0.0,0.0,0.0,0.0,0.0,0.0
2023-05-11 15:00:00,DATAR1,2023-05-11 15:00:00,131121.0,52.0,1.0,18.0,1.0,0.093,1.0,0.002,1.0,0.4,1.0,0.001,1.0,0.01,1.0,0.012,1.0,0.0,0.0,0.0,0.0,0.0,0.0,0.0,0.0
2023-05-11 16:00:00,DATAR1,2023-05-11 16:00:00,131121.0,56.0,1.0,20.0,1.0,0.102,1.0,0.002,1.0,0.4,1.0,0.001,1.0,0.013,1.0,0.014,1.0,0.0,0.0,0.0,0.0,0.0,0.0,0.0,0.0
2023-05-11 17:00:00,DATAR1,2023-05-11 17:00:00,131121.0,75.0,1.0,23.0,1.0,0.102,1.0,0.004,1.0,0.6,1.0,0.002,1.0,0.019,1.0,0.02,1.0,0.0,0.0,0.0,0.0,0.0,0.0,0.0,0.0
2023-05-11 18:00:00,DATAR1,2023-05-11 18:00:00,131121.0,58.0,1.0,23.0,1.0,0.088,1.0,0.003,1.0,0.5,1.0,0.001,1.0,0.014,1.0,0.015,1.0,0.0,0.0,0.0,0.0,0.0,0.0,0.0,0.0
2023-05-11 19:00:00,DATAR1,2023-05-11 19:00:00,131121.0,54.0,1.0,20.0,1.0,0.083,1.0,0.003,1.0,0.4,1.0,0.001,1.0,0.014,1.0,0.015,1.0,0.0,0.0,0.0,0.0,0.0,0.0,0.0,0.0
2023-05-11 20:00:00,DATAR1,2023-05-11 20:00:00,131121.0,49.0,1.0,20.0,1.0,0.08,1.0,0.002,1.0,0.4,1.0,0.001,1.0,0.013,1.0,0.014,1.0,0.0,0.0,0.0,0.0,0.0,0.0,0.0,0.0
2023-05-11 21:00:00,DATAR1,2023-05-11 21:00:00,131121.0,47.0,1.0,19.0,1.0,0.066,1.0,0.002,1.0,0.5,1.0,0.001,1.0,0.018,1.0,0.02,1.0,0.0,0.0,0.0,0.0,0.0,0.0,0.0,0.0
2023-05-11 22:00:00,DATAR1,2023-05-11 22:00:00,131121.0,46.0,1.0,19.0,1.0,0.066,1.0,0.002,1.0,0.4,1.0,0.001,1.0,0.016,1.0,0.018,1.0,0.0,0.0,0.0,0.0,0.0,0.0,0.0,0.0
2023-05-11 23:00:00,DATAR1,2023-05-11 23:00:00,131121.0,46.0,1.0,25.0,1.0,0.058,1.0,0.002,1.0,0.5,1.0,0.001,1.0,0.018,1.0,0.018,1.0,0.0,0.0,0.0,0.0,0.0,0.0,0.0,0.0
2023-05-12 00:00:00,DATAR1,2023-05-12 00:00:00,131121.0,42.0,1.0,34.0,1.0,0.042,1.0,0.002,1.0,0.5,1.0,0.001,1.0,0.027,1.0,0.028,1.0,0.0,0.0,0.0,0.0,0.0,0.0,0.0,0.0
2023-05-12 01:00:00,DATAR1,2023-05-12 01:00:00,131121.0,47.0,1.0,30.0,1.0,0.04,1.0,0.002,1.0,0.5,1.0,0.001,1.0,0.024,1.0,0.025,1.0,0.0,0.0,0.0,0.0,0.0,0.0,0.0,0.0
2023-05-12 02:00:00,DATAR1,2023-05-12 02:00:00,131121.0,53.0,1.0,31.0,1.0,0.045,1.0,0.002,1.0,0.6,1.0,0.001,1.0,0.019,1.0,0.02,1.0,0.0,0.0,0.0,0.0,0.0,0.0,0.0,0.0
2023-05-12 03:00:00,DATAR1,2023-05-12 03:00:00,131121.0,48.0,1.0,30.0,1.0,0.042,1.0,0.002,1.0,0.6,1.0,0.002,1.0,0.019,1.0,0.02,1.0,0.0,0.0,0.0,0.0,0.0,0.0,0.0,0.0
2023-05-12 04:00:00,DATAR1,2023-05-12 04:00:00,131121.0,50.0,1.0,34.0,1.0,0.044,1.0,0.002,1.0,0.6,1.0,0.001,1.0,0.016,1.0,0.018,1.0,0.0,0.0,0.0,0.0,0.0,0.0,0.0,0.0
2023-05-12 05:00:00,DATAR1,2023-05-12 05:00:00,131121.0,37.0,1.0,33.0,1.0,0.044,1.0,0.002,1.0,0.6,1.0,0.002,1.0,0.017,1.0,0.019,1.0,0.0,0.0,0.0,0.0,0.0,0.0,0.0,0.0
2023-05-12 06:00:00,DATAR1,2023-05-12 06:00:00,131121.0,47.0,1.0,30.0,1.0,0.038,1.0,0.002,1.0,0.6,1.0,0.001,1.0,0.028,1.0,0.03,1.0,0.0,0.0,0.0,0.0,0.0,0.0,0.0,0.0
2023-05-12 07:00:00,DATAR1,2023-05-12 07:00:00,131121.0,53.0,1.0,34.0,1.0,0.034,1.0,0.004,1.0,0.6,1.0,0.003,1.0,0.033,1.0,0.036,1.0,0.0,0.0,0.0,0.0,0.0,0.0,0.0,0.0
2023-05-12 08:00:00,DATAR1,2023-05-12 08:00:00,131121.0,51.0,1.0,38.0,1.0,0.03,1.0,0.004,1.0,0.6,1.0,0.005,1.0,0.038,1.0,0.044,1.0,0.0,0.0,0.0,0.0,0.0,0.0,0.0,0.0
2023-05-12 09:00:00,DATAR1,2023-05-12 09:00:00,131121.0,50.0,1.0,37.0,1.0,0.036,1.0,0.003,1.0,0.7,1.0,0.005,1.0,0.035,1.0,0.04,1.0,0.0,0.0,0.0,0.0,0.0,0.0,0.0,0.0
2023-05-12 10:00:00,DATAR1,2023-05-12 10:00:00,131121.0,45.0,1.0,34.0,1.0,0.042,1.0,0.003,1.0,0.6,1.0,0.005,1.0,0.03,1.0,0.035,1.0,0.0,0.0,0.0,0.0,0.0,0.0,0.0,0.0
2023-05-12 11:00:00,DATAR1,2023-05-12 11:00:00,131121.0,50.0,1.0,33.0,1.0,0.048,1.0,0.003,1.0,0.6,1.0,0.005,1.0,0.027,1.0,0.032,1.0,0.0,0.0,0.0,0.0,0.0,0.0,0.0,0.0
2023-05-12 12:00:00,DATAR1,2023-05-12 12:00:00,131121.0,64.0,1.0,30.0,1.0,0.058,1.0,0.003,1.0,0.6,1.0,0.004,1.0,0.026,1.0,0.03,1.0,0.0,0.0,0.0,0.0,0.0,0.0,0.0,0.0
2023-05-12 13:00:00,DATAR1,2023-05-12 13:00:00,131121.0,59.0,1.0,26.0,1.0,0.058,1.0,0.003,1.0,0.5,1.0,0.004,1.0,0.027,1.0,0.031,1.0,0.0,0.0,0.0,0.0,0.0,0.0,0.0,0.0
2023-05-12 14:00:00,DATAR1,2023-05-12 14:00:00,131121.0,50.0,1.0,21.0,1.0,0.068,1.0,0.003,1.0,0.5,1.0,0.004,1.0,0.023,1.0,0.026,1.0,0.0,0.0,0.0,0.0,0.0,0.0,0.0,0.0
2023-05-12 15:00:00,DATAR1,2023-05-12 15:00:00,131121.0,43.0,1.0,20.0,1.0,0.075,1.0,0.003,1.0,0.5,1.0,0.003,1.0,0.021,1.0,0.024,1.0,0.0,0.0,0.0,0.0,0.0,0.0,0.0,0.0
2023-05-12 16:00:00,DATAR1,2023-05-12 16:00:00,131121.0,53.0,1.0,13.0,1.0,0.078,1.0,0.003,1.0,0.6,1.0,0.002,1.0,0.023,1.0,0.026,1.0,0.0,0.0,0.0,0.0,0.0,0.0,0.0,0.0
2023-05-12 17:00:00,DATAR1,2023-05-12 17:00:00,131121.0,57.0,1.0,19.0,1.0,0.076,1.0,0.003,1.0,0.4,1.0,0.002,1.0,0.026,1.0,0.028,1.0,0.0,0.0,0.0,0.0,0.0,0.0,0.0,0.0
2023-05-12 18:00:00,DATAR1,2023-05-12 18:00:00,131121.0,52.0,1.0,28.0,1.0,0.079,1.0,0.003,1.0,0.5,1.0,0.002,1.0,0.025,1.0,0.027,1.0,0.0,0.0,0.0,0.0,0.0,0.0,0.0,0.0
2023-05-12 19:00:00,DATAR1,2023-05-12 19:00:00,131121.0,50.0,1.0,29.0,1.0,0.059,1.0,0.004,1.0,0.4,1.0,0.002,1.0,0.031,1.0,0.032,1.0,0.0,0.0,0.0,0.0,0.0,0.0,0.0,0.0
2023-05-12 20:00:00,DATAR1,2023-05-12 20:00:00,131121.0,41.0,1.0,27.0,1.0,0.053,1.0,0.004,1.0,0.4,1.0,0.001,1.0,0.028,1.0,0.029,1.0,0.0,0.0,0.0,0.0,0.0,0.0,0.0,0.0
2023-05-12 21:00:00,DATAR1,2023-05-12 21:00:00,131121.0,42.0,1.0,17.0,1.0,0.047,1.0,0.005,1.0,0.4,1.0,0.001,1.0,0.025,1.0,0.026,1.0,0.0,0.0,0.0,0.0,0.0,0.0,0.0,0.0
2023-05-12 22:00:00,DATAR1,2023-05-12 22:00:00,131121.0,38.0,1.0,18.0,1.0,0.044,1.0,0.003,1.0,0.4,1.0,0.001,1.0,0.024,1.0,0.025,1.0,0.0,0.0,0.0,0.0,0.0,0.0,0.0,0.0
2023-05-12 23:00:00,DATAR1,2023-05-12 23:00:00,131121.0,43.0,1.0,20.0,1.0,0.043,1.0,0.002,1.0,0.4,1.0,0.001,1.0,0.023,1.0,0.024,1.0,0.0,0.0,0.0,0.0,0.0,0.0,0.0,0.0
2023-05-13 00:00:00,DATAR1,2023-05-13 00:00:00,131121.0,45.0,1.0,22.0,1.0,0.04,1.0,0.003,1.0,0.5,1.0,0.002,1.0,0.023,1.0,0.024,1.0,0.0,0.0,0.0,0.0,0.0,0.0,0.0,0.0
2023-05-13 01:00:00,DATAR1,2023-05-13 01:00:00,131121.0,50.0,1.0,30.0,1.0,0.041,1.0,0.003,1.0,0.5,1.0,0.001,1.0,0.02,1.0,0.02,1.0,0.0,0.0,0.0,0.0,0.0,0.0,0.0,0.0
2023-05-13 02:00:00,DATAR1,2023-05-13 02:00:00,131121.0,59.0,1.0,40.0,1.0,0.036,1.0,0.002,1.0,0.6,1.0,0.001,1.0,0.019,1.0,0.02,1.0,0.0,0.0,0.0,0.0,0.0,0.0,0.0,0.0
2023-05-13 03:00:00,DATAR1,2023-05-13 03:00:00,131121.0,52.0,1.0,42.0,1.0,0.038,1.0,0.002,1.0,0.6,1.0,0.001,1.0,0.017,1.0,0.018,1.0,0.0,0.0,0.0,0.0,0.0,0.0,0.0,0.0
2023-05-13 04:00:00,DATAR1,2023-05-13 04:00:00,131121.0,43.0,1.0,38.0,1.0,0.032,1.0,0.002,1.0,0.5,1.0,0.001,1.0,0.02,1.0,0.021,1.0,0.0,0.0,0.0,0.0,0.0,0.0,0.0,0.0
2023-05-13 05:00:00,DATAR1,2023-05-13 05:00:00,131121.0,47.0,1.0,33.0,1.0,0.034,1.0,0.002,1.0,0.5,1.0,0.001,1.0,0.017,1.0,0.018,1.0,0.0,0.0,0.0,0.0,0.0,0.0,0.0,0.0
2023-05-13 06:00:00,DATAR1,2023-05-13 06:00:00,131121.0,39.0,1.0,32.0,1.0,0.035,1.0,0.002,1.0,0.4,1.0,0.001,1.0,0.017,1.0,0.018,1.0,0.0,0.0,0.0,0.0,0.0,0.0,0.0,0.0
2023-05-13 07:00:00,DATAR1,2023-05-13 07:00:00,131121.0,29.0,1.0,29.0,1.0,0.033,1.0,0.002,1.0,0.5,1.0,0.002,1.0,0.019,1.0,0.02,1.0,0.0,0.0,0.0,0.0,0.0,0.0,0.0,0.0
2023-05-13 08:00:00,DATAR1,2023-05-13 08:00:00,131121.0,27.0,1.0,21.0,1.0,0.029,1.0,0.002,1.0,0.5,1.0,0.004,1.0,0.026,1.0,0.03,1.0,0.0,0.0,0.0,0.0,0.0,0.0,0.0,0.0
2023-05-13 09:00:00,DATAR1,2023-05-13 09:00:00,131121.0,29.0,1.0,18.0,1.0,0.047,1.0,0.002,1.0,0.5,1.0,0.003,1.0,0.016,1.0,0.02,1.0,0.0,0.0,0.0,0.0,0.0,0.0,0.0,0.0
2023-05-13 10:00:00,DATAR1,2023-05-13 10:00:00,131121.0,32.0,1.0,22.0,1.0,0.054,1.0,0.002,1.0,0.4,1.0,0.003,1.0,0.014,1.0,0.017,1.0,0.0,0.0,0.0,0.0,0.0,0.0,0.0,0.0
2023-05-13 11:00:00,DATAR1,2023-05-13 11:00:00,131121.0,23.0,1.0,13.0,1.0,0.062,1.0,0.002,1.0,0.4,1.0,0.002,1.0,0.011,1.0,0.013,1.0,0.0,0.0,0.0,0.0,0.0,0.0,0.0,0.0
2023-05-13 12:00:00,DATAR1,2023-05-13 12:00:00,131121.0,19.0,1.0,7.0,1.0,0.066,1.0,0.002,1.0,0.4,1.0,0.002,1.0,0.011,1.0,0.013,1.0,0.0,0.0,0.0,0.0,0.0,0.0,0.0,0.0
2023-05-13 13:00:00,DATAR1,2023-05-13 13:00:00,131121.0,35.0,1.0,7.0,1.0,0.074,1.0,0.002,1.0,0.4,1.0,0.002,1.0,0.012,1.0,0.013,1.0,0.0,0.0,0.0,0.0,0.0,0.0,0.0,0.0
2023-05-13 14:00:00,DATAR1,2023-05-13 14:00:00,131121.0,48.0,1.0,12.0,1.0,0.082,1.0,0.002,1.0,0.4,1.0,0.002,1.0,0.012,1.0,0.014,1.0,0.0,0.0,0.0,0.0,0.0,0.0,0.0,0.0
2023-05-13 15:00:00,DATAR1,2023-05-13 15:00:00,131121.0,49.0,1.0,17.0,1.0,0.082,1.0,0.002,1.0,0.4,1.0,0.002,1.0,0.011,1.0,0.012,1.0,0.0,0.0,0.0,0.0,0.0,0.0,0.0,0.0
2023-05-13 16:00:00,DATAR1,2023-05-13 16:00:00,131121.0,38.0,1.0,14.0,1.0,0.079,1.0,0.002,1.0,0.4,1.0,0.001,1.0,0.011,1.0,0.012,1.0,0.0,0.0,0.0,0.0,0.0,0.0,0.0,0.0
2023-05-13 17:00:00,DATAR1,2023-05-13 17:00:00,131121.0,62.0,1.0,17.0,1.0,0.074,1.0,0.002,1.0,0.4,1.0,0.001,1.0,0.012,1.0,0.013,1.0,0.0,0.0,0.0,0.0,0.0,0.0,0.0,0.0
2023-05-13 18:00:00,DATAR1,2023-05-13 18:00:00,131121.0,40.0,1.0,18.0,1.0,0.06,1.0,0.002,1.0,0.3,1.0,0.001,1.0,0.011,1.0,0.013,1.0,0.0,0.0,0.0,0.0,0.0,0.0,0.0,0.0
2023-05-13 19:00:00,DATAR1,2023-05-13 19:00:00,131121.0,33.0,1.0,9.0,1.0,0.054,1.0,0.002,1.0,0.3,1.0,0.001,1.0,0.012,1.0,0.014,1.0,0.0,0.0,0.0,0.0,0.0,0.0,0.0,0.0
2023-05-13 20:00:00,DATAR1,2023-05-13 20:00:00,131121.0,25.0,1.0,8.0,1.0,0.052,1.0,0.002,1.0,0.3,1.0,0.001,1.0,0.011,1.0,0.012,1.0,0.0,0.0,0.0,0.0,0.0,0.0,0.0,0.0
2023-05-13 21:00:00,DATAR1,2023-05-13 21:00:00,131121.0,21.0,1.0,8.0,1.0,0.045,1.0,0.002,1.0,0.4,1.0,0.001,1.0,0.014,1.0,0.015,1.0,0.0,0.0,0.0,0.0,0.0,0.0,0.0,0.0
2023-05-13 22:00:00,DATAR1,2023-05-13 22:00:00,131121.0,20.0,1.0,10.0,1.0,0.044,1.0,0.002,1.0,0.3,1.0,0.001,1.0,0.013,1.0,0.014,1.0,0.0,0.0,0.0,0.0,0.0,0.0,0.0,0.0
2023-05-13 23:00:00,DATAR1,2023-05-13 23:00:00,131121.0,20.0,1.0,9.0,1.0,0.044,1.0,0.002,1.0,0.4,1.0,0.001,1.0,0.012,1.0,0.014,1.0,0.0,0.0,0.0,0.0,0.0,0.0,0.0,0.0
2023-05-14 00:00:00,DATAR1,2023-05-14 00:00:00,131121.0,23.0,1.0,10.0,1.0,0.041,1.0,0.002,1.0,0.4,1.0,0.001,1.0,0.012,1.0,0.014,1.0,0.0,0.0,0.0,0.0,0.0,0.0,0.0,0.0
2023-05-14 01:00:00,DATAR1,2023-05-14 01:00:00,131121.0,15.0,1.0,11.0,1.0,0.039,1.0,0.001,1.0,0.4,1.0,0.001,1.0,0.012,1.0,0.013,1.0,0.0,0.0,0.0,0.0,0.0,0.0,0.0,0.0
2023-05-14 02:00:00,DATAR1,2023-05-14 02:00:00,131121.0,18.0,1.0,13.0,1.0,0.039,1.0,0.001,1.0,0.4,1.0,0.001,1.0,0.01,1.0,0.011,1.0,0.0,0.0,0.0,0.0,0.0,0.0,0.0,0.0
2023-05-14 03:00:00,DATAR1,2023-05-14 03:00:00,131121.0,22.0,1.0,12.0,1.0,0.04,1.0,0.001,1.0,0.4,1.0,0.001,1.0,0.008,1.0,0.009,1.0,0.0,0.0,0.0,0.0,0.0,0.0,0.0,0.0
2023-05-14 04:00:00,DATAR1,2023-05-14 04:00:00,131121.0,16.0,1.0,10.0,1.0,0.037,1.0,0.001,1.0,0.4,1.0,0.001,1.0,0.008,1.0,0.009,1.0,0.0,0.0,0.0,0.0,0.0,0.0,0.0,0.0
2023-05-14 05:00:00,DATAR1,2023-05-14 05:00:00,131121.0,16.0,1.0,10.0,1.0,0.033,1.0,0.001,1.0,0.4,1.0,0.001,1.0,0.009,1.0,0.01,1.0,0.0,0.0,0.0,0.0,0.0,0.0,0.0,0.0
2023-05-14 06:00:00,DATAR1,2023-05-14 06:00:00,131121.0,20.0,1.0,13.0,1.0,0.027,1.0,0.001,1.0,0.4,1.0,0.001,1.0,0.013,1.0,0.014,1.0,0.0,0.0,0.0,0.0,0.0,0.0,0.0,0.0
2023-05-14 07:00:00,DATAR1,2023-05-14 07:00:00,131121.0,18.0,1.0,14.0,1.0,0.024,1.0,0.001,1.0,0.4,1.0,0.002,1.0,0.015,1.0,0.017,1.0,0.0,0.0,0.0,0.0,0.0,0.0,0.0,0.0
2023-05-14 08:00:00,DATAR1,2023-05-14 08:00:00,131121.0,24.0,1.0,16.0,1.0,0.024,1.0,0.002,1.0,0.4,1.0,0.005,1.0,0.018,1.0,0.023,1.0,0.0,0.0,0.0,0.0,0.0,0.0,0.0,0.0
2023-05-14 09:00:00,DATAR1,2023-05-14 09:00:00,131121.0,29.0,1.0,20.0,1.0,0.035,1.0,0.002,1.0,0.4,1.0,0.003,1.0,0.013,1.0,0.016,1.0,0.0,0.0,0.0,0.0,0.0,0.0,0.0,0.0
2023-05-14 10:00:00,DATAR1,2023-05-14 10:00:00,131121.0,25.0,1.0,17.0,1.0,0.045,1.0,0.002,1.0,0.3,1.0,0.002,1.0,0.009,1.0,0.011,1.0,0.0,0.0,0.0,0.0,0.0,0.0,0.0,0.0
2023-05-14 11:00:00,DATAR1,2023-05-14 11:00:00,131121.0,18.0,1.0,11.0,1.0,0.055,1.0,0.002,1.0,0.3,1.0,0.002,1.0,0.008,1.0,0.009,1.0,0.0,0.0,0.0,0.0,0.0,0.0,0.0,0.0
2023-05-14 12:00:00,DATAR1,2023-05-14 12:00:00,131121.0,14.0,1.0,12.0,1.0,0.06,1.0,0.002,1.0,0.3,1.0,0.001,1.0,0.007,1.0,0.008,1.0,0.0,0.0,0.0,0.0,0.0,0.0,0.0,0.0
2023-05-14 13:00:00,DATAR1,2023-05-14 13:00:00,131121.0,11.0,1.0,8.0,1.0,0.066,1.0,0.002,1.0,0.3,1.0,0.001,1.0,0.005,1.0,0.007,1.0,0.0,0.0,0.0,0.0,0.0,0.0,0.0,0.0
2023-05-14 14:00:00,DATAR1,2023-05-14 14:00:00,131121.0,33.0,1.0,9.0,1.0,0.075,1.0,0.002,1.0,0.3,1.0,0.001,1.0,0.005,1.0,0.007,1.0,0.0,0.0,0.0,0.0,0.0,0.0,0.0,0.0
2023-05-14 15:00:00,DATAR1,2023-05-14 15:00:00,131121.0,17.0,1.0,11.0,1.0,0.073,1.0,0.002,1.0,0.3,1.0,0.001,1.0,0.004,1.0,0.005,1.0,0.0,0.0,0.0,0.0,0.0,0.0,0.0,0.0
2023-05-14 16:00:00,DATAR1,2023-05-14 16:00:00,131121.0,22.0,1.0,9.0,1.0,0.074,1.0,0.002,1.0,0.3,1.0,0.001,1.0,0.004,1.0,0.005,1.0,0.0,0.0,0.0,0.0,0.0,0.0,0.0,0.0
2023-05-14 17:00:00,DATAR1,2023-05-14 17:00:00,131121.0,29.0,1.0,12.0,1.0,0.068,1.0,0.001,1.0,0.3,1.0,0.001,1.0,0.004,1.0,0.005,1.0,0.0,0.0,0.0,0.0,0.0,0.0,0.0,0.0
2023-05-14 18:00:00,DATAR1,2023-05-14 18:00:00,131121.0,28.0,1.0,12.0,1.0,0.067,1.0,0.001,1.0,0.3,1.0,0.001,1.0,0.004,1.0,0.004,1.0,0.0,0.0,0.0,0.0,0.0,0.0,0.0,0.0
2023-05-14 19:00:00,DATAR1,2023-05-14 19:00:00,131121.0,22.0,1.0,10.0,1.0,0.064,1.0,0.001,1.0,0.3,1.0,0.001,1.0,0.004,1.0,0.005,1.0,0.0,0.0,0.0,0.0,0.0,0.0,0.0,0.0
2023-05-14 20:00:00,DATAR1,2023-05-14 20:00:00,131121.0,27.0,1.0,9.0,1.0,0.06,1.0,0.001,1.0,0.3,1.0,0.001,1.0,0.005,1.0,0.006,1.0,0.0,0.0,0.0,0.0,0.0,0.0,0.0,0.0
2023-05-14 21:00:00,DATAR1,2023-05-14 21:00:00,131121.0,22.0,1.0,13.0,1.0,0.05,1.0,0.001,1.0,0.3,1.0,0.001,1.0,0.01,1.0,0.011,1.0,0.0,0.0,0.0,0.0,0.0,0.0,0.0,0.0
2023-05-14 22:00:00,DATAR1,2023-05-14 22:00:00,131121.0,23.0,1.0,12.0,1.0,0.044,1.0,0.001,1.0,0.4,1.0,0.001,1.0,0.014,1.0,0.015,1.0,0.0,0.0,0.0,0.0,0.0,0.0,0.0,0.0
2023-05-14 23:00:00,DATAR1,2023-05-14 23:00:00,131121.0,21.0,1.0,14.0,1.0,0.035,1.0,0.002,1.0,0.5,1.0,0.001,1.0,0.017,1.0,0.018,1.0,0.0,0.0,0.0,0.0,0.0,0.0,0.0,0.0
2023-05-15 00:00:00,DATAR1,2023-05-15 00:00:00,131121.0,19.0,1.0,14.0,1.0,0.03,1.0,0.002,1.0,0.5,1.0,0.001,1.0,0.018,1.0,0.019,1.0,0.0,0.0,0.0,0.0,0.0,0.0,0.0,0.0
2023-05-15 01:00:00,DATAR1,2023-05-15 01:00:00,131121.0,21.0,1.0,19.0,1.0,0.027,1.0,0.002,1.0,0.4,1.0,0.001,1.0,0.018,1.0,0.02,1.0,0.0,0.0,0.0,0.0,0.0,0.0,0.0,0.0
2023-05-15 02:00:00,DATAR1,2023-05-15 02:00:00,131121.0,26.0,1.0,17.0,1.0,0.025,1.0,0.002,1.0,0.4,1.0,0.001,1.0,0.019,1.0,0.02,1.0,0.0,0.0,0.0,0.0,0.0,0.0,0.0,0.0
2023-05-15 03:00:00,DATAR1,2023-05-15 03:00:00,131121.0,22.0,1.0,15.0,1.0,0.023,1.0,0.002,1.0,0.5,1.0,0.001,1.0,0.018,1.0,0.019,1.0,0.0,0.0,0.0,0.0,0.0,0.0,0.0,0.0
2023-05-15 04:00:00,DATAR1,2023-05-15 04:00:00,131121.0,26.0,1.0,17.0,1.0,0.025,1.0,0.002,1.0,0.4,1.0,0.001,1.0,0.017,1.0,0.018,1.0,0.0,0.0,0.0,0.0,0.0,0.0,0.0,0.0
2023-05-15 05:00:00,DATAR1,2023-05-15 05:00:00,131121.0,28.0,1.0,17.0,1.0,0.009,1.0,0.002,1.0,0.5,1.0,0.002,1.0,0.033,1.0,0.034,1.0,0.0,0.0,0.0,0.0,0.0,0.0,0.0,0.0
2023-05-15 06:00:00,DATAR1,2023-05-15 06:00:00,131121.0,22.0,1.0,16.0,1.0,0.007,1.0,0.002,1.0,0.5,1.0,0.003,1.0,0.034,1.0,0.037,1.0,0.0,0.0,0.0,0.0,0.0,0.0,0.0,0.0
2023-05-15 07:00:00,DATAR1,2023-05-15 07:00:00,131121.0,34.0,1.0,17.0,1.0,0.016,1.0,0.002,1.0,0.4,1.0,0.009,1.0,0.032,1.0,0.041,1.0,0.0,0.0,0.0,0.0,0.0,0.0,0.0,0.0
2023-05-15 08:00:00,DATAR1,2023-05-15 08:00:00,131121.0,33.0,1.0,17.0,1.0,0.015,1.0,0.002,1.0,0.5,1.0,0.016,1.0,0.033,1.0,0.049,1.0,0.0,0.0,0.0,0.0,0.0,0.0,0.0,0.0
2023-05-15 09:00:00,DATAR1,2023-05-15 09:00:00,131121.0,33.0,1.0,18.0,1.0,0.015,1.0,0.002,1.0,0.5,1.0,0.023,1.0,0.036,1.0,0.059,1.0,0.0,0.0,0.0,0.0,0.0,0.0,0.0,0.0
2023-05-15 10:00:00,DATAR1,2023-05-15 10:00:00,131121.0,34.0,1.0,18.0,1.0,0.047,1.0,0.002,1.0,0.4,1.0,0.004,1.0,0.013,1.0,0.017,1.0,0.0,0.0,0.0,0.0,0.0,0.0,0.0,0.0
2023-05-15 11:00:00,DATAR1,2023-05-15 11:00:00,131121.0,26.0,1.0,13.0,1.0,0.056,1.0,0.002,1.0,0.3,1.0,0.002,1.0,0.009,1.0,0.011,1.0,0.0,0.0,0.0,0.0,0.0,0.0,0.0,0.0
2023-05-15 12:00:00,DATAR1,2023-05-15 12:00:00,131121.0,,3.0,,3.0,,3.0,,3.0,,3.0,,3.0,,3.0,,3.0,0.0,0.0,0.0,0.0,0.0,0.0,0.0,0.0
2023-05-15 13:00:00,DATAR1,2023-05-15 13:00:00,131121.0,,3.0,,3.0,,3.0,,3.0,,3.0,,3.0,,3.0,,3.0,0.0,0.0,0.0,0.0,0.0,0.0,0.0,0.0
2023-05-15 14:00:00,DATAR1,2023-05-15 14:00:00,131121.0,43.0,1.0,14.0,1.0,0.07,1.0,0.002,1.0,0.2,1.0,0.002,1.0,0.01,1.0,0.012,1.0,0.0,0.0,0.0,0.0,0.0,0.0,0.0,0.0
2023-05-15 15:00:00,DATAR1,2023-05-15 15:00:00,131121.0,40.0,1.0,18.0,1.0,0.082,1.0,0.002,1.0,0.3,1.0,0.002,1.0,0.011,1.0,0.012,1.0,0.0,0.0,0.0,0.0,0.0,0.0,0.0,0.0
2023-05-15 16:00:00,DATAR1,2023-05-15 16:00:00,131121.0,48.0,1.0,21.0,1.0,0.086,1.0,0.002,1.0,0.4,1.0,0.002,1.0,0.012,1.0,0.014,1.0,0.0,0.0,0.0,0.0,0.0,0.0,0.0,0.0
2023-05-15 17:00:00,DATAR1,2023-05-15 17:00:00,131121.0,64.0,1.0,20.0,1.0,0.088,1.0,0.002,1.0,0.4,1.0,0.001,1.0,0.014,1.0,0.015,1.0,0.0,0.0,0.0,0.0,0.0,0.0,0.0,0.0
2023-05-15 18:00:00,DATAR1,2023-05-15 18:00:00,131121.0,69.0,1.0,24.0,1.0,0.087,1.0,0.003,1.0,0.5,1.0,0.001,1.0,0.013,1.0,0.014,1.0,0.0,0.0,0.0,0.0,0.0,0.0,0.0,0.0
2023-05-15 19:00:00,DATAR1,2023-05-15 19:00:00,131121.0,68.0,1.0,28.0,1.0,0.083,1.0,0.002,1.0,0.5,1.0,0.001,1.0,0.016,1.0,0.018,1.0,0.0,0.0,0.0,0.0,0.0,0.0,0.0,0.0
2023-05-15 20:00:00,DATAR1,2023-05-15 20:00:00,131121.0,62.0,1.0,28.0,1.0,0.079,1.0,0.002,1.0,0.4,1.0,0.001,1.0,0.016,1.0,0.016,1.0,0.0,0.0,0.0,0.0,0.0,0.0,0.0,0.0
2023-05-15 21:00:00,DATAR1,2023-05-15 21:00:00,131121.0,42.0,1.0,28.0,1.0,0.071,1.0,0.002,1.0,0.5,1.0,0.001,1.0,0.014,1.0,0.015,1.0,0.0,0.0,0.0,0.0,0.0,0.0,0.0,0.0
2023-05-15 22:00:00,DATAR1,2023-05-15 22:00:00,131121.0,36.0,1.0,23.0,1.0,0.062,1.0,0.002,1.0,0.5,1.0,0.001,1.0,0.019,1.0,0.02,1.0,0.0,0.0,0.0,0.0,0.0,0.0,0.0,0.0
2023-05-15 23:00:00,DATAR1,2023-05-15 23:00:00,131121.0,36.0,1.0,24.0,1.0,0.06,1.0,0.002,1.0,0.4,1.0,0.001,1.0,0.018,1.0,0.019,1.0,0.0,0.0,0.0,0.0,0.0,0.0,0.0,0.0
2023-05-16 00:00:00,DATAR1,2023-05-16 00:00:00,131121.0,47.0,1.0,23.0,1.0,0.06,1.0,0.002,1.0,0.6,1.0,0.001,1.0,0.015,1.0,0.016,1.0,0.0,0.0,0.0,0.0,0.0,0.0,0.0,0.0
2023-05-16 01:00:00,DATAR1,2023-05-16 01:00:00,131121.0,47.0,1.0,25.0,1.0,0.053,1.0,0.002,1.0,0.6,1.0,0.001,1.0,0.015,1.0,0.016,1.0,0.0,0.0,0.0,0.0,0.0,0.0,0.0,0.0
2023-05-16 02:00:00,DATAR1,2023-05-16 02:00:00,131121.0,49.0,1.0,28.0,1.0,0.052,1.0,0.002,1.0,0.7,1.0,0.001,1.0,0.012,1.0,0.014,1.0,0.0,0.0,0.0,0.0,0.0,0.0,0.0,0.0
2023-05-16 03:00:00,DATAR1,2023-05-16 03:00:00,131121.0,49.0,1.0,30.0,1.0,0.05,1.0,0.002,1.0,0.7,1.0,0.001,1.0,0.012,1.0,0.013,1.0,0.0,0.0,0.0,0.0,0.0,0.0,0.0,0.0
2023-05-16 04:00:00,DATAR1,2023-05-16 04:00:00,131121.0,52.0,1.0,31.0,1.0,0.058,1.0,0.002,1.0,0.5,1.0,0.001,1.0,0.012,1.0,0.014,1.0,0.0,0.0,0.0,0.0,0.0,0.0,0.0,0.0
2023-05-16 05:00:00,DATAR1,2023-05-16 05:00:00,131121.0,52.0,1.0,33.0,1.0,0.064,1.0,0.002,1.0,0.5,1.0,0.001,1.0,0.012,1.0,0.013,1.0,0.0,0.0,0.0,0.0,0.0,0.0,0.0,0.0
2023-05-16 06:00:00,DATAR1,2023-05-16 06:00:00,131121.0,49.0,1.0,33.0,1.0,0.054,1.0,0.002,1.0,0.5,1.0,0.001,1.0,0.021,1.0,0.022,1.0,0.0,0.0,0.0,0.0,0.0,0.0,0.0,0.0
2023-05-16 07:00:00,DATAR1,2023-05-16 07:00:00,131121.0,46.0,1.0,28.0,1.0,0.044,1.0,0.002,1.0,0.6,1.0,0.002,1.0,0.029,1.0,0.03,1.0,0.0,0.0,0.0,0.0,0.0,0.0,0.0,0.0
2023-05-16 08:00:00,DATAR1,2023-05-16 08:00:00,131121.0,52.0,1.0,28.0,1.0,0.042,1.0,0.002,1.0,0.6,1.0,0.004,1.0,0.029,1.0,0.032,1.0,0.0,0.0,0.0,0.0,0.0,0.0,0.0,0.0
2023-05-16 09:00:00,DATAR1,2023-05-16 09:00:00,131121.0,47.0,1.0,29.0,1.0,0.061,1.0,0.002,1.0,0.5,1.0,0.002,1.0,0.016,1.0,0.019,1.0,0.0,0.0,0.0,0.0,0.0,0.0,0.0,0.0
2023-05-16 10:00:00,DATAR1,2023-05-16 10:00:00,131121.0,58.0,1.0,27.0,1.0,0.066,1.0,0.002,1.0,0.6,1.0,0.002,1.0,0.016,1.0,0.018,1.0,0.0,0.0,0.0,0.0,0.0,0.0,0.0,0.0
2023-05-16 11:00:00,DATAR1,2023-05-16 11:00:00,131121.0,62.0,1.0,27.0,1.0,0.07,1.0,0.002,1.0,0.6,1.0,0.002,1.0,0.017,1.0,0.02,1.0,0.0,0.0,0.0,0.0,0.0,0.0,0.0,0.0
2023-05-16 12:00:00,DATAR1,2023-05-16 12:00:00,131121.0,73.0,1.0,29.0,1.0,0.086,1.0,0.002,1.0,0.5,1.0,0.002,1.0,0.016,1.0,0.018,1.0,0.0,0.0,0.0,0.0,0.0,0.0,0.0,0.0
2023-05-16 13:00:00,DATAR1,2023-05-16 13:00:00,131121.0,83.0,1.0,33.0,1.0,0.101,1.0,0.002,1.0,0.5,1.0,0.002,1.0,0.015,1.0,0.017,1.0,0.0,0.0,0.0,0.0,0.0,0.0,0.0,0.0
2023-05-16 14:00:00,DATAR1,2023-05-16 14:00:00,131121.0,80.0,1.0,32.0,1.0,0.109,1.0,0.002,1.0,0.5,1.0,0.001,1.0,0.014,1.0,0.015,1.0,0.0,0.0,0.0,0.0,0.0,0.0,0.0,0.0
2023-05-16 15:00:00,DATAR1,2023-05-16 15:00:00,131121.0,82.0,1.0,32.0,1.0,0.105,1.0,0.003,1.0,0.5,1.0,0.001,1.0,0.015,1.0,0.016,1.0,0.0,0.0,0.0,0.0,0.0,0.0,0.0,0.0
2023-05-16 16:00:00,DATAR1,2023-05-16 16:00:00,131121.0,105.0,1.0,30.0,1.0,0.096,1.0,0.002,1.0,0.5,1.0,0.002,1.0,0.014,1.0,0.015,1.0,0.0,0.0,0.0,0.0,0.0,0.0,0.0,0.0
2023-05-16 17:00:00,DATAR1,2023-05-16 17:00:00,131121.0,97.0,1.0,28.0,1.0,0.098,1.0,0.002,1.0,0.5,1.0,0.001,1.0,0.015,1.0,0.016,1.0,0.0,0.0,0.0,0.0,0.0,0.0,0.0,0.0
2023-05-16 18:00:00,DATAR1,2023-05-16 18:00:00,131121.0,92.0,1.0,34.0,1.0,0.093,1.0,0.002,1.0,0.4,1.0,0.001,1.0,0.015,1.0,0.016,1.0,0.0,0.0,0.0,0.0,0.0,0.0,0.0,0.0
2023-05-16 19:00:00,DATAR1,2023-05-16 19:00:00,131121.0,76.0,1.0,39.0,1.0,0.075,1.0,0.002,1.0,0.5,1.0,0.001,1.0,0.018,1.0,0.02,1.0,0.0,0.0,0.0,0.0,0.0,0.0,0.0,0.0
2023-05-16 20:00:00,DATAR1,2023-05-16 20:00:00,131121.0,58.0,1.0,31.0,1.0,0.059,1.0,0.002,1.0,0.6,1.0,0.001,1.0,0.026,1.0,0.027,1.0,0.0,0.0,0.0,0.0,0.0,0.0,0.0,0.0
2023-05-16 21:00:00,DATAR1,2023-05-16 21:00:00,131121.0,64.0,1.0,26.0,1.0,0.053,1.0,0.003,1.0,0.6,1.0,0.001,1.0,0.024,1.0,0.026,1.0,0.0,0.0,0.0,0.0,0.0,0.0,0.0,0.0
2023-05-16 22:00:00,DATAR1,2023-05-16 22:00:00,131121.0,50.0,1.0,24.0,1.0,0.052,1.0,0.003,1.0,0.6,1.0,0.001,1.0,0.021,1.0,0.022,1.0,0.0,0.0,0.0,0.0,0.0,0.0,0.0,0.0
2023-05-16 23:00:00,DATAR1,2023-05-16 23:00:00,131121.0,52.0,1.0,27.0,1.0,0.048,1.0,0.003,1.0,0.5,1.0,0.001,1.0,0.021,1.0,0.023,1.0,0.0,0.0,0.0,0.0,0.0,0.0,0.0,0.0
2023-05-17 00:00:00,DATAR1,2023-05-17 00:00:00,131121.0,49.0,1.0,25.0,1.0,0.038,1.0,0.002,1.0,0.6,1.0,0.001,1.0,0.023,1.0,0.024,1.0,0.0,0.0,0.0,0.0,0.0,0.0,0.0,0.0
2023-05-17 01:00:00,DATAR1,2023-05-17 01:00:00,131121.0,37.0,1.0,20.0,1.0,0.043,1.0,0.002,1.0,0.4,1.0,0.001,1.0,0.018,1.0,0.019,1.0,0.0,0.0,0.0,0.0,0.0,0.0,0.0,0.0
2023-05-17 02:00:00,DATAR1,2023-05-17 02:00:00,131121.0,36.0,1.0,19.0,1.0,0.05,1.0,0.002,1.0,0.3,1.0,0.001,1.0,0.01,1.0,0.011,1.0,0.0,0.0,0.0,0.0,0.0,0.0,0.0,0.0
2023-05-17 03:00:00,DATAR1,2023-05-17 03:00:00,131121.0,28.0,1.0,14.0,1.0,0.049,1.0,0.002,1.0,0.3,1.0,0.001,1.0,0.008,1.0,0.009,1.0,0.0,0.0,0.0,0.0,0.0,0.0,0.0,0.0
2023-05-17 04:00:00,DATAR1,2023-05-17 04:00:00,131121.0,24.0,1.0,12.0,1.0,0.045,1.0,0.002,1.0,0.4,1.0,0.001,1.0,0.01,1.0,0.01,1.0,0.0,0.0,0.0,0.0,0.0,0.0,0.0,0.0
2023-05-17 05:00:00,DATAR1,2023-05-17 05:00:00,131121.0,25.0,1.0,11.0,1.0,0.043,1.0,0.002,1.0,0.4,1.0,0.001,1.0,0.01,1.0,0.011,1.0,0.0,0.0,0.0,0.0,0.0,0.0,0.0,0.0
2023-05-17 06:00:00,DATAR1,2023-05-17 06:00:00,131121.0,32.0,1.0,13.0,1.0,0.039,1.0,0.002,1.0,0.4,1.0,0.001,1.0,0.013,1.0,0.015,1.0,0.0,0.0,0.0,0.0,0.0,0.0,0.0,0.0
2023-05-17 07:00:00,DATAR1,2023-05-17 07:00:00,131121.0,19.0,1.0,13.0,1.0,0.037,1.0,0.002,1.0,0.3,1.0,0.002,1.0,0.015,1.0,0.016,1.0,0.0,0.0,0.0,0.0,0.0,0.0,0.0,0.0
2023-05-17 08:00:00,DATAR1,2023-05-17 08:00:00,131121.0,14.0,1.0,12.0,1.0,0.041,1.0,0.002,1.0,0.4,1.0,0.002,1.0,0.015,1.0,0.017,1.0,0.0,0.0,0.0,0.0,0.0,0.0,0.0,0.0
2023-05-17 09:00:00,DATAR1,2023-05-17 09:00:00,131121.0,19.0,1.0,7.0,1.0,0.043,1.0,0.002,1.0,0.5,1.0,0.002,1.0,0.013,1.0,0.016,1.0,0.0,0.0,0.0,0.0,0.0,0.0,0.0,0.0
2023-05-17 10:00:00,DATAR1,2023-05-17 10:00:00,131121.0,28.0,1.0,10.0,1.0,0.046,1.0,0.002,1.0,0.5,1.0,0.003,1.0,0.013,1.0,0.015,1.0,0.0,0.0,0.0,0.0,0.0,0.0,0.0,0.0
2023-05-17 11:00:00,DATAR1,2023-05-17 11:00:00,131121.0,27.0,1.0,11.0,1.0,0.053,1.0,0.002,1.0,0.3,1.0,0.002,1.0,0.011,1.0,0.014,1.0,0.0,0.0,0.0,0.0,0.0,0.0,0.0,0.0
2023-05-17 12:00:00,DATAR1,2023-05-17 12:00:00,131121.0,31.0,1.0,11.0,1.0,0.06,1.0,0.002,1.0,0.4,1.0,0.002,1.0,0.011,1.0,0.013,1.0,0.0,0.0,0.0,0.0,0.0,0.0,0.0,0.0
2023-05-17 13:00:00,DATAR1,2023-05-17 13:00:00,131121.0,43.0,1.0,10.0,1.0,0.067,1.0,0.002,1.0,0.3,1.0,0.002,1.0,0.01,1.0,0.011,1.0,0.0,0.0,0.0,0.0,0.0,0.0,0.0,0.0
2023-05-17 14:00:00,DATAR1,2023-05-17 14:00:00,131121.0,55.0,1.0,11.0,1.0,0.069,1.0,0.002,1.0,0.4,1.0,0.002,1.0,0.011,1.0,0.012,1.0,0.0,0.0,0.0,0.0,0.0,0.0,0.0,0.0
2023-05-17 15:00:00,DATAR1,2023-05-17 15:00:00,131121.0,87.0,1.0,13.0,1.0,0.062,1.0,0.002,1.0,0.3,1.0,0.002,1.0,0.01,1.0,0.012,1.0,0.0,0.0,0.0,0.0,0.0,0.0,0.0,0.0
2023-05-17 16:00:00,DATAR1,2023-05-17 16:00:00,131121.0,67.0,1.0,18.0,1.0,0.059,1.0,0.002,1.0,0.2,1.0,0.002,1.0,0.01,1.0,0.012,1.0,0.0,0.0,0.0,0.0,0.0,0.0,0.0,0.0
2023-05-17 17:00:00,DATAR1,2023-05-17 17:00:00,131121.0,78.0,1.0,17.0,1.0,0.058,1.0,0.002,1.0,0.3,1.0,0.002,1.0,0.009,1.0,0.011,1.0,0.0,0.0,0.0,0.0,0.0,0.0,0.0,0.0
2023-05-17 18:00:00,DATAR1,2023-05-17 18:00:00,131121.0,57.0,1.0,16.0,1.0,0.05,1.0,0.002,1.0,0.2,1.0,0.002,1.0,0.009,1.0,0.011,1.0,0.0,0.0,0.0,0.0,0.0,0.0,0.0,0.0
2023-05-17 19:00:00,DATAR1,2023-05-17 19:00:00,131121.0,56.0,1.0,14.0,1.0,0.042,1.0,0.002,1.0,0.4,1.0,0.001,1.0,0.01,1.0,0.011,1.0,0.0,0.0,0.0,0.0,0.0,0.0,0.0,0.0
2023-05-17 20:00:00,DATAR1,2023-05-17 20:00:00,131121.0,46.0,1.0,14.0,1.0,0.038,1.0,0.002,1.0,0.3,1.0,0.001,1.0,0.01,1.0,0.011,1.0,0.0,0.0,0.0,0.0,0.0,0.0,0.0,0.0
2023-05-17 21:00:00,DATAR1,2023-05-17 21:00:00,131121.0,35.0,1.0,9.0,1.0,0.038,1.0,0.002,1.0,0.4,1.0,0.001,1.0,0.007,1.0,0.008,1.0,0.0,0.0,0.0,0.0,0.0,0.0,0.0,0.0
2023-05-17 22:00:00,DATAR1,2023-05-17 22:00:00,131121.0,36.0,1.0,13.0,1.0,0.038,1.0,0.002,1.0,0.4,1.0,0.001,1.0,0.007,1.0,0.008,1.0,0.0,0.0,0.0,0.0,0.0,0.0,0.0,0.0
2023-05-17 23:00:00,DATAR1,2023-05-17 23:00:00,131121.0,28.0,1.0,14.0,1.0,0.036,1.0,0.002,1.0,0.4,1.0,0.001,1.0,0.008,1.0,0.01,1.0,0.0,0.0,0.0,0.0,0.0,0.0,0.0,0.0
2023-05-18 00:00:00,DATAR1,2023-05-18 00:00:00,131121.0,32.0,1.0,13.0,1.0,0.034,1.0,0.002,1.0,0.4,1.0,0.001,1.0,0.008,1.0,0.009,1.0,0.0,0.0,0.0,0.0,0.0,0.0,0.0,0.0
2023-05-18 01:00:00,DATAR1,2023-05-18 01:00:00,131121.0,43.0,1.0,17.0,1.0,0.032,1.0,0.002,1.0,0.3,1.0,0.001,1.0,0.01,1.0,0.011,1.0,0.0,0.0,0.0,0.0,0.0,0.0,0.0,0.0
2023-05-18 02:00:00,DATAR1,2023-05-18 02:00:00,131121.0,35.0,1.0,23.0,1.0,0.032,1.0,0.001,1.0,0.4,1.0,0.001,1.0,0.008,1.0,0.01,1.0,0.0,0.0,0.0,0.0,0.0,0.0,0.0,0.0
2023-05-18 03:00:00,DATAR1,2023-05-18 03:00:00,131121.0,33.0,1.0,20.0,1.0,0.029,1.0,0.002,1.0,0.4,1.0,0.001,1.0,0.008,1.0,0.009,1.0,0.0,0.0,0.0,0.0,0.0,0.0,0.0,0.0
2023-05-18 04:00:00,DATAR1,2023-05-18 04:00:00,131121.0,30.0,1.0,17.0,1.0,0.026,1.0,0.002,1.0,0.4,1.0,0.001,1.0,0.008,1.0,0.009,1.0,0.0,0.0,0.0,0.0,0.0,0.0,0.0,0.0
2023-05-18 05:00:00,DATAR1,2023-05-18 05:00:00,131121.0,33.0,1.0,16.0,1.0,0.02,1.0,0.001,1.0,0.4,1.0,0.001,1.0,0.012,1.0,0.013,1.0,0.0,0.0,0.0,0.0,0.0,0.0,0.0,0.0
2023-05-18 06:00:00,DATAR1,2023-05-18 06:00:00,131121.0,29.0,1.0,18.0,1.0,0.019,1.0,0.001,1.0,0.4,1.0,0.002,1.0,0.009,1.0,0.011,1.0,0.0,0.0,0.0,0.0,0.0,0.0,0.0,0.0
2023-05-18 07:00:00,DATAR1,2023-05-18 07:00:00,131121.0,26.0,1.0,18.0,1.0,0.013,1.0,0.002,1.0,0.5,1.0,0.003,1.0,0.019,1.0,0.022,1.0,0.0,0.0,0.0,0.0,0.0,0.0,0.0,0.0
2023-05-18 08:00:00,DATAR1,2023-05-18 08:00:00,131121.0,32.0,1.0,21.0,1.0,0.021,1.0,0.001,1.0,0.4,1.0,0.003,1.0,0.012,1.0,0.015,1.0,0.0,0.0,0.0,0.0,0.0,0.0,0.0,0.0
2023-05-18 09:00:00,DATAR1,2023-05-18 09:00:00,131121.0,32.0,1.0,18.0,1.0,0.024,1.0,0.001,1.0,0.3,1.0,0.003,1.0,0.012,1.0,0.014,1.0,0.0,0.0,0.0,0.0,0.0,0.0,0.0,0.0
2023-05-18 10:00:00,DATAR1,2023-05-18 10:00:00,131121.0,18.0,1.0,18.0,1.0,0.035,1.0,0.001,1.0,0.2,1.0,0.002,1.0,0.006,1.0,0.008,1.0,0.0,0.0,0.0,0.0,0.0,0.0,0.0,0.0
2023-05-18 11:00:00,DATAR1,2023-05-18 11:00:00,131121.0,28.0,1.0,18.0,1.0,0.037,1.0,0.001,1.0,0.3,1.0,0.002,1.0,0.007,1.0,0.008,1.0,0.0,0.0,0.0,0.0,0.0,0.0,0.0,0.0
2023-05-18 12:00:00,DATAR1,2023-05-18 12:00:00,131121.0,30.0,1.0,14.0,1.0,0.038,1.0,0.001,1.0,0.3,1.0,0.001,1.0,0.007,1.0,0.008,1.0,0.0,0.0,0.0,0.0,0.0,0.0,0.0,0.0
2023-05-18 13:00:00,DATAR1,2023-05-18 13:00:00,131121.0,30.0,1.0,16.0,1.0,0.049,1.0,0.001,1.0,0.3,1.0,0.001,1.0,0.006,1.0,0.007,1.0,0.0,0.0,0.0,0.0,0.0,0.0,0.0,0.0
2023-05-18 14:00:00,DATAR1,2023-05-18 14:00:00,131121.0,51.0,1.0,12.0,1.0,0.053,1.0,0.001,1.0,0.3,1.0,0.001,1.0,0.007,1.0,0.008,1.0,0.0,0.0,0.0,0.0,0.0,0.0,0.0,0.0
2023-05-18 15:00:00,DATAR1,2023-05-18 15:00:00,131121.0,50.0,1.0,18.0,1.0,0.042,1.0,0.001,1.0,0.4,1.0,0.002,1.0,0.015,1.0,0.016,1.0,0.0,0.0,0.0,0.0,0.0,0.0,0.0,0.0
2023-05-18 16:00:00,DATAR1,2023-05-18 16:00:00,131121.0,31.0,1.0,19.0,1.0,0.035,1.0,0.002,1.0,0.5,1.0,0.002,1.0,0.022,1.0,0.024,1.0,0.0,0.0,0.0,0.0,0.0,0.0,0.0,0.0
2023-05-18 17:00:00,DATAR1,2023-05-18 17:00:00,131121.0,45.0,1.0,18.0,1.0,0.04,1.0,0.002,1.0,0.3,1.0,0.002,1.0,0.018,1.0,0.02,1.0,0.0,0.0,0.0,0.0,0.0,0.0,0.0,0.0
2023-05-18 18:00:00,DATAR1,2023-05-18 18:00:00,131121.0,31.0,1.0,11.0,1.0,0.035,1.0,0.002,1.0,0.3,1.0,0.002,1.0,0.02,1.0,0.022,1.0,0.0,0.0,0.0,0.0,0.0,0.0,0.0,0.0
2023-05-18 19:00:00,DATAR1,2023-05-18 19:00:00,131121.0,34.0,1.0,15.0,1.0,0.043,1.0,0.002,1.0,0.4,1.0,0.002,1.0,0.012,1.0,0.013,1.0,0.0,0.0,0.0,0.0,0.0,0.0,0.0,0.0
2023-05-18 20:00:00,DATAR1,2023-05-18 20:00:00,131121.0,28.0,1.0,13.0,1.0,0.036,1.0,0.001,1.0,0.4,1.0,0.002,1.0,0.013,1.0,0.015,1.0,0.0,0.0,0.0,0.0,0.0,0.0,0.0,0.0
2023-05-18 21:00:00,DATAR1,2023-05-18 21:00:00,131121.0,31.0,1.0,16.0,1.0,0.036,1.0,0.001,1.0,0.3,1.0,0.001,1.0,0.01,1.0,0.012,1.0,0.0,0.0,0.0,0.0,0.0,0.0,0.0,0.0
2023-05-18 22:00:00,DATAR1,2023-05-18 22:00:00,131121.0,27.0,1.0,18.0,1.0,0.041,1.0,0.001,1.0,0.3,1.0,0.001,1.0,0.008,1.0,0.009,1.0,0.0,0.0,0.0,0.0,0.0,0.0,0.0,0.0
2023-05-18 23:00:00,DATAR1,2023-05-18 23:00:00,131121.0,32.0,1.0,14.0,1.0,0.042,1.0,0.001,1.0,0.3,1.0,0.001,1.0,0.008,1.0,0.009,1.0,0.0,0.0,0.0,0.0,0.0,0.0,0.0,0.0
2023-05-19 00:00:00,DATAR1,2023-05-19 00:00:00,131121.0,31.0,1.0,11.0,1.0,0.04,1.0,0.001,1.0,0.3,1.0,0.001,1.0,0.007,1.0,0.008,1.0,0.0,0.0,0.0,0.0,0.0,0.0,0.0,0.0
2023-05-19 01:00:00,DATAR1,2023-05-19 01:00:00,131121.0,19.0,1.0,24.0,1.0,0.042,1.0,0.001,1.0,0.3,1.0,0.001,1.0,0.006,1.0,0.006,1.0,0.0,0.0,0.0,0.0,0.0,0.0,0.0,0.0
2023-05-19 02:00:00,DATAR1,2023-05-19 02:00:00,131121.0,26.0,1.0,28.0,1.0,0.038,1.0,0.001,1.0,0.2,1.0,0.001,1.0,0.005,1.0,0.006,1.0,0.0,0.0,0.0,0.0,0.0,0.0,0.0,0.0
2023-05-19 03:00:00,DATAR1,2023-05-19 03:00:00,131121.0,26.0,1.0,23.0,1.0,0.034,1.0,0.001,1.0,0.4,1.0,0.001,1.0,0.005,1.0,0.006,1.0,0.0,0.0,0.0,0.0,0.0,0.0,0.0,0.0
2023-05-19 04:00:00,DATAR1,2023-05-19 04:00:00,131121.0,24.0,1.0,19.0,1.0,0.035,1.0,0.001,1.0,0.3,1.0,0.001,1.0,0.005,1.0,0.006,1.0,0.0,0.0,0.0,0.0,0.0,0.0,0.0,0.0
2023-05-19 05:00:00,DATAR1,2023-05-19 05:00:00,131121.0,18.0,1.0,12.0,1.0,0.039,1.0,0.001,1.0,0.4,1.0,0.001,1.0,0.005,1.0,0.006,1.0,0.0,0.0,0.0,0.0,0.0,0.0,0.0,0.0
2023-05-19 06:00:00,DATAR1,2023-05-19 06:00:00,131121.0,21.0,1.0,12.0,1.0,0.039,1.0,0.001,1.0,0.3,1.0,0.001,1.0,0.007,1.0,0.008,1.0,0.0,0.0,0.0,0.0,0.0,0.0,0.0,0.0
2023-05-19 07:00:00,DATAR1,2023-05-19 07:00:00,131121.0,10.0,1.0,14.0,1.0,0.043,1.0,0.001,1.0,0.4,1.0,0.001,1.0,0.006,1.0,0.007,1.0,0.0,0.0,0.0,0.0,0.0,0.0,0.0,0.0
2023-05-19 08:00:00,DATAR1,2023-05-19 08:00:00,131121.0,14.0,1.0,8.0,1.0,0.043,1.0,0.001,1.0,0.5,1.0,0.001,1.0,0.007,1.0,0.008,1.0,0.0,0.0,0.0,0.0,0.0,0.0,0.0,0.0
2023-05-19 09:00:00,DATAR1,2023-05-19 09:00:00,131121.0,15.0,1.0,14.0,1.0,0.046,1.0,0.001,1.0,0.3,1.0,0.002,1.0,0.005,1.0,0.007,1.0,0.0,0.0,0.0,0.0,0.0,0.0,0.0,0.0
2023-05-19 10:00:00,DATAR1,2023-05-19 10:00:00,131121.0,16.0,1.0,9.0,1.0,0.048,1.0,0.001,1.0,0.3,1.0,0.001,1.0,0.005,1.0,0.006,1.0,0.0,0.0,0.0,0.0,0.0,0.0,0.0,0.0
2023-05-19 11:00:00,DATAR1,2023-05-19 11:00:00,131121.0,25.0,1.0,6.0,1.0,0.05,1.0,0.001,1.0,0.3,1.0,0.001,1.0,0.005,1.0,0.006,1.0,0.0,0.0,0.0,0.0,0.0,0.0,0.0,0.0
2023-05-19 12:00:00,DATAR1,2023-05-19 12:00:00,131121.0,16.0,1.0,9.0,1.0,0.05,1.0,0.001,1.0,0.3,1.0,0.001,1.0,0.004,1.0,0.006,1.0,0.0,0.0,0.0,0.0,0.0,0.0,0.0,0.0
2023-05-19 13:00:00,DATAR1,2023-05-19 13:00:00,131121.0,19.0,1.0,11.0,1.0,0.05,1.0,0.001,1.0,0.3,1.0,0.001,1.0,0.004,1.0,0.006,1.0,0.0,0.0,0.0,0.0,0.0,0.0,0.0,0.0
2023-05-19 14:00:00,DATAR1,2023-05-19 14:00:00,131121.0,19.0,1.0,12.0,1.0,0.049,1.0,0.001,1.0,0.2,1.0,0.001,1.0,0.005,1.0,0.007,1.0,0.0,0.0,0.0,0.0,0.0,0.0,0.0,0.0
2023-05-19 15:00:00,DATAR1,2023-05-19 15:00:00,131121.0,18.0,1.0,10.0,1.0,0.052,1.0,0.001,1.0,0.3,1.0,0.001,1.0,0.005,1.0,0.006,1.0,0.0,0.0,0.0,0.0,0.0,0.0,0.0,0.0
2023-05-19 16:00:00,DATAR1,2023-05-19 16:00:00,131121.0,25.0,1.0,8.0,1.0,0.051,1.0,0.001,1.0,0.3,1.0,0.001,1.0,0.006,1.0,0.008,1.0,0.0,0.0,0.0,0.0,0.0,0.0,0.0,0.0
2023-05-19 17:00:00,DATAR1,2023-05-19 17:00:00,131121.0,15.0,1.0,9.0,1.0,0.049,1.0,0.001,1.0,0.3,1.0,0.001,1.0,0.006,1.0,0.007,1.0,0.0,0.0,0.0,0.0,0.0,0.0,0.0,0.0
2023-05-19 18:00:00,DATAR1,2023-05-19 18:00:00,131121.0,12.0,1.0,10.0,1.0,0.049,1.0,0.001,1.0,0.3,1.0,0.002,1.0,0.006,1.0,0.007,1.0,0.0,0.0,0.0,0.0,0.0,0.0,0.0,0.0
2023-05-19 19:00:00,DATAR1,2023-05-19 19:00:00,131121.0,23.0,1.0,10.0,1.0,0.045,1.0,0.001,1.0,0.3,1.0,0.001,1.0,0.008,1.0,0.01,1.0,0.0,0.0,0.0,0.0,0.0,0.0,0.0,0.0
2023-05-19 20:00:00,DATAR1,2023-05-19 20:00:00,131121.0,23.0,1.0,7.0,1.0,0.041,1.0,0.001,1.0,0.3,1.0,0.001,1.0,0.009,1.0,0.01,1.0,0.0,0.0,0.0,0.0,0.0,0.0,0.0,0.0
2023-05-19 21:00:00,DATAR1,2023-05-19 21:00:00,131121.0,21.0,1.0,9.0,1.0,0.04,1.0,0.001,1.0,0.4,1.0,0.001,1.0,0.009,1.0,0.01,1.0,0.0,0.0,0.0,0.0,0.0,0.0,0.0,0.0
2023-05-19 22:00:00,DATAR1,2023-05-19 22:00:00,131121.0,13.0,1.0,12.0,1.0,0.042,1.0,0.001,1.0,0.4,1.0,0.001,1.0,0.007,1.0,0.008,1.0,0.0,0.0,0.0,0.0,0.0,0.0,0.0,0.0
2023-05-19 23:00:00,DATAR1,2023-05-19 23:00:00,131121.0,15.0,1.0,10.0,1.0,0.04,1.0,0.001,1.0,0.3,1.0,0.001,1.0,0.008,1.0,0.01,1.0,0.0,0.0,0.0,0.0,0.0,0.0,0.0,0.0
2023-05-20 00:00:00,DATAR1,2023-05-20 00:00:00,131121.0,18.0,1.0,9.0,1.0,0.038,1.0,0.001,1.0,0.3,1.0,0.001,1.0,0.009,1.0,0.01,1.0,0.0,0.0,0.0,0.0,0.0,0.0,0.0,0.0
2023-05-20 01:00:00,DATAR1,2023-05-20 01:00:00,131121.0,39.0,1.0,21.0,1.0,0.038,1.0,0.001,1.0,0.3,1.0,0.001,1.0,0.008,1.0,0.009,1.0,0.0,0.0,0.0,0.0,0.0,0.0,0.0,0.0
2023-05-20 02:00:00,DATAR1,2023-05-20 02:00:00,131121.0,23.0,1.0,23.0,1.0,0.036,1.0,0.001,1.0,0.3,1.0,0.001,1.0,0.008,1.0,0.009,1.0,0.0,0.0,0.0,0.0,0.0,0.0,0.0,0.0
2023-05-20 03:00:00,DATAR1,2023-05-20 03:00:00,131121.0,19.0,1.0,18.0,1.0,0.035,1.0,0.001,1.0,0.3,1.0,0.001,1.0,0.008,1.0,0.01,1.0,0.0,0.0,0.0,0.0,0.0,0.0,0.0,0.0
2023-05-20 04:00:00,DATAR1,2023-05-20 04:00:00,131121.0,26.0,1.0,16.0,1.0,0.033,1.0,0.002,1.0,0.3,1.0,0.001,1.0,0.009,1.0,0.01,1.0,0.0,0.0,0.0,0.0,0.0,0.0,0.0,0.0
2023-05-20 05:00:00,DATAR1,2023-05-20 05:00:00,131121.0,22.0,1.0,14.0,1.0,0.032,1.0,0.001,1.0,0.3,1.0,0.001,1.0,0.009,1.0,0.01,1.0,0.0,0.0,0.0,0.0,0.0,0.0,0.0,0.0
2023-05-20 06:00:00,DATAR1,2023-05-20 06:00:00,131121.0,24.0,1.0,14.0,1.0,0.026,1.0,0.002,1.0,0.3,1.0,0.001,1.0,0.015,1.0,0.016,1.0,0.0,0.0,0.0,0.0,0.0,0.0,0.0,0.0
2023-05-20 07:00:00,DATAR1,2023-05-20 07:00:00,131121.0,25.0,1.0,14.0,1.0,0.022,1.0,0.002,1.0,0.4,1.0,0.003,1.0,0.02,1.0,0.023,1.0,0.0,0.0,0.0,0.0,0.0,0.0,0.0,0.0
2023-05-20 08:00:00,DATAR1,2023-05-20 08:00:00,131121.0,30.0,1.0,15.0,1.0,0.024,1.0,0.002,1.0,0.4,1.0,0.004,1.0,0.017,1.0,0.02,1.0,0.0,0.0,0.0,0.0,0.0,0.0,0.0,0.0
2023-05-20 09:00:00,DATAR1,2023-05-20 09:00:00,131121.0,19.0,1.0,16.0,1.0,0.034,1.0,0.002,1.0,0.4,1.0,0.003,1.0,0.011,1.0,0.014,1.0,0.0,0.0,0.0,0.0,0.0,0.0,0.0,0.0
2023-05-20 10:00:00,DATAR1,2023-05-20 10:00:00,131121.0,30.0,1.0,15.0,1.0,0.037,1.0,0.002,1.0,0.4,1.0,0.002,1.0,0.01,1.0,0.013,1.0,0.0,0.0,0.0,0.0,0.0,0.0,0.0,0.0
2023-05-20 11:00:00,DATAR1,2023-05-20 11:00:00,131121.0,33.0,1.0,17.0,1.0,0.042,1.0,0.002,1.0,0.4,1.0,0.003,1.0,0.011,1.0,0.013,1.0,0.0,0.0,0.0,0.0,0.0,0.0,0.0,0.0
2023-05-20 12:00:00,DATAR1,2023-05-20 12:00:00,131121.0,25.0,1.0,12.0,1.0,0.053,1.0,0.002,1.0,0.4,1.0,0.002,1.0,0.009,1.0,0.011,1.0,0.0,0.0,0.0,0.0,0.0,0.0,0.0,0.0
2023-05-20 13:00:00,DATAR1,2023-05-20 13:00:00,131121.0,27.0,1.0,17.0,1.0,0.061,1.0,0.002,1.0,0.3,1.0,0.002,1.0,0.009,1.0,0.01,1.0,0.0,0.0,0.0,0.0,0.0,0.0,0.0,0.0
2023-05-20 14:00:00,DATAR1,2023-05-20 14:00:00,131121.0,35.0,1.0,14.0,1.0,0.064,1.0,0.002,1.0,0.3,1.0,0.001,1.0,0.01,1.0,0.011,1.0,0.0,0.0,0.0,0.0,0.0,0.0,0.0,0.0
2023-05-20 15:00:00,DATAR1,2023-05-20 15:00:00,131121.0,40.0,1.0,19.0,1.0,0.071,1.0,0.002,1.0,0.3,1.0,0.002,1.0,0.009,1.0,0.011,1.0,0.0,0.0,0.0,0.0,0.0,0.0,0.0,0.0
2023-05-20 16:00:00,DATAR1,2023-05-20 16:00:00,131121.0,43.0,1.0,23.0,1.0,0.066,1.0,0.002,1.0,0.3,1.0,0.001,1.0,0.009,1.0,0.01,1.0,0.0,0.0,0.0,0.0,0.0,0.0,0.0,0.0
2023-05-20 17:00:00,DATAR1,2023-05-20 17:00:00,131121.0,44.0,1.0,18.0,1.0,0.061,1.0,0.002,1.0,0.4,1.0,0.002,1.0,0.008,1.0,0.01,1.0,0.0,0.0,0.0,0.0,0.0,0.0,0.0,0.0
2023-05-20 18:00:00,DATAR1,2023-05-20 18:00:00,131121.0,22.0,1.0,12.0,1.0,0.056,1.0,0.002,1.0,0.3,1.0,0.001,1.0,0.008,1.0,0.009,1.0,0.0,0.0,0.0,0.0,0.0,0.0,0.0,0.0
2023-05-20 19:00:00,DATAR1,2023-05-20 19:00:00,131121.0,29.0,1.0,10.0,1.0,0.052,1.0,0.002,1.0,0.3,1.0,0.001,1.0,0.008,1.0,0.009,1.0,0.0,0.0,0.0,0.0,0.0,0.0,0.0,0.0
2023-05-20 20:00:00,DATAR1,2023-05-20 20:00:00,131121.0,26.0,1.0,8.0,1.0,0.05,1.0,0.002,1.0,0.3,1.0,0.001,1.0,0.008,1.0,0.01,1.0,0.0,0.0,0.0,0.0,0.0,0.0,0.0,0.0
2023-05-20 21:00:00,DATAR1,2023-05-20 21:00:00,131121.0,17.0,1.0,11.0,1.0,0.047,1.0,0.002,1.0,0.4,1.0,0.001,1.0,0.008,1.0,0.009,1.0,0.0,0.0,0.0,0.0,0.0,0.0,0.0,0.0
2023-05-20 22:00:00,DATAR1,2023-05-20 22:00:00,131121.0,15.0,1.0,6.0,1.0,0.045,1.0,0.002,1.0,0.4,1.0,0.001,1.0,0.009,1.0,0.01,1.0,0.0,0.0,0.0,0.0,0.0,0.0,0.0,0.0
2023-05-20 23:00:00,DATAR1,2023-05-20 23:00:00,131121.0,10.0,1.0,8.0,1.0,0.041,1.0,0.002,1.0,0.4,1.0,0.001,1.0,0.011,1.0,0.012,1.0,0.0,0.0,0.0,0.0,0.0,0.0,0.0,0.0
2023-05-21 00:00:00,DATAR1,2023-05-21 00:00:00,131121.0,22.0,1.0,10.0,1.0,0.039,1.0,0.002,1.0,0.5,1.0,0.001,1.0,0.01,1.0,0.011,1.0,0.0,0.0,0.0,0.0,0.0,0.0,0.0,0.0
2023-05-21 01:00:00,DATAR1,2023-05-21 01:00:00,131121.0,28.0,1.0,12.0,1.0,0.037,1.0,0.001,1.0,0.4,1.0,0.001,1.0,0.008,1.0,0.009,1.0,0.0,0.0,0.0,0.0,0.0,0.0,0.0,0.0
2023-05-21 02:00:00,DATAR1,2023-05-21 02:00:00,131121.0,37.0,1.0,18.0,1.0,0.036,1.0,0.001,1.0,0.5,1.0,0.001,1.0,0.008,1.0,0.009,1.0,0.0,0.0,0.0,0.0,0.0,0.0,0.0,0.0
2023-05-21 03:00:00,DATAR1,2023-05-21 03:00:00,131121.0,31.0,1.0,18.0,1.0,0.036,1.0,0.001,1.0,0.4,1.0,0.001,1.0,0.007,1.0,0.008,1.0,0.0,0.0,0.0,0.0,0.0,0.0,0.0,0.0
2023-05-21 04:00:00,DATAR1,2023-05-21 04:00:00,131121.0,27.0,1.0,22.0,1.0,0.042,1.0,0.001,1.0,0.2,1.0,0.001,1.0,0.005,1.0,0.006,1.0,0.0,0.0,0.0,0.0,0.0,0.0,0.0,0.0
2023-05-21 05:00:00,DATAR1,2023-05-21 05:00:00,131121.0,17.0,1.0,12.0,1.0,0.044,1.0,0.001,1.0,0.3,1.0,0.001,1.0,0.004,1.0,0.006,1.0,0.0,0.0,0.0,0.0,0.0,0.0,0.0,0.0
2023-05-21 06:00:00,DATAR1,2023-05-21 06:00:00,131121.0,14.0,1.0,12.0,1.0,0.043,1.0,0.001,1.0,0.3,1.0,0.001,1.0,0.006,1.0,0.007,1.0,0.0,0.0,0.0,0.0,0.0,0.0,0.0,0.0
2023-05-21 07:00:00,DATAR1,2023-05-21 07:00:00,131121.0,12.0,1.0,12.0,1.0,0.043,1.0,0.001,1.0,0.2,1.0,0.001,1.0,0.007,1.0,0.008,1.0,0.0,0.0,0.0,0.0,0.0,0.0,0.0,0.0
2023-05-21 08:00:00,DATAR1,2023-05-21 08:00:00,131121.0,15.0,1.0,8.0,1.0,0.041,1.0,0.001,1.0,0.2,1.0,0.001,1.0,0.007,1.0,0.008,1.0,0.0,0.0,0.0,0.0,0.0,0.0,0.0,0.0
2023-05-21 09:00:00,DATAR1,2023-05-21 09:00:00,131121.0,28.0,1.0,10.0,1.0,0.039,1.0,0.001,1.0,0.3,1.0,0.001,1.0,0.009,1.0,0.01,1.0,0.0,0.0,0.0,0.0,0.0,0.0,0.0,0.0
2023-05-21 10:00:00,DATAR1,2023-05-21 10:00:00,131121.0,34.0,1.0,13.0,1.0,0.037,1.0,0.001,1.0,0.3,1.0,0.002,1.0,0.01,1.0,0.012,1.0,0.0,0.0,0.0,0.0,0.0,0.0,0.0,0.0
2023-05-21 11:00:00,DATAR1,2023-05-21 11:00:00,131121.0,59.0,1.0,16.0,1.0,0.044,1.0,0.001,1.0,0.4,1.0,0.002,1.0,0.007,1.0,0.009,1.0,0.0,0.0,0.0,0.0,0.0,0.0,0.0,0.0
2023-05-21 12:00:00,DATAR1,2023-05-21 12:00:00,131121.0,107.0,1.0,21.0,1.0,0.049,1.0,0.001,1.0,0.4,1.0,0.002,1.0,0.007,1.0,0.009,1.0,0.0,0.0,0.0,0.0,0.0,0.0,0.0,0.0
2023-05-21 13:00:00,DATAR1,2023-05-21 13:00:00,131121.0,144.0,1.0,24.0,1.0,0.053,1.0,0.001,1.0,0.3,1.0,0.002,1.0,0.007,1.0,0.009,1.0,0.0,0.0,0.0,0.0,0.0,0.0,0.0,0.0
2023-05-21 14:00:00,DATAR1,2023-05-21 14:00:00,131121.0,142.0,1.0,29.0,1.0,0.055,1.0,0.001,1.0,0.4,1.0,0.001,1.0,0.008,1.0,0.009,1.0,0.0,0.0,0.0,0.0,0.0,0.0,0.0,0.0
2023-05-21 15:00:00,DATAR1,2023-05-21 15:00:00,131121.0,149.0,1.0,28.0,1.0,0.057,1.0,0.002,1.0,0.4,1.0,0.002,1.0,0.007,1.0,0.009,1.0,0.0,0.0,0.0,0.0,0.0,0.0,0.0,0.0
2023-05-21 16:00:00,DATAR1,2023-05-21 16:00:00,131121.0,173.0,1.0,32.0,1.0,0.055,1.0,0.002,1.0,0.3,1.0,0.001,1.0,0.007,1.0,0.009,1.0,0.0,0.0,0.0,0.0,0.0,0.0,0.0,0.0
2023-05-21 17:00:00,DATAR1,2023-05-21 17:00:00,131121.0,180.0,1.0,36.0,1.0,0.054,1.0,0.002,1.0,0.3,1.0,0.002,1.0,0.008,1.0,0.009,1.0,0.0,0.0,0.0,0.0,0.0,0.0,0.0,0.0
2023-05-21 18:00:00,DATAR1,2023-05-21 18:00:00,131121.0,162.0,1.0,37.0,1.0,0.054,1.0,0.002,1.0,0.3,1.0,0.001,1.0,0.009,1.0,0.01,1.0,0.0,0.0,0.0,0.0,0.0,0.0,0.0,0.0
2023-05-21 19:00:00,DATAR1,2023-05-21 19:00:00,131121.0,130.0,1.0,30.0,1.0,0.049,1.0,0.002,1.0,0.4,1.0,0.001,1.0,0.012,1.0,0.013,1.0,0.0,0.0,0.0,0.0,0.0,0.0,0.0,0.0
2023-05-21 20:00:00,DATAR1,2023-05-21 20:00:00,131121.0,136.0,1.0,29.0,1.0,0.052,1.0,0.002,1.0,0.3,1.0,0.001,1.0,0.011,1.0,0.012,1.0,0.0,0.0,0.0,0.0,0.0,0.0,0.0,0.0
2023-05-21 21:00:00,DATAR1,2023-05-21 21:00:00,131121.0,123.0,1.0,30.0,1.0,0.048,1.0,0.002,1.0,0.4,1.0,0.001,1.0,0.014,1.0,0.015,1.0,0.0,0.0,0.0,0.0,0.0,0.0,0.0,0.0
2023-05-21 22:00:00,DATAR1,2023-05-21 22:00:00,131121.0,112.0,1.0,29.0,1.0,0.043,1.0,0.002,1.0,0.4,1.0,0.001,1.0,0.013,1.0,0.014,1.0,0.0,0.0,0.0,0.0,0.0,0.0,0.0,0.0
2023-05-21 23:00:00,DATAR1,2023-05-21 23:00:00,131121.0,106.0,1.0,38.0,1.0,0.038,1.0,0.002,1.0,0.4,1.0,0.001,1.0,0.014,1.0,0.015,1.0,0.0,0.0,0.0,0.0,0.0,0.0,0.0,0.0
2023-05-22 00:00:00,DATAR1,2023-05-22 00:00:00,131121.0,96.0,1.0,36.0,1.0,0.035,1.0,0.002,1.0,0.4,1.0,0.001,1.0,0.013,1.0,0.014,1.0,0.0,0.0,0.0,0.0,0.0,0.0,0.0,0.0
2023-05-22 01:00:00,DATAR1,2023-05-22 01:00:00,131121.0,116.0,1.0,25.0,1.0,0.034,1.0,0.002,1.0,0.4,1.0,0.001,1.0,0.012,1.0,0.014,1.0,0.0,0.0,0.0,0.0,0.0,0.0,0.0,0.0
2023-05-22 02:00:00,DATAR1,2023-05-22 02:00:00,131121.0,118.0,1.0,25.0,1.0,0.028,1.0,0.002,1.0,0.4,1.0,0.001,1.0,0.016,1.0,0.017,1.0,0.0,0.0,0.0,0.0,0.0,0.0,0.0,0.0
2023-05-22 03:00:00,DATAR1,2023-05-22 03:00:00,131121.0,104.0,1.0,24.0,1.0,0.027,1.0,0.002,1.0,0.4,1.0,0.001,1.0,0.014,1.0,0.015,1.0,0.0,0.0,0.0,0.0,0.0,0.0,0.0,0.0
2023-05-22 04:00:00,DATAR1,2023-05-22 04:00:00,131121.0,99.0,1.0,25.0,1.0,0.027,1.0,0.002,1.0,0.5,1.0,0.001,1.0,0.012,1.0,0.014,1.0,0.0,0.0,0.0,0.0,0.0,0.0,0.0,0.0
2023-05-22 05:00:00,DATAR1,2023-05-22 05:00:00,131121.0,90.0,1.0,29.0,1.0,0.02,1.0,0.002,1.0,0.4,1.0,0.001,1.0,0.016,1.0,0.017,1.0,0.0,0.0,0.0,0.0,0.0,0.0,0.0,0.0
2023-05-22 06:00:00,DATAR1,2023-05-22 06:00:00,131121.0,93.0,1.0,26.0,1.0,0.017,1.0,0.002,1.0,0.4,1.0,0.002,1.0,0.019,1.0,0.02,1.0,0.0,0.0,0.0,0.0,0.0,0.0,0.0,0.0
2023-05-22 07:00:00,DATAR1,2023-05-22 07:00:00,131121.0,104.0,1.0,25.0,1.0,0.014,1.0,0.002,1.0,0.4,1.0,0.005,1.0,0.025,1.0,0.029,1.0,0.0,0.0,0.0,0.0,0.0,0.0,0.0,0.0
2023-05-22 08:00:00,DATAR1,2023-05-22 08:00:00,131121.0,100.0,1.0,28.0,1.0,0.012,1.0,0.002,1.0,0.5,1.0,0.009,1.0,0.028,1.0,0.037,1.0,0.0,0.0,0.0,0.0,0.0,0.0,0.0,0.0
2023-05-22 09:00:00,DATAR1,2023-05-22 09:00:00,131121.0,99.0,1.0,26.0,1.0,0.011,1.0,0.002,1.0,0.5,1.0,0.014,1.0,0.03,1.0,0.043,1.0,0.0,0.0,0.0,0.0,0.0,0.0,0.0,0.0
2023-05-22 10:00:00,DATAR1,2023-05-22 10:00:00,131121.0,100.0,1.0,24.0,1.0,0.017,1.0,0.002,1.0,0.5,1.0,0.011,1.0,0.027,1.0,0.038,1.0,0.0,0.0,0.0,0.0,0.0,0.0,0.0,0.0
2023-05-22 11:00:00,DATAR1,2023-05-22 11:00:00,131121.0,109.0,1.0,23.0,1.0,0.032,1.0,0.002,1.0,0.4,1.0,0.005,1.0,0.015,1.0,0.02,1.0,0.0,0.0,0.0,0.0,0.0,0.0,0.0,0.0
2023-05-22 12:00:00,DATAR1,2023-05-22 12:00:00,131121.0,144.0,1.0,24.0,1.0,0.046,1.0,0.002,1.0,0.4,1.0,0.002,1.0,0.008,1.0,0.011,1.0,0.0,0.0,0.0,0.0,0.0,0.0,0.0,0.0
2023-05-22 13:00:00,DATAR1,2023-05-22 13:00:00,131121.0,177.0,1.0,26.0,1.0,0.048,1.0,0.002,1.0,0.4,1.0,0.001,1.0,0.007,1.0,0.008,1.0,0.0,0.0,0.0,0.0,0.0,0.0,0.0,0.0
2023-05-22 14:00:00,DATAR1,2023-05-22 14:00:00,131121.0,186.0,1.0,29.0,1.0,0.051,1.0,0.001,1.0,0.3,1.0,0.001,1.0,0.006,1.0,0.007,1.0,0.0,0.0,0.0,0.0,0.0,0.0,0.0,0.0
2023-05-22 15:00:00,DATAR1,2023-05-22 15:00:00,131121.0,220.0,1.0,31.0,1.0,0.051,1.0,0.001,1.0,0.3,1.0,0.001,1.0,0.006,1.0,0.007,1.0,0.0,0.0,0.0,0.0,0.0,0.0,0.0,0.0
2023-05-22 16:00:00,DATAR1,2023-05-22 16:00:00,131121.0,211.0,1.0,30.0,1.0,0.051,1.0,0.001,1.0,0.3,1.0,0.001,1.0,0.006,1.0,0.008,1.0,0.0,0.0,0.0,0.0,0.0,0.0,0.0,0.0
2023-05-22 17:00:00,DATAR1,2023-05-22 17:00:00,131121.0,178.0,1.0,28.0,1.0,0.05,1.0,0.001,1.0,0.3,1.0,0.002,1.0,0.007,1.0,0.009,1.0,0.0,0.0,0.0,0.0,0.0,0.0,0.0,0.0
2023-05-22 18:00:00,DATAR1,2023-05-22 18:00:00,131121.0,161.0,1.0,29.0,1.0,0.047,1.0,0.001,1.0,0.4,1.0,0.004,1.0,0.011,1.0,0.014,1.0,0.0,0.0,0.0,0.0,0.0,0.0,0.0,0.0
2023-05-22 19:00:00,DATAR1,2023-05-22 19:00:00,131121.0,201.0,1.0,44.0,1.0,0.062,1.0,0.002,1.0,0.5,1.0,0.001,1.0,0.019,1.0,0.02,1.0,0.0,0.0,0.0,0.0,0.0,0.0,0.0,0.0
2023-05-22 20:00:00,DATAR1,2023-05-22 20:00:00,131121.0,206.0,1.0,50.0,1.0,0.052,1.0,0.001,1.0,0.4,1.0,0.001,1.0,0.017,1.0,0.018,1.0,0.0,0.0,0.0,0.0,0.0,0.0,0.0,0.0
2023-05-22 21:00:00,DATAR1,2023-05-22 21:00:00,131121.0,94.0,1.0,41.0,1.0,0.032,1.0,0.001,1.0,0.4,1.0,0.001,1.0,0.016,1.0,0.017,1.0,0.0,0.0,0.0,0.0,0.0,0.0,0.0,0.0
2023-05-22 22:00:00,DATAR1,2023-05-22 22:00:00,131121.0,71.0,1.0,30.0,1.0,0.029,1.0,0.001,1.0,0.4,1.0,0.001,1.0,0.013,1.0,0.014,1.0,0.0,0.0,0.0,0.0,0.0,0.0,0.0,0.0
2023-05-22 23:00:00,DATAR1,2023-05-22 23:00:00,131121.0,59.0,1.0,24.0,1.0,0.027,1.0,0.001,1.0,0.4,1.0,0.002,1.0,0.013,1.0,0.014,1.0,0.0,0.0,0.0,0.0,0.0,0.0,0.0,0.0
2023-05-23 00:00:00,DATAR1,2023-05-23 00:00:00,131121.0,93.0,1.0,20.0,1.0,0.023,1.0,0.001,1.0,0.4,1.0,0.001,1.0,0.015,1.0,0.016,1.0,0.0,0.0,0.0,0.0,0.0,0.0,0.0,0.0
2023-05-23 01:00:00,DATAR1,2023-05-23 01:00:00,131121.0,107.0,1.0,21.0,1.0,0.02,1.0,0.001,1.0,0.4,1.0,0.001,1.0,0.013,1.0,0.014,1.0,0.0,0.0,0.0,0.0,0.0,0.0,0.0,0.0
2023-05-23 02:00:00,DATAR1,2023-05-23 02:00:00,131121.0,94.0,1.0,23.0,1.0,0.015,1.0,0.001,1.0,0.4,1.0,0.001,1.0,0.014,1.0,0.016,1.0,0.0,0.0,0.0,0.0,0.0,0.0,0.0,0.0
2023-05-23 03:00:00,DATAR1,2023-05-23 03:00:00,131121.0,86.0,1.0,24.0,1.0,0.019,1.0,0.001,1.0,0.3,1.0,0.001,1.0,0.009,1.0,0.01,1.0,0.0,0.0,0.0,0.0,0.0,0.0,0.0,0.0
2023-05-23 04:00:00,DATAR1,2023-05-23 04:00:00,131121.0,82.0,1.0,17.0,1.0,0.018,1.0,0.001,1.0,0.3,1.0,0.001,1.0,0.011,1.0,0.012,1.0,0.0,0.0,0.0,0.0,0.0,0.0,0.0,0.0
2023-05-23 05:00:00,DATAR1,2023-05-23 05:00:00,131121.0,76.0,1.0,18.0,1.0,0.019,1.0,0.001,1.0,0.3,1.0,0.001,1.0,0.009,1.0,0.01,1.0,0.0,0.0,0.0,0.0,0.0,0.0,0.0,0.0
2023-05-23 06:00:00,DATAR1,2023-05-23 06:00:00,131121.0,74.0,1.0,16.0,1.0,0.021,1.0,0.001,1.0,0.3,1.0,0.001,1.0,0.01,1.0,0.011,1.0,0.0,0.0,0.0,0.0,0.0,0.0,0.0,0.0
2023-05-23 07:00:00,DATAR1,2023-05-23 07:00:00,131121.0,72.0,1.0,16.0,1.0,0.018,1.0,0.001,1.0,0.3,1.0,0.002,1.0,0.015,1.0,0.018,1.0,0.0,0.0,0.0,0.0,0.0,0.0,0.0,0.0
2023-05-23 08:00:00,DATAR1,2023-05-23 08:00:00,131121.0,69.0,1.0,15.0,1.0,0.013,1.0,0.001,1.0,0.4,1.0,0.012,1.0,0.026,1.0,0.038,1.0,0.0,0.0,0.0,0.0,0.0,0.0,0.0,0.0
2023-05-23 09:00:00,DATAR1,2023-05-23 09:00:00,131121.0,91.0,1.0,20.0,1.0,0.019,1.0,0.002,1.0,0.4,1.0,0.014,1.0,0.026,1.0,0.04,1.0,0.0,0.0,0.0,0.0,0.0,0.0,0.0,0.0
2023-05-23 10:00:00,DATAR1,2023-05-23 10:00:00,131121.0,93.0,1.0,16.0,1.0,0.035,1.0,0.002,1.0,0.3,1.0,0.004,1.0,0.012,1.0,0.015,1.0,0.0,0.0,0.0,0.0,0.0,0.0,0.0,0.0
2023-05-23 11:00:00,DATAR1,2023-05-23 11:00:00,131121.0,84.0,1.0,17.0,1.0,0.039,1.0,0.002,1.0,0.2,1.0,0.003,1.0,0.011,1.0,0.014,1.0,0.0,0.0,0.0,0.0,0.0,0.0,0.0,0.0
2023-05-23 12:00:00,DATAR1,2023-05-23 12:00:00,131121.0,74.0,1.0,13.0,1.0,0.039,1.0,0.002,1.0,0.2,1.0,0.004,1.0,0.015,1.0,0.019,1.0,0.0,0.0,0.0,0.0,0.0,0.0,0.0,0.0
2023-05-23 13:00:00,DATAR1,2023-05-23 13:00:00,131121.0,,3.0,,3.0,,3.0,,3.0,,3.0,,3.0,,3.0,,3.0,0.0,0.0,0.0,0.0,0.0,0.0,0.0,0.0
2023-05-23 14:00:00,DATAR1,2023-05-23 14:00:00,131121.0,56.0,1.0,12.0,1.0,0.051,1.0,0.001,1.0,0.3,1.0,0.002,1.0,0.009,1.0,0.011,1.0,0.0,0.0,0.0,0.0,0.0,0.0,0.0,0.0
2023-05-23 15:00:00,DATAR1,2023-05-23 15:00:00,131121.0,50.0,1.0,10.0,1.0,0.06,1.0,0.001,1.0,0.3,1.0,0.002,1.0,0.011,1.0,0.012,1.0,0.0,0.0,0.0,0.0,0.0,0.0,0.0,0.0
2023-05-23 16:00:00,DATAR1,2023-05-23 16:00:00,131121.0,69.0,1.0,12.0,1.0,0.067,1.0,0.002,1.0,0.3,1.0,0.002,1.0,0.013,1.0,0.015,1.0,0.0,0.0,0.0,0.0,0.0,0.0,0.0,0.0
2023-05-23 17:00:00,DATAR1,2023-05-23 17:00:00,131121.0,69.0,1.0,14.0,1.0,0.074,1.0,0.001,1.0,0.3,1.0,0.001,1.0,0.012,1.0,0.013,1.0,0.0,0.0,0.0,0.0,0.0,0.0,0.0,0.0
2023-05-23 18:00:00,DATAR1,2023-05-23 18:00:00,131121.0,54.0,1.0,13.0,1.0,0.064,1.0,0.001,1.0,0.3,1.0,0.001,1.0,0.01,1.0,0.012,1.0,0.0,0.0,0.0,0.0,0.0,0.0,0.0,0.0
2023-05-23 19:00:00,DATAR1,2023-05-23 19:00:00,131121.0,32.0,1.0,13.0,1.0,0.048,1.0,0.001,1.0,0.2,1.0,0.001,1.0,0.014,1.0,0.015,1.0,0.0,0.0,0.0,0.0,0.0,0.0,0.0,0.0
2023-05-23 20:00:00,DATAR1,2023-05-23 20:00:00,131121.0,51.0,1.0,11.0,1.0,0.04,1.0,0.002,1.0,0.3,1.0,0.001,1.0,0.02,1.0,0.021,1.0,0.0,0.0,0.0,0.0,0.0,0.0,0.0,0.0
2023-05-23 21:00:00,DATAR1,2023-05-23 21:00:00,131121.0,48.0,1.0,13.0,1.0,0.033,1.0,0.002,1.0,0.3,1.0,0.001,1.0,0.019,1.0,0.021,1.0,0.0,0.0,0.0,0.0,0.0,0.0,0.0,0.0
2023-05-23 22:00:00,DATAR1,2023-05-23 22:00:00,131121.0,33.0,1.0,13.0,1.0,0.025,1.0,0.002,1.0,0.4,1.0,0.001,1.0,0.024,1.0,0.025,1.0,0.0,0.0,0.0,0.0,0.0,0.0,0.0,0.0
2023-05-23 23:00:00,DATAR1,2023-05-23 23:00:00,131121.0,34.0,1.0,15.0,1.0,0.025,1.0,0.002,1.0,0.4,1.0,0.001,1.0,0.023,1.0,0.025,1.0,0.0,0.0,0.0,0.0,0.0,0.0,0.0,0.0
2023-05-24 00:00:00,DATAR1,2023-05-24 00:00:00,131121.0,41.0,1.0,13.0,1.0,0.028,1.0,0.002,1.0,0.4,1.0,0.001,1.0,0.019,1.0,0.02,1.0,0.0,0.0,0.0,0.0,0.0,0.0,0.0,0.0
2023-05-24 01:00:00,DATAR1,2023-05-24 01:00:00,131121.0,35.0,1.0,18.0,1.0,0.027,1.0,0.002,1.0,0.4,1.0,0.001,1.0,0.019,1.0,0.02,1.0,0.0,0.0,0.0,0.0,0.0,0.0,0.0,0.0
2023-05-24 02:00:00,DATAR1,2023-05-24 02:00:00,131121.0,37.0,1.0,22.0,1.0,0.02,1.0,0.001,1.0,0.4,1.0,0.001,1.0,0.024,1.0,0.026,1.0,0.0,0.0,0.0,0.0,0.0,0.0,0.0,0.0
2023-05-24 03:00:00,DATAR1,2023-05-24 03:00:00,131121.0,35.0,1.0,18.0,1.0,0.022,1.0,0.001,1.0,0.4,1.0,0.002,1.0,0.02,1.0,0.021,1.0,0.0,0.0,0.0,0.0,0.0,0.0,0.0,0.0
2023-05-24 04:00:00,DATAR1,2023-05-24 04:00:00,131121.0,37.0,1.0,17.0,1.0,0.026,1.0,0.001,1.0,0.4,1.0,0.001,1.0,0.016,1.0,0.017,1.0,0.0,0.0,0.0,0.0,0.0,0.0,0.0,0.0
2023-05-24 05:00:00,DATAR1,2023-05-24 05:00:00,131121.0,32.0,1.0,17.0,1.0,0.025,1.0,0.001,1.0,0.4,1.0,0.001,1.0,0.016,1.0,0.018,1.0,0.0,0.0,0.0,0.0,0.0,0.0,0.0,0.0
2023-05-24 06:00:00,DATAR1,2023-05-24 06:00:00,131121.0,38.0,1.0,16.0,1.0,0.017,1.0,0.001,1.0,0.4,1.0,0.001,1.0,0.02,1.0,0.021,1.0,0.0,0.0,0.0,0.0,0.0,0.0,0.0,0.0
2023-05-24 07:00:00,DATAR1,2023-05-24 07:00:00,131121.0,38.0,1.0,17.0,1.0,0.012,1.0,0.002,1.0,0.4,1.0,0.008,1.0,0.03,1.0,0.038,1.0,0.0,0.0,0.0,0.0,0.0,0.0,0.0,0.0
2023-05-24 08:00:00,DATAR1,2023-05-24 08:00:00,131121.0,45.0,1.0,16.0,1.0,0.022,1.0,0.002,1.0,0.4,1.0,0.008,1.0,0.023,1.0,0.031,1.0,0.0,0.0,0.0,0.0,0.0,0.0,0.0,0.0
2023-05-24 09:00:00,DATAR1,2023-05-24 09:00:00,131121.0,51.0,1.0,18.0,1.0,0.032,1.0,0.002,1.0,0.4,1.0,0.004,1.0,0.018,1.0,0.022,1.0,0.0,0.0,0.0,0.0,0.0,0.0,0.0,0.0
2023-05-24 10:00:00,DATAR1,2023-05-24 10:00:00,131121.0,40.0,1.0,19.0,1.0,0.034,1.0,0.002,1.0,0.4,1.0,0.005,1.0,0.02,1.0,0.025,1.0,0.0,0.0,0.0,0.0,0.0,0.0,0.0,0.0
2023-05-24 11:00:00,DATAR1,2023-05-24 11:00:00,131121.0,43.0,1.0,17.0,1.0,0.04,1.0,0.002,1.0,0.4,1.0,0.005,1.0,0.02,1.0,0.025,1.0,0.0,0.0,0.0,0.0,0.0,0.0,0.0,0.0
2023-05-24 12:00:00,DATAR1,2023-05-24 12:00:00,131121.0,40.0,1.0,16.0,1.0,0.048,1.0,0.002,1.0,0.4,1.0,0.004,1.0,0.019,1.0,0.024,1.0,0.0,0.0,0.0,0.0,0.0,0.0,0.0,0.0
2023-05-24 13:00:00,DATAR1,2023-05-24 13:00:00,131121.0,42.0,1.0,17.0,1.0,0.061,1.0,0.002,1.0,0.4,1.0,0.002,1.0,0.014,1.0,0.016,1.0,0.0,0.0,0.0,0.0,0.0,0.0,0.0,0.0
2023-05-24 14:00:00,DATAR1,2023-05-24 14:00:00,131121.0,45.0,1.0,14.0,1.0,0.065,1.0,0.002,1.0,0.4,1.0,0.002,1.0,0.018,1.0,0.021,1.0,0.0,0.0,0.0,0.0,0.0,0.0,0.0,0.0
2023-05-24 15:00:00,DATAR1,2023-05-24 15:00:00,131121.0,47.0,1.0,17.0,1.0,0.07,1.0,0.002,1.0,0.4,1.0,0.002,1.0,0.018,1.0,0.021,1.0,0.0,0.0,0.0,0.0,0.0,0.0,0.0,0.0
2023-05-24 16:00:00,DATAR1,2023-05-24 16:00:00,131121.0,49.0,1.0,15.0,1.0,0.068,1.0,0.002,1.0,0.3,1.0,0.002,1.0,0.016,1.0,0.018,1.0,0.0,0.0,0.0,0.0,0.0,0.0,0.0,0.0
2023-05-24 17:00:00,DATAR1,2023-05-24 17:00:00,131121.0,45.0,1.0,14.0,1.0,0.078,1.0,0.002,1.0,0.3,1.0,0.002,1.0,0.016,1.0,0.017,1.0,0.0,0.0,0.0,0.0,0.0,0.0,0.0,0.0
2023-05-24 18:00:00,DATAR1,2023-05-24 18:00:00,131121.0,55.0,1.0,18.0,1.0,0.081,1.0,0.002,1.0,0.4,1.0,0.001,1.0,0.016,1.0,0.017,1.0,0.0,0.0,0.0,0.0,0.0,0.0,0.0,0.0
2023-05-24 19:00:00,DATAR1,2023-05-24 19:00:00,131121.0,50.0,1.0,20.0,1.0,0.069,1.0,0.003,1.0,0.4,1.0,0.001,1.0,0.019,1.0,0.021,1.0,0.0,0.0,0.0,0.0,0.0,0.0,0.0,0.0
2023-05-24 20:00:00,DATAR1,2023-05-24 20:00:00,131121.0,52.0,1.0,18.0,1.0,0.064,1.0,0.002,1.0,0.4,1.0,0.001,1.0,0.021,1.0,0.022,1.0,0.0,0.0,0.0,0.0,0.0,0.0,0.0,0.0
2023-05-24 21:00:00,DATAR1,2023-05-24 21:00:00,131121.0,48.0,1.0,17.0,1.0,0.051,1.0,0.002,1.0,0.5,1.0,0.001,1.0,0.024,1.0,0.025,1.0,0.0,0.0,0.0,0.0,0.0,0.0,0.0,0.0
2023-05-24 22:00:00,DATAR1,2023-05-24 22:00:00,131121.0,39.0,1.0,17.0,1.0,0.046,1.0,0.003,1.0,0.5,1.0,0.001,1.0,0.023,1.0,0.024,1.0,0.0,0.0,0.0,0.0,0.0,0.0,0.0,0.0
2023-05-24 23:00:00,DATAR1,2023-05-24 23:00:00,131121.0,41.0,1.0,19.0,1.0,0.041,1.0,0.003,1.0,0.5,1.0,0.001,1.0,0.023,1.0,0.024,1.0,0.0,0.0,0.0,0.0,0.0,0.0,0.0,0.0
2023-05-25 00:00:00,DATAR1,2023-05-25 00:00:00,131121.0,47.0,1.0,18.0,1.0,0.04,1.0,0.003,1.0,0.5,1.0,0.001,1.0,0.024,1.0,0.025,1.0,0.0,0.0,0.0,0.0,0.0,0.0,0.0,0.0
2023-05-25 01:00:00,DATAR1,2023-05-25 01:00:00,131121.0,59.0,1.0,26.0,1.0,0.039,1.0,0.003,1.0,0.5,1.0,0.001,1.0,0.025,1.0,0.025,1.0,0.0,0.0,0.0,0.0,0.0,0.0,0.0,0.0
2023-05-25 02:00:00,DATAR1,2023-05-25 02:00:00,131121.0,50.0,1.0,26.0,1.0,0.049,1.0,0.003,1.0,0.5,1.0,0.001,1.0,0.014,1.0,0.016,1.0,0.0,0.0,0.0,0.0,0.0,0.0,0.0,0.0
2023-05-25 03:00:00,DATAR1,2023-05-25 03:00:00,131121.0,47.0,1.0,23.0,1.0,0.046,1.0,0.003,1.0,0.4,1.0,0.001,1.0,0.014,1.0,0.016,1.0,0.0,0.0,0.0,0.0,0.0,0.0,0.0,0.0
2023-05-25 04:00:00,DATAR1,2023-05-25 04:00:00,131121.0,47.0,1.0,22.0,1.0,0.05,1.0,0.002,1.0,0.4,1.0,0.001,1.0,0.009,1.0,0.01,1.0,0.0,0.0,0.0,0.0,0.0,0.0,0.0,0.0
2023-05-25 05:00:00,DATAR1,2023-05-25 05:00:00,131121.0,39.0,1.0,18.0,1.0,0.044,1.0,0.002,1.0,0.4,1.0,0.001,1.0,0.012,1.0,0.013,1.0,0.0,0.0,0.0,0.0,0.0,0.0,0.0,0.0
2023-05-25 06:00:00,DATAR1,2023-05-25 06:00:00,131121.0,48.0,1.0,21.0,1.0,0.032,1.0,0.002,1.0,0.4,1.0,0.002,1.0,0.023,1.0,0.025,1.0,0.0,0.0,0.0,0.0,0.0,0.0,0.0,0.0
2023-05-25 07:00:00,DATAR1,2023-05-25 07:00:00,131121.0,39.0,1.0,17.0,1.0,0.033,1.0,0.002,1.0,0.5,1.0,0.002,1.0,0.017,1.0,0.019,1.0,0.0,0.0,0.0,0.0,0.0,0.0,0.0,0.0
2023-05-25 08:00:00,DATAR1,2023-05-25 08:00:00,131121.0,35.0,1.0,15.0,1.0,0.018,1.0,0.002,1.0,0.6,1.0,0.014,1.0,0.041,1.0,0.055,1.0,0.0,0.0,0.0,0.0,0.0,0.0,0.0,0.0
2023-05-25 09:00:00,DATAR1,2023-05-25 09:00:00,131121.0,46.0,1.0,18.0,1.0,0.028,1.0,0.003,1.0,0.5,1.0,0.012,1.0,0.036,1.0,0.048,1.0,0.0,0.0,0.0,0.0,0.0,0.0,0.0,0.0
2023-05-25 10:00:00,DATAR1,2023-05-25 10:00:00,131121.0,37.0,1.0,16.0,1.0,0.052,1.0,0.002,1.0,0.4,1.0,0.004,1.0,0.015,1.0,0.018,1.0,0.0,0.0,0.0,0.0,0.0,0.0,0.0,0.0
2023-05-25 11:00:00,DATAR1,2023-05-25 11:00:00,131121.0,43.0,1.0,12.0,1.0,0.058,1.0,0.002,1.0,0.4,1.0,0.003,1.0,0.012,1.0,0.015,1.0,0.0,0.0,0.0,0.0,0.0,0.0,0.0,0.0
2023-05-25 12:00:00,DATAR1,2023-05-25 12:00:00,131121.0,26.0,1.0,12.0,1.0,0.065,1.0,0.002,1.0,0.4,1.0,0.002,1.0,0.011,1.0,0.013,1.0,0.0,0.0,0.0,0.0,0.0,0.0,0.0,0.0
2023-05-25 13:00:00,DATAR1,2023-05-25 13:00:00,131121.0,28.0,1.0,8.0,1.0,0.069,1.0,0.002,1.0,0.3,1.0,0.002,1.0,0.008,1.0,0.01,1.0,0.0,0.0,0.0,0.0,0.0,0.0,0.0,0.0
2023-05-25 14:00:00,DATAR1,2023-05-25 14:00:00,131121.0,36.0,1.0,9.0,1.0,0.073,1.0,0.002,1.0,0.3,1.0,0.001,1.0,0.009,1.0,0.011,1.0,0.0,0.0,0.0,0.0,0.0,0.0,0.0,0.0
2023-05-25 15:00:00,DATAR1,2023-05-25 15:00:00,131121.0,31.0,1.0,12.0,1.0,0.076,1.0,0.002,1.0,0.3,1.0,0.002,1.0,0.01,1.0,0.012,1.0,0.0,0.0,0.0,0.0,0.0,0.0,0.0,0.0
2023-05-25 16:00:00,DATAR1,2023-05-25 16:00:00,131121.0,43.0,1.0,11.0,1.0,0.08,1.0,0.002,1.0,0.3,1.0,0.001,1.0,0.012,1.0,0.013,1.0,0.0,0.0,0.0,0.0,0.0,0.0,0.0,0.0
2023-05-25 17:00:00,DATAR1,2023-05-25 17:00:00,131121.0,48.0,1.0,10.0,1.0,0.075,1.0,0.002,1.0,0.3,1.0,0.001,1.0,0.012,1.0,0.013,1.0,0.0,0.0,0.0,0.0,0.0,0.0,0.0,0.0
2023-05-25 18:00:00,DATAR1,2023-05-25 18:00:00,131121.0,36.0,1.0,11.0,1.0,0.062,1.0,0.002,1.0,0.3,1.0,0.002,1.0,0.013,1.0,0.014,1.0,0.0,0.0,0.0,0.0,0.0,0.0,0.0,0.0
2023-05-25 19:00:00,DATAR1,2023-05-25 19:00:00,131121.0,34.0,1.0,8.0,1.0,0.054,1.0,0.002,1.0,0.3,1.0,0.001,1.0,0.015,1.0,0.016,1.0,0.0,0.0,0.0,0.0,0.0,0.0,0.0,0.0
2023-05-25 20:00:00,DATAR1,2023-05-25 20:00:00,131121.0,30.0,1.0,8.0,1.0,0.054,1.0,0.002,1.0,0.3,1.0,0.001,1.0,0.014,1.0,0.015,1.0,0.0,0.0,0.0,0.0,0.0,0.0,0.0,0.0
2023-05-25 21:00:00,DATAR1,2023-05-25 21:00:00,131121.0,26.0,1.0,7.0,1.0,0.053,1.0,0.002,1.0,0.4,1.0,0.001,1.0,0.015,1.0,0.016,1.0,0.0,0.0,0.0,0.0,0.0,0.0,0.0,0.0
2023-05-25 22:00:00,DATAR1,2023-05-25 22:00:00,131121.0,24.0,1.0,10.0,1.0,0.051,1.0,0.002,1.0,0.4,1.0,0.001,1.0,0.015,1.0,0.016,1.0,0.0,0.0,0.0,0.0,0.0,0.0,0.0,0.0
2023-05-25 23:00:00,DATAR1,2023-05-25 23:00:00,131121.0,26.0,1.0,12.0,1.0,0.044,1.0,0.002,1.0,0.4,1.0,0.001,1.0,0.019,1.0,0.02,1.0,0.0,0.0,0.0,0.0,0.0,0.0,0.0,0.0
2023-05-26 00:00:00,DATAR1,2023-05-26 00:00:00,131121.0,26.0,1.0,11.0,1.0,0.038,1.0,0.002,1.0,0.4,1.0,0.001,1.0,0.021,1.0,0.022,1.0,0.0,0.0,0.0,0.0,0.0,0.0,0.0,0.0
2023-05-26 01:00:00,DATAR1,2023-05-26 01:00:00,131121.0,36.0,1.0,10.0,1.0,0.04,1.0,0.002,1.0,0.4,1.0,0.001,1.0,0.016,1.0,0.017,1.0,0.0,0.0,0.0,0.0,0.0,0.0,0.0,0.0
2023-05-26 02:00:00,DATAR1,2023-05-26 02:00:00,131121.0,40.0,1.0,10.0,1.0,0.044,1.0,0.001,1.0,0.4,1.0,0.001,1.0,0.01,1.0,0.011,1.0,0.0,0.0,0.0,0.0,0.0,0.0,0.0,0.0
2023-05-26 03:00:00,DATAR1,2023-05-26 03:00:00,131121.0,23.0,1.0,13.0,1.0,0.048,1.0,0.001,1.0,0.3,1.0,0.001,1.0,0.006,1.0,0.007,1.0,0.0,0.0,0.0,0.0,0.0,0.0,0.0,0.0
2023-05-26 04:00:00,DATAR1,2023-05-26 04:00:00,131121.0,17.0,1.0,12.0,1.0,0.045,1.0,0.001,1.0,0.2,1.0,0.001,1.0,0.008,1.0,0.009,1.0,0.0,0.0,0.0,0.0,0.0,0.0,0.0,0.0
2023-05-26 05:00:00,DATAR1,2023-05-26 05:00:00,131121.0,16.0,1.0,8.0,1.0,0.043,1.0,0.001,1.0,0.3,1.0,0.001,1.0,0.008,1.0,0.009,1.0,0.0,0.0,0.0,0.0,0.0,0.0,0.0,0.0
2023-05-26 06:00:00,DATAR1,2023-05-26 06:00:00,131121.0,23.0,1.0,10.0,1.0,0.038,1.0,0.001,1.0,0.3,1.0,0.001,1.0,0.016,1.0,0.016,1.0,0.0,0.0,0.0,0.0,0.0,0.0,0.0,0.0
2023-05-26 07:00:00,DATAR1,2023-05-26 07:00:00,131121.0,29.0,1.0,8.0,1.0,0.033,1.0,0.001,1.0,0.3,1.0,0.002,1.0,0.021,1.0,0.024,1.0,0.0,0.0,0.0,0.0,0.0,0.0,0.0,0.0
2023-05-26 08:00:00,DATAR1,2023-05-26 08:00:00,131121.0,31.0,1.0,10.0,1.0,0.036,1.0,0.001,1.0,0.4,1.0,0.003,1.0,0.017,1.0,0.02,1.0,0.0,0.0,0.0,0.0,0.0,0.0,0.0,0.0
2023-05-26 09:00:00,DATAR1,2023-05-26 09:00:00,131121.0,23.0,1.0,12.0,1.0,0.038,1.0,0.002,1.0,0.4,1.0,0.004,1.0,0.016,1.0,0.019,1.0,0.0,0.0,0.0,0.0,0.0,0.0,0.0,0.0
2023-05-26 10:00:00,DATAR1,2023-05-26 10:00:00,131121.0,24.0,1.0,11.0,1.0,0.042,1.0,0.002,1.0,0.4,1.0,0.004,1.0,0.015,1.0,0.019,1.0,0.0,0.0,0.0,0.0,0.0,0.0,0.0,0.0
2023-05-26 11:00:00,DATAR1,2023-05-26 11:00:00,131121.0,34.0,1.0,10.0,1.0,0.051,1.0,0.002,1.0,0.4,1.0,0.003,1.0,0.012,1.0,0.015,1.0,0.0,0.0,0.0,0.0,0.0,0.0,0.0,0.0
2023-05-26 12:00:00,DATAR1,2023-05-26 12:00:00,131121.0,36.0,1.0,12.0,1.0,0.059,1.0,0.002,1.0,0.4,1.0,0.002,1.0,0.011,1.0,0.013,1.0,0.0,0.0,0.0,0.0,0.0,0.0,0.0,0.0
2023-05-26 13:00:00,DATAR1,2023-05-26 13:00:00,131121.0,31.0,1.0,11.0,1.0,0.065,1.0,0.002,1.0,0.4,1.0,0.002,1.0,0.011,1.0,0.013,1.0,0.0,0.0,0.0,0.0,0.0,0.0,0.0,0.0
2023-05-26 14:00:00,DATAR1,2023-05-26 14:00:00,131121.0,35.0,1.0,14.0,1.0,0.072,1.0,0.002,1.0,0.4,1.0,0.002,1.0,0.01,1.0,0.012,1.0,0.0,0.0,0.0,0.0,0.0,0.0,0.0,0.0
2023-05-26 15:00:00,DATAR1,2023-05-26 15:00:00,131121.0,37.0,1.0,11.0,1.0,0.076,1.0,0.002,1.0,0.3,1.0,0.001,1.0,0.009,1.0,0.01,1.0,0.0,0.0,0.0,0.0,0.0,0.0,0.0,0.0
2023-05-26 16:00:00,DATAR1,2023-05-26 16:00:00,131121.0,41.0,1.0,15.0,1.0,0.082,1.0,0.002,1.0,0.3,1.0,0.001,1.0,0.012,1.0,0.013,1.0,0.0,0.0,0.0,0.0,0.0,0.0,0.0,0.0
2023-05-26 17:00:00,DATAR1,2023-05-26 17:00:00,131121.0,44.0,1.0,17.0,1.0,0.083,1.0,0.002,1.0,0.3,1.0,0.001,1.0,0.012,1.0,0.014,1.0,0.0,0.0,0.0,0.0,0.0,0.0,0.0,0.0
2023-05-26 18:00:00,DATAR1,2023-05-26 18:00:00,131121.0,50.0,1.0,16.0,1.0,0.078,1.0,0.002,1.0,0.3,1.0,0.001,1.0,0.013,1.0,0.014,1.0,0.0,0.0,0.0,0.0,0.0,0.0,0.0,0.0
2023-05-26 19:00:00,DATAR1,2023-05-26 19:00:00,131121.0,46.0,1.0,18.0,1.0,0.067,1.0,0.002,1.0,0.4,1.0,0.001,1.0,0.014,1.0,0.015,1.0,0.0,0.0,0.0,0.0,0.0,0.0,0.0,0.0
2023-05-26 20:00:00,DATAR1,2023-05-26 20:00:00,131121.0,43.0,1.0,14.0,1.0,0.057,1.0,0.002,1.0,0.4,1.0,0.001,1.0,0.014,1.0,0.016,1.0,0.0,0.0,0.0,0.0,0.0,0.0,0.0,0.0
2023-05-26 21:00:00,DATAR1,2023-05-26 21:00:00,131121.0,36.0,1.0,16.0,1.0,0.051,1.0,0.002,1.0,0.4,1.0,0.001,1.0,0.016,1.0,0.017,1.0,0.0,0.0,0.0,0.0,0.0,0.0,0.0,0.0
2023-05-26 22:00:00,DATAR1,2023-05-26 22:00:00,131121.0,42.0,1.0,14.0,1.0,0.044,1.0,0.002,1.0,0.4,1.0,0.001,1.0,0.018,1.0,0.019,1.0,0.0,0.0,0.0,0.0,0.0,0.0,0.0,0.0
2023-05-26 23:00:00,DATAR1,2023-05-26 23:00:00,131121.0,39.0,1.0,16.0,1.0,0.04,1.0,0.002,1.0,0.4,1.0,0.001,1.0,0.018,1.0,0.019,1.0,0.0,0.0,0.0,0.0,0.0,0.0,0.0,0.0
2023-05-27 00:00:00,DATAR1,2023-05-27 00:00:00,131121.0,33.0,1.0,16.0,1.0,0.032,1.0,0.002,1.0,0.4,1.0,0.001,1.0,0.02,1.0,0.021,1.0,0.0,0.0,0.0,0.0,0.0,0.0,0.0,0.0
2023-05-27 01:00:00,DATAR1,2023-05-27 01:00:00,131121.0,50.0,1.0,20.0,1.0,0.033,1.0,0.002,1.0,0.6,1.0,0.001,1.0,0.016,1.0,0.017,1.0,0.0,0.0,0.0,0.0,0.0,0.0,0.0,0.0
2023-05-27 02:00:00,DATAR1,2023-05-27 02:00:00,131121.0,33.0,1.0,25.0,1.0,0.034,1.0,0.001,1.0,0.5,1.0,0.001,1.0,0.012,1.0,0.013,1.0,0.0,0.0,0.0,0.0,0.0,0.0,0.0,0.0
2023-05-27 03:00:00,DATAR1,2023-05-27 03:00:00,131121.0,32.0,1.0,18.0,1.0,0.026,1.0,0.001,1.0,0.4,1.0,0.001,1.0,0.018,1.0,0.019,1.0,0.0,0.0,0.0,0.0,0.0,0.0,0.0,0.0
2023-05-27 04:00:00,DATAR1,2023-05-27 04:00:00,131121.0,32.0,1.0,16.0,1.0,0.029,1.0,0.002,1.0,0.4,1.0,0.001,1.0,0.011,1.0,0.012,1.0,0.0,0.0,0.0,0.0,0.0,0.0,0.0,0.0
2023-05-27 05:00:00,DATAR1,2023-05-27 05:00:00,131121.0,31.0,1.0,15.0,1.0,0.028,1.0,0.002,1.0,0.5,1.0,0.001,1.0,0.011,1.0,0.012,1.0,0.0,0.0,0.0,0.0,0.0,0.0,0.0,0.0
2023-05-27 06:00:00,DATAR1,2023-05-27 06:00:00,131121.0,28.0,1.0,14.0,1.0,0.02,1.0,0.002,1.0,0.4,1.0,0.001,1.0,0.018,1.0,0.019,1.0,0.0,0.0,0.0,0.0,0.0,0.0,0.0,0.0
2023-05-27 07:00:00,DATAR1,2023-05-27 07:00:00,131121.0,38.0,1.0,15.0,1.0,0.018,1.0,0.002,1.0,0.5,1.0,0.002,1.0,0.026,1.0,0.029,1.0,0.0,0.0,0.0,0.0,0.0,0.0,0.0,0.0
2023-05-27 08:00:00,DATAR1,2023-05-27 08:00:00,131121.0,40.0,1.0,17.0,1.0,0.023,1.0,0.002,1.0,0.5,1.0,0.003,1.0,0.027,1.0,0.03,1.0,0.0,0.0,0.0,0.0,0.0,0.0,0.0,0.0
2023-05-27 09:00:00,DATAR1,2023-05-27 09:00:00,131121.0,53.0,1.0,18.0,1.0,0.021,1.0,0.002,1.0,0.4,1.0,0.006,1.0,0.03,1.0,0.036,1.0,0.0,0.0,0.0,0.0,0.0,0.0,0.0,0.0
2023-05-27 10:00:00,DATAR1,2023-05-27 10:00:00,131121.0,79.0,1.0,20.0,1.0,0.03,1.0,0.002,1.0,0.4,1.0,0.003,1.0,0.02,1.0,0.023,1.0,0.0,0.0,0.0,0.0,0.0,0.0,0.0,0.0
2023-05-27 11:00:00,DATAR1,2023-05-27 11:00:00,131121.0,46.0,1.0,23.0,1.0,0.028,1.0,0.002,1.0,0.5,1.0,0.003,1.0,0.023,1.0,0.026,1.0,0.0,0.0,0.0,0.0,0.0,0.0,0.0,0.0
2023-05-27 12:00:00,DATAR1,2023-05-27 12:00:00,131121.0,61.0,1.0,22.0,1.0,0.024,1.0,0.002,1.0,0.6,1.0,0.003,1.0,0.024,1.0,0.027,1.0,0.0,0.0,0.0,0.0,0.0,0.0,0.0,0.0
2023-05-27 13:00:00,DATAR1,2023-05-27 13:00:00,131121.0,24.0,1.0,18.0,1.0,0.028,1.0,0.001,1.0,0.4,1.0,0.002,1.0,0.015,1.0,0.017,1.0,0.0,0.0,0.0,0.0,0.0,0.0,0.0,0.0
2023-05-27 14:00:00,DATAR1,2023-05-27 14:00:00,131121.0,25.0,1.0,10.0,1.0,0.028,1.0,0.001,1.0,0.4,1.0,0.002,1.0,0.014,1.0,0.017,1.0,0.0,0.0,0.0,0.0,0.0,0.0,0.0,0.0
2023-05-27 15:00:00,DATAR1,2023-05-27 15:00:00,131121.0,16.0,1.0,9.0,1.0,0.026,1.0,0.001,1.0,0.4,1.0,0.001,1.0,0.012,1.0,0.013,1.0,0.0,0.0,0.0,0.0,0.0,0.0,0.0,0.0
2023-05-27 16:00:00,DATAR1,2023-05-27 16:00:00,131121.0,14.0,1.0,4.0,1.0,0.03,1.0,0.001,1.0,0.4,1.0,0.002,1.0,0.01,1.0,0.011,1.0,0.0,0.0,0.0,0.0,0.0,0.0,0.0,0.0
2023-05-27 17:00:00,DATAR1,2023-05-27 17:00:00,131121.0,18.0,1.0,3.0,1.0,0.029,1.0,0.001,1.0,0.5,1.0,0.002,1.0,0.012,1.0,0.014,1.0,0.0,0.0,0.0,0.0,0.0,0.0,0.0,0.0
2023-05-27 18:00:00,DATAR1,2023-05-27 18:00:00,131121.0,12.0,1.0,6.0,1.0,0.029,1.0,0.001,1.0,0.4,1.0,0.002,1.0,0.01,1.0,0.012,1.0,0.0,0.0,0.0,0.0,0.0,0.0,0.0,0.0
2023-05-27 19:00:00,DATAR1,2023-05-27 19:00:00,131121.0,20.0,1.0,7.0,1.0,0.032,1.0,0.001,1.0,0.4,1.0,0.001,1.0,0.009,1.0,0.01,1.0,0.0,0.0,0.0,0.0,0.0,0.0,0.0,0.0
2023-05-27 20:00:00,DATAR1,2023-05-27 20:00:00,131121.0,21.0,1.0,9.0,1.0,0.028,1.0,0.001,1.0,0.5,1.0,0.001,1.0,0.011,1.0,0.013,1.0,0.0,0.0,0.0,0.0,0.0,0.0,0.0,0.0
2023-05-27 21:00:00,DATAR1,2023-05-27 21:00:00,131121.0,19.0,1.0,10.0,1.0,0.023,1.0,0.001,1.0,0.3,1.0,0.002,1.0,0.014,1.0,0.015,1.0,0.0,0.0,0.0,0.0,0.0,0.0,0.0,0.0
2023-05-27 22:00:00,DATAR1,2023-05-27 22:00:00,131121.0,18.0,1.0,9.0,1.0,0.018,1.0,0.001,1.0,0.5,1.0,0.002,1.0,0.017,1.0,0.018,1.0,0.0,0.0,0.0,0.0,0.0,0.0,0.0,0.0
2023-05-27 23:00:00,DATAR1,2023-05-27 23:00:00,131121.0,20.0,1.0,10.0,1.0,0.015,1.0,0.001,1.0,0.4,1.0,0.002,1.0,0.017,1.0,0.019,1.0,0.0,0.0,0.0,0.0,0.0,0.0,0.0,0.0
2023-05-28 00:00:00,DATAR1,2023-05-28 00:00:00,131121.0,19.0,1.0,11.0,1.0,0.018,1.0,0.001,1.0,0.4,1.0,0.002,1.0,0.012,1.0,0.014,1.0,0.0,0.0,0.0,0.0,0.0,0.0,0.0,0.0
2023-05-28 01:00:00,DATAR1,2023-05-28 01:00:00,131121.0,9.0,1.0,9.0,1.0,0.018,1.0,0.001,1.0,0.5,1.0,0.002,1.0,0.012,1.0,0.014,1.0,0.0,0.0,0.0,0.0,0.0,0.0,0.0,0.0
2023-05-28 02:00:00,DATAR1,2023-05-28 02:00:00,131121.0,,2.0,16.0,1.0,0.023,1.0,0.001,1.0,0.4,1.0,0.002,1.0,0.007,1.0,0.009,1.0,0.0,0.0,0.0,0.0,0.0,0.0,0.0,0.0
2023-05-28 03:00:00,DATAR1,2023-05-28 03:00:00,131121.0,15.0,1.0,12.0,1.0,0.021,1.0,0.001,1.0,0.3,1.0,0.002,1.0,0.007,1.0,0.009,1.0,0.0,0.0,0.0,0.0,0.0,0.0,0.0,0.0
2023-05-28 04:00:00,DATAR1,2023-05-28 04:00:00,131121.0,23.0,1.0,11.0,1.0,0.021,1.0,0.001,1.0,0.4,1.0,0.001,1.0,0.007,1.0,0.008,1.0,0.0,0.0,0.0,0.0,0.0,0.0,0.0,0.0
2023-05-28 05:00:00,DATAR1,2023-05-28 05:00:00,131121.0,21.0,1.0,10.0,1.0,0.027,1.0,0.001,1.0,0.4,1.0,0.001,1.0,0.006,1.0,0.008,1.0,0.0,0.0,0.0,0.0,0.0,0.0,0.0,0.0
2023-05-28 06:00:00,DATAR1,2023-05-28 06:00:00,131121.0,18.0,1.0,10.0,1.0,0.03,1.0,0.001,1.0,0.4,1.0,0.002,1.0,0.006,1.0,0.008,1.0,0.0,0.0,0.0,0.0,0.0,0.0,0.0,0.0
2023-05-28 07:00:00,DATAR1,2023-05-28 07:00:00,131121.0,14.0,1.0,9.0,1.0,0.028,1.0,0.001,1.0,0.3,1.0,0.002,1.0,0.008,1.0,0.01,1.0,0.0,0.0,0.0,0.0,0.0,0.0,0.0,0.0
2023-05-28 08:00:00,DATAR1,2023-05-28 08:00:00,131121.0,6.0,1.0,4.0,1.0,0.03,1.0,0.001,1.0,0.3,1.0,0.001,1.0,0.007,1.0,0.008,1.0,0.0,0.0,0.0,0.0,0.0,0.0,0.0,0.0
2023-05-28 09:00:00,DATAR1,2023-05-28 09:00:00,131121.0,2.0,1.0,5.0,1.0,0.03,1.0,0.001,1.0,0.3,1.0,0.001,1.0,0.007,1.0,0.008,1.0,0.0,0.0,0.0,0.0,0.0,0.0,0.0,0.0
2023-05-28 10:00:00,DATAR1,2023-05-28 10:00:00,131121.0,4.0,1.0,2.0,1.0,0.026,1.0,0.001,1.0,0.2,1.0,0.002,1.0,0.009,1.0,0.01,1.0,0.0,0.0,0.0,0.0,0.0,0.0,0.0,0.0
2023-05-28 11:00:00,DATAR1,2023-05-28 11:00:00,131121.0,8.0,1.0,0.0,1.0,0.024,1.0,0.001,1.0,0.2,1.0,0.002,1.0,0.011,1.0,0.013,1.0,0.0,0.0,0.0,0.0,0.0,0.0,0.0,0.0
2023-05-28 12:00:00,DATAR1,2023-05-28 12:00:00,131121.0,4.0,1.0,3.0,1.0,0.023,1.0,0.001,1.0,0.3,1.0,0.002,1.0,0.009,1.0,0.011,1.0,0.0,0.0,0.0,0.0,0.0,0.0,0.0,0.0
2023-05-28 13:00:00,DATAR1,2023-05-28 13:00:00,131121.0,5.0,1.0,2.0,1.0,0.02,1.0,0.001,1.0,0.5,1.0,0.002,1.0,0.012,1.0,0.014,1.0,0.0,0.0,0.0,0.0,0.0,0.0,0.0,0.0
2023-05-28 14:00:00,DATAR1,2023-05-28 14:00:00,131121.0,10.0,1.0,2.0,1.0,0.021,1.0,0.001,1.0,0.6,1.0,0.002,1.0,0.012,1.0,0.014,1.0,0.0,0.0,0.0,0.0,0.0,0.0,0.0,0.0
2023-05-28 15:00:00,DATAR1,2023-05-28 15:00:00,131121.0,6.0,1.0,4.0,1.0,0.021,1.0,0.001,1.0,0.4,1.0,0.002,1.0,0.011,1.0,0.014,1.0,0.0,0.0,0.0,0.0,0.0,0.0,0.0,0.0
2023-05-28 16:00:00,DATAR1,2023-05-28 16:00:00,131121.0,5.0,1.0,2.0,1.0,0.023,1.0,0.001,1.0,0.5,1.0,0.002,1.0,0.01,1.0,0.012,1.0,0.0,0.0,0.0,0.0,0.0,0.0,0.0,0.0
2023-05-28 17:00:00,DATAR1,2023-05-28 17:00:00,131121.0,1.0,1.0,2.0,1.0,0.021,1.0,0.001,1.0,0.4,1.0,0.002,1.0,0.011,1.0,0.013,1.0,0.0,0.0,0.0,0.0,0.0,0.0,0.0,0.0
2023-05-28 18:00:00,DATAR1,2023-05-28 18:00:00,131121.0,8.0,1.0,2.0,1.0,0.018,1.0,0.001,1.0,0.4,1.0,0.002,1.0,0.014,1.0,0.016,1.0,0.0,0.0,0.0,0.0,0.0,0.0,0.0,0.0
2023-05-28 19:00:00,DATAR1,2023-05-28 19:00:00,131121.0,4.0,1.0,2.0,1.0,0.016,1.0,0.001,1.0,0.4,1.0,0.002,1.0,0.016,1.0,0.018,1.0,0.0,0.0,0.0,0.0,0.0,0.0,0.0,0.0
2023-05-28 20:00:00,DATAR1,2023-05-28 20:00:00,131121.0,9.0,1.0,3.0,1.0,0.014,1.0,0.001,1.0,0.5,1.0,0.002,1.0,0.017,1.0,0.019,1.0,0.0,0.0,0.0,0.0,0.0,0.0,0.0,0.0
2023-05-28 21:00:00,DATAR1,2023-05-28 21:00:00,131121.0,6.0,1.0,4.0,1.0,0.016,1.0,0.001,1.0,0.3,1.0,0.002,1.0,0.015,1.0,0.017,1.0,0.0,0.0,0.0,0.0,0.0,0.0,0.0,0.0
2023-05-28 22:00:00,DATAR1,2023-05-28 22:00:00,131121.0,2.0,1.0,1.0,1.0,0.017,1.0,0.001,1.0,0.3,1.0,0.002,1.0,0.013,1.0,0.015,1.0,0.0,0.0,0.0,0.0,0.0,0.0,0.0,0.0
2023-05-28 23:00:00,DATAR1,2023-05-28 23:00:00,131121.0,5.0,1.0,2.0,1.0,0.017,1.0,0.001,1.0,0.3,1.0,0.002,1.0,0.013,1.0,0.015,1.0,0.0,0.0,0.0,0.0,0.0,0.0,0.0,0.0
2023-05-29 00:00:00,DATAR1,2023-05-29 00:00:00,131121.0,8.0,1.0,2.0,1.0,0.017,1.0,0.001,1.0,0.4,1.0,0.002,1.0,0.013,1.0,0.015,1.0,0.0,0.0,0.0,0.0,0.0,0.0,0.0,0.0
2023-05-29 01:00:00,DATAR1,2023-05-29 01:00:00,131121.0,5.0,1.0,5.0,1.0,0.021,1.0,0.001,1.0,0.3,1.0,0.002,1.0,0.009,1.0,0.01,1.0,0.0,0.0,0.0,0.0,0.0,0.0,0.0,0.0
2023-05-29 02:00:00,DATAR1,2023-05-29 02:00:00,131121.0,11.0,1.0,1.0,1.0,0.022,1.0,0.001,1.0,0.4,1.0,0.001,1.0,0.007,1.0,0.009,1.0,0.0,0.0,0.0,0.0,0.0,0.0,0.0,0.0
2023-05-29 03:00:00,DATAR1,2023-05-29 03:00:00,131121.0,5.0,1.0,2.0,1.0,0.021,1.0,0.001,1.0,0.4,1.0,0.002,1.0,0.007,1.0,0.008,1.0,0.0,0.0,0.0,0.0,0.0,0.0,0.0,0.0
2023-05-29 04:00:00,DATAR1,2023-05-29 04:00:00,131121.0,8.0,1.0,3.0,1.0,0.018,1.0,0.001,1.0,0.4,1.0,0.002,1.0,0.007,1.0,0.009,1.0,0.0,0.0,0.0,0.0,0.0,0.0,0.0,0.0
2023-05-29 05:00:00,DATAR1,2023-05-29 05:00:00,131121.0,6.0,1.0,4.0,1.0,0.016,1.0,0.001,1.0,0.5,1.0,0.002,1.0,0.009,1.0,0.01,1.0,0.0,0.0,0.0,0.0,0.0,0.0,0.0,0.0
2023-05-29 06:00:00,DATAR1,2023-05-29 06:00:00,131121.0,5.0,1.0,2.0,1.0,0.008,1.0,0.001,1.0,0.5,1.0,0.002,1.0,0.018,1.0,0.02,1.0,0.0,0.0,0.0,0.0,0.0,0.0,0.0,0.0
2023-05-29 07:00:00,DATAR1,2023-05-29 07:00:00,131121.0,33.0,1.0,7.0,1.0,0.006,1.0,0.001,1.0,0.5,1.0,0.004,1.0,0.021,1.0,0.025,1.0,0.0,0.0,0.0,0.0,0.0,0.0,0.0,0.0
2023-05-29 08:00:00,DATAR1,2023-05-29 08:00:00,131121.0,11.0,1.0,3.0,1.0,0.007,1.0,0.001,1.0,0.5,1.0,0.009,1.0,0.02,1.0,0.03,1.0,0.0,0.0,0.0,0.0,0.0,0.0,0.0,0.0
2023-05-29 09:00:00,DATAR1,2023-05-29 09:00:00,131121.0,14.0,1.0,4.0,1.0,0.006,1.0,0.001,1.0,0.3,1.0,0.01,1.0,0.02,1.0,0.03,1.0,0.0,0.0,0.0,0.0,0.0,0.0,0.0,0.0
2023-05-29 10:00:00,DATAR1,2023-05-29 10:00:00,131121.0,13.0,1.0,5.0,1.0,0.008,1.0,0.001,1.0,0.5,1.0,0.009,1.0,0.017,1.0,0.026,1.0,0.0,0.0,0.0,0.0,0.0,0.0,0.0,0.0
2023-05-29 11:00:00,DATAR1,2023-05-29 11:00:00,131121.0,5.0,1.0,4.0,1.0,0.01,1.0,0.002,1.0,0.4,1.0,0.009,1.0,0.016,1.0,0.025,1.0,0.0,0.0,0.0,0.0,0.0,0.0,0.0,0.0
2023-05-29 12:00:00,DATAR1,2023-05-29 12:00:00,131121.0,5.0,1.0,5.0,1.0,0.017,1.0,0.001,1.0,0.4,1.0,0.005,1.0,0.012,1.0,0.017,1.0,0.0,0.0,0.0,0.0,0.0,0.0,0.0,0.0
2023-05-29 13:00:00,DATAR1,2023-05-29 13:00:00,131121.0,15.0,1.0,5.0,1.0,0.023,1.0,0.001,1.0,0.4,1.0,0.003,1.0,0.008,1.0,0.011,1.0,0.0,0.0,0.0,0.0,0.0,0.0,0.0,0.0
2023-05-29 14:00:00,DATAR1,2023-05-29 14:00:00,131121.0,7.0,1.0,3.0,1.0,0.027,1.0,0.001,1.0,0.4,1.0,0.004,1.0,0.011,1.0,0.014,1.0,0.0,0.0,0.0,0.0,0.0,0.0,0.0,0.0
2023-05-29 15:00:00,DATAR1,2023-05-29 15:00:00,131121.0,12.0,1.0,4.0,1.0,0.03,1.0,0.001,1.0,0.4,1.0,0.003,1.0,0.008,1.0,0.011,1.0,0.0,0.0,0.0,0.0,0.0,0.0,0.0,0.0
2023-05-29 16:00:00,DATAR1,2023-05-29 16:00:00,131121.0,13.0,1.0,2.0,1.0,0.032,1.0,0.001,1.0,0.4,1.0,0.002,1.0,0.006,1.0,0.008,1.0,0.0,0.0,0.0,0.0,0.0,0.0,0.0,0.0
2023-05-29 17:00:00,DATAR1,2023-05-29 17:00:00,131121.0,6.0,1.0,4.0,1.0,0.033,1.0,0.001,1.0,0.3,1.0,0.002,1.0,0.005,1.0,0.006,1.0,0.0,0.0,0.0,0.0,0.0,0.0,0.0,0.0
2023-05-29 18:00:00,DATAR1,2023-05-29 18:00:00,131121.0,20.0,1.0,3.0,1.0,0.031,1.0,0.001,1.0,0.3,1.0,0.002,1.0,0.01,1.0,0.012,1.0,0.0,0.0,0.0,0.0,0.0,0.0,0.0,0.0
2023-05-29 19:00:00,DATAR1,2023-05-29 19:00:00,131121.0,21.0,1.0,5.0,1.0,0.032,1.0,0.001,1.0,0.4,1.0,0.002,1.0,0.01,1.0,0.012,1.0,0.0,0.0,0.0,0.0,0.0,0.0,0.0,0.0
2023-05-29 20:00:00,DATAR1,2023-05-29 20:00:00,131121.0,26.0,1.0,5.0,1.0,0.027,1.0,0.001,1.0,0.4,1.0,0.002,1.0,0.014,1.0,0.016,1.0,0.0,0.0,0.0,0.0,0.0,0.0,0.0,0.0
2023-05-29 21:00:00,DATAR1,2023-05-29 21:00:00,131121.0,24.0,1.0,5.0,1.0,0.024,1.0,0.001,1.0,0.4,1.0,0.002,1.0,0.014,1.0,0.016,1.0,0.0,0.0,0.0,0.0,0.0,0.0,0.0,0.0
2023-05-29 22:00:00,DATAR1,2023-05-29 22:00:00,131121.0,23.0,1.0,13.0,1.0,0.016,1.0,0.001,1.0,0.5,1.0,0.002,1.0,0.016,1.0,0.019,1.0,0.0,0.0,0.0,0.0,0.0,0.0,0.0,0.0
2023-05-29 23:00:00,DATAR1,2023-05-29 23:00:00,131121.0,21.0,1.0,6.0,1.0,0.014,1.0,0.001,1.0,0.6,1.0,0.002,1.0,0.017,1.0,0.02,1.0,0.0,0.0,0.0,0.0,0.0,0.0,0.0,0.0
2023-05-30 00:00:00,DATAR1,2023-05-30 00:00:00,131121.0,29.0,1.0,9.0,1.0,0.016,1.0,0.001,1.0,0.5,1.0,0.002,1.0,0.016,1.0,0.018,1.0,0.0,0.0,0.0,0.0,0.0,0.0,0.0,0.0
2023-05-30 01:00:00,DATAR1,2023-05-30 01:00:00,131121.0,34.0,1.0,7.0,1.0,0.012,1.0,0.001,1.0,0.5,1.0,0.002,1.0,0.013,1.0,0.015,1.0,0.0,0.0,0.0,0.0,0.0,0.0,0.0,0.0
2023-05-30 02:00:00,DATAR1,2023-05-30 02:00:00,131121.0,28.0,1.0,12.0,1.0,0.008,1.0,0.001,1.0,0.5,1.0,0.002,1.0,0.012,1.0,0.014,1.0,0.0,0.0,0.0,0.0,0.0,0.0,0.0,0.0
2023-05-30 03:00:00,DATAR1,2023-05-30 03:00:00,131121.0,40.0,1.0,10.0,1.0,0.007,1.0,0.001,1.0,0.5,1.0,0.002,1.0,0.014,1.0,0.016,1.0,0.0,0.0,0.0,0.0,0.0,0.0,0.0,0.0
2023-05-30 04:00:00,DATAR1,2023-05-30 04:00:00,131121.0,30.0,1.0,8.0,1.0,0.001,1.0,0.002,1.0,0.6,1.0,0.011,1.0,0.022,1.0,0.032,1.0,0.0,0.0,0.0,0.0,0.0,0.0,0.0,0.0
2023-05-30 05:00:00,DATAR1,2023-05-30 05:00:00,131121.0,30.0,1.0,16.0,1.0,0.001,1.0,0.002,1.0,0.6,1.0,0.015,1.0,0.02,1.0,0.035,1.0,0.0,0.0,0.0,0.0,0.0,0.0,0.0,0.0
2023-05-30 06:00:00,DATAR1,2023-05-30 06:00:00,131121.0,28.0,1.0,12.0,1.0,0.002,1.0,0.001,1.0,0.5,1.0,0.012,1.0,0.019,1.0,0.031,1.0,0.0,0.0,0.0,0.0,0.0,0.0,0.0,0.0
2023-05-30 07:00:00,DATAR1,2023-05-30 07:00:00,131121.0,22.0,1.0,9.0,1.0,0.002,1.0,0.002,1.0,0.6,1.0,0.019,1.0,0.02,1.0,0.039,1.0,0.0,0.0,0.0,0.0,0.0,0.0,0.0,0.0
2023-05-30 08:00:00,DATAR1,2023-05-30 08:00:00,131121.0,26.0,1.0,10.0,1.0,0.004,1.0,0.002,1.0,0.6,1.0,0.023,1.0,0.022,1.0,0.046,1.0,0.0,0.0,0.0,0.0,0.0,0.0,0.0,0.0
2023-05-30 09:00:00,DATAR1,2023-05-30 09:00:00,131121.0,38.0,1.0,13.0,1.0,0.005,1.0,0.002,1.0,0.7,1.0,0.02,1.0,0.027,1.0,0.046,1.0,0.0,0.0,0.0,0.0,0.0,0.0,0.0,0.0
2023-05-30 10:00:00,DATAR1,2023-05-30 10:00:00,131121.0,19.0,1.0,13.0,1.0,0.019,1.0,0.002,1.0,0.6,1.0,0.009,1.0,0.015,1.0,0.024,1.0,0.0,0.0,0.0,0.0,0.0,0.0,0.0,0.0
2023-05-30 11:00:00,DATAR1,2023-05-30 11:00:00,131121.0,8.0,1.0,5.0,1.0,0.03,1.0,0.001,1.0,0.4,1.0,0.003,1.0,0.007,1.0,0.01,1.0,0.0,0.0,0.0,0.0,0.0,0.0,0.0,0.0
2023-05-30 12:00:00,DATAR1,2023-05-30 12:00:00,131121.0,25.0,1.0,13.0,1.0,0.036,1.0,0.001,1.0,0.4,1.0,0.002,1.0,0.006,1.0,0.008,1.0,0.0,0.0,0.0,0.0,0.0,0.0,0.0,0.0
2023-05-30 13:00:00,DATAR1,2023-05-30 13:00:00,131121.0,31.0,1.0,9.0,1.0,0.038,1.0,0.001,1.0,0.3,1.0,0.002,1.0,0.006,1.0,0.007,1.0,0.0,0.0,0.0,0.0,0.0,0.0,0.0,0.0
2023-05-30 14:00:00,DATAR1,2023-05-30 14:00:00,131121.0,27.0,1.0,12.0,1.0,0.0412,1.0,0.0013,1.0,0.33,1.0,0.0014,1.0,0.0053,1.0,0.0066,1.0,0.0,0.0,0.0,0.0,0.0,0.0,0.0,0.0
2023-05-30 15:00:00,DATAR1,2023-05-30 15:00:00,131121.0,48.0,1.0,15.0,1.0,0.0368,1.0,0.0012,1.0,0.35,1.0,0.0013,1.0,0.0067,1.0,0.008,1.0,0.0,0.0,0.0,0.0,0.0,0.0,0.0,0.0
2023-05-30 16:00:00,DATAR1,2023-05-30 16:00:00,131121.0,49.0,1.0,15.0,1.0,0.0343,1.0,0.0013,1.0,0.23,1.0,0.0015,1.0,0.0079,1.0,0.0093,1.0,0.0,0.0,0.0,0.0,0.0,0.0,0.0,0.0
2023-05-30 17:00:00,DATAR1,2023-05-30 17:00:00,131121.0,33.0,1.0,13.0,1.0,0.0289,1.0,0.0012,1.0,0.46,1.0,0.0021,1.0,0.0102,1.0,0.0122,1.0,0.0,0.0,0.0,0.0,0.0,0.0,0.0,0.0
2023-05-30 18:00:00,DATAR1,2023-05-30 18:00:00,131121.0,34.0,1.0,16.0,1.0,0.0338,1.0,0.0012,1.0,0.43,1.0,0.0019,1.0,0.0085,1.0,0.0104,1.0,0.0,0.0,0.0,0.0,0.0,0.0,0.0,0.0
2023-05-30 19:00:00,DATAR1,2023-05-30 19:00:00,131121.0,30.0,1.0,14.0,1.0,0.0428,1.0,0.0012,1.0,0.36,1.0,0.0017,1.0,0.0074,1.0,0.0091,1.0,0.0,0.0,0.0,0.0,0.0,0.0,0.0,0.0
2023-05-30 20:00:00,DATAR1,2023-05-30 20:00:00,131121.0,35.0,1.0,14.0,1.0,0.033,1.0,0.0011,1.0,0.4,1.0,0.0015,1.0,0.0155,1.0,0.017,1.0,0.0,0.0,0.0,0.0,0.0,0.0,0.0,0.0
2023-05-30 21:00:00,DATAR1,2023-05-30 21:00:00,131121.0,36.0,1.0,17.0,1.0,0.033,1.0,0.0012,1.0,0.36,1.0,0.0012,1.0,0.0125,1.0,0.0137,1.0,0.0,0.0,0.0,0.0,0.0,0.0,0.0,0.0
2023-05-30 22:00:00,DATAR1,2023-05-30 22:00:00,131121.0,31.0,1.0,17.0,1.0,0.0317,1.0,0.0013,1.0,0.35,1.0,0.0013,1.0,0.0096,1.0,0.0109,1.0,0.0,0.0,0.0,0.0,0.0,0.0,0.0,0.0
2023-05-30 23:00:00,DATAR1,2023-05-30 23:00:00,131121.0,28.0,1.0,11.0,1.0,0.0342,1.0,0.0012,1.0,0.32,1.0,0.0015,1.0,0.0077,1.0,0.0091,1.0,0.0,0.0,0.0,0.0,0.0,0.0,0.0,0.0
2023-05-31 00:00:00,DATAR1,2023-05-31 00:00:00,131121.0,25.0,1.0,12.0,1.0,0.0297,1.0,0.0013,1.0,0.34,1.0,0.0013,1.0,0.0091,1.0,0.0104,1.0,0.0,0.0,0.0,0.0,0.0,0.0,0.0,0.0
2023-05-31 01:00:00,DATAR1,2023-05-31 01:00:00,131121.0,28.0,1.0,11.0,1.0,0.027,1.0,0.0012,1.0,0.41,1.0,0.0016,1.0,0.0101,1.0,0.0117,1.0,0.0,0.0,0.0,0.0,0.0,0.0,0.0,0.0
2023-05-31 02:00:00,DATAR1,2023-05-31 02:00:00,131121.0,24.0,1.0,8.0,1.0,0.0303,1.0,0.0015,1.0,0.39,1.0,0.0015,1.0,0.009,1.0,0.0105,1.0,0.0,0.0,0.0,0.0,0.0,0.0,0.0,0.0
2023-05-31 03:00:00,DATAR1,2023-05-31 03:00:00,131121.0,24.0,1.0,9.0,1.0,0.0346,1.0,0.0017,1.0,0.36,1.0,0.0012,1.0,0.008,1.0,0.0092,1.0,0.0,0.0,0.0,0.0,0.0,0.0,0.0,0.0
2023-05-31 04:00:00,DATAR1,2023-05-31 04:00:00,131121.0,24.0,1.0,8.0,1.0,0.0374,1.0,0.0014,1.0,0.35,1.0,0.0009,1.0,0.0078,1.0,0.0087,1.0,0.0,0.0,0.0,0.0,0.0,0.0,0.0,0.0
2023-05-31 05:00:00,DATAR1,2023-05-31 05:00:00,131121.0,23.0,1.0,8.0,1.0,0.0369,1.0,0.0013,1.0,0.25,1.0,0.0012,1.0,0.0079,1.0,0.0091,1.0,0.0,0.0,0.0,0.0,0.0,0.0,0.0,0.0
2023-05-31 06:00:00,DATAR1,2023-05-31 06:00:00,131121.0,20.0,1.0,8.0,1.0,0.039,1.0,0.0014,1.0,0.23,1.0,0.001,1.0,0.0065,1.0,0.0075,1.0,0.0,0.0,0.0,0.0,0.0,0.0,0.0,0.0
2023-05-31 07:00:00,DATAR1,2023-05-31 07:00:00,131121.0,20.0,1.0,9.0,1.0,0.0348,1.0,0.0018,1.0,0.24,1.0,0.0022,1.0,0.0116,1.0,0.0138,1.0,0.0,0.0,0.0,0.0,0.0,0.0,0.0,0.0
2023-05-31 08:00:00,DATAR1,2023-05-31 08:00:00,131121.0,18.0,1.0,9.0,1.0,0.031,1.0,0.0018,1.0,0.31,1.0,0.0031,1.0,0.0147,1.0,0.0178,1.0,0.0,0.0,0.0,0.0,0.0,0.0,0.0,0.0
2023-05-31 09:00:00,DATAR1,2023-05-31 09:00:00,131121.0,22.0,1.0,13.0,1.0,0.032,1.0,0.0014,1.0,0.27,1.0,0.0028,1.0,0.0129,1.0,0.0157,1.0,0.0,0.0,0.0,0.0,0.0,0.0,0.0,0.0
2023-05-31 10:00:00,DATAR1,2023-05-31 10:00:00,131121.0,14.0,1.0,10.0,1.0,0.0344,1.0,0.0012,1.0,0.25,1.0,0.0033,1.0,0.012,1.0,0.0154,1.0,0.0,0.0,0.0,0.0,0.0,0.0,0.0,0.0
2023-05-31 11:00:00,DATAR1,2023-05-31 11:00:00,131121.0,20.0,1.0,12.0,1.0,0.0428,1.0,0.0014,1.0,0.27,1.0,0.0025,1.0,0.0089,1.0,0.0115,1.0,0.0,0.0,0.0,0.0,0.0,0.0,0.0,0.0
2023-05-31 12:00:00,DATAR1,2023-05-31 12:00:00,131121.0,,3.0,,3.0,,3.0,,3.0,,3.0,,3.0,,3.0,,3.0,0.0,0.0,0.0,0.0,0.0,0.0,0.0,0.0
2023-05-31 13:00:00,DATAR1,2023-05-31 13:00:00,131121.0,,3.0,,3.0,,3.0,,3.0,,3.0,,3.0,,3.0,,3.0,0.0,0.0,0.0,0.0,0.0,0.0,0.0,0.0
2023-05-31 14:00:00,DATAR1,2023-05-31 14:00:00,131121.0,20.0,1.0,11.0,1.0,0.0562,1.0,0.0012,1.0,,3.0,0.0012,1.0,0.0057,1.0,0.0069,1.0,0.0,0.0,0.0,0.0,0.0,0.0,0.0,0.0
2023-05-31 15:00:00,DATAR1,2023-05-31 15:00:00,131121.0,23.0,1.0,7.0,1.0,0.0622,1.0,0.0012,1.0,,3.0,0.0009,1.0,0.007,1.0,0.0078,1.0,0.0,0.0,0.0,0.0,0.0,0.0,0.0,0.0
2023-05-31 16:00:00,DATAR1,2023-05-31 16:00:00,131121.0,26.0,1.0,9.0,1.0,0.0686,1.0,0.0012,1.0,,3.0,0.0013,1.0,0.0084,1.0,0.0097,1.0,0.0,0.0,0.0,0.0,0.0,0.0,0.0,0.0
2023-05-31 17:00:00,DATAR1,2023-05-31 17:00:00,131121.0,31.0,1.0,10.0,1.0,0.071,1.0,0.0012,1.0,0.37,1.0,0.0015,1.0,0.0101,1.0,0.0116,1.0,0.0,0.0,0.0,0.0,0.0,0.0,0.0,0.0
2023-05-31 18:00:00,DATAR1,2023-05-31 18:00:00,131121.0,30.0,1.0,15.0,1.0,0.077,1.0,0.0012,1.0,0.39,1.0,0.0015,1.0,0.0113,1.0,0.0128,1.0,0.0,0.0,0.0,0.0,0.0,0.0,0.0,0.0
2023-05-31 19:00:00,DATAR1,2023-05-31 19:00:00,131121.0,42.0,1.0,13.0,1.0,0.0783,1.0,0.0013,1.0,0.33,1.0,0.0012,1.0,0.0136,1.0,0.0148,1.0,0.0,0.0,0.0,0.0,0.0,0.0,0.0,0.0
2023-05-31 20:00:00,DATAR1,2023-05-31 20:00:00,131121.0,55.0,1.0,21.0,1.0,0.0587,1.0,0.0016,1.0,0.42,1.0,0.0015,1.0,0.0168,1.0,0.0183,1.0,0.0,0.0,0.0,0.0,0.0,0.0,0.0,0.0
2023-05-31 21:00:00,DATAR1,2023-05-31 21:00:00,131121.0,49.0,1.0,20.0,1.0,0.0465,1.0,0.0016,1.0,0.41,1.0,0.0011,1.0,0.0145,1.0,0.0156,1.0,0.0,0.0,0.0,0.0,0.0,0.0,0.0,0.0
2023-05-31 22:00:00,DATAR1,2023-05-31 22:00:00,131121.0,31.0,1.0,17.0,1.0,0.0382,1.0,0.0015,1.0,0.42,1.0,0.0013,1.0,0.0155,1.0,0.0168,1.0,0.0,0.0,0.0,0.0,0.0,0.0,0.0,0.0
2023-05-31 23:00:00,DATAR1,2023-05-31 23:00:00,131121.0,35.0,1.0,16.0,1.0,0.0311,1.0,0.0015,1.0,0.49,1.0,0.0012,1.0,0.0188,1.0,0.02,1.0,0.0,0.0,0.0,0.0,0.0,0.0,0.0,0.0
2023-06-01 00:00:00,DATAR1,2023-06-01 00:00:00,131121.0,37.0,1.0,13.0,1.0,0.033,1.0,0.0016,1.0,0.47,1.0,0.0015,1.0,0.017,1.0,0.0185,1.0,0.0,0.0,0.0,0.0,0.0,0.0,0.0,0.0
2023-06-01 01:00:00,DATAR1,2023-06-01 01:00:00,131121.0,48.0,1.0,12.0,1.0,0.0339,1.0,0.0017,1.0,0.47,1.0,0.0015,1.0,0.0139,1.0,0.0154,1.0,0.0,0.0,0.0,0.0,0.0,0.0,0.0,0.0
2023-06-01 02:00:00,DATAR1,2023-06-01 02:00:00,131121.0,37.0,1.0,19.0,1.0,0.0337,1.0,0.0017,1.0,0.44,1.0,0.0015,1.0,0.0127,1.0,0.0142,1.0,0.0,0.0,0.0,0.0,0.0,0.0,0.0,0.0
2023-06-01 03:00:00,DATAR1,2023-06-01 03:00:00,131121.0,40.0,1.0,17.0,1.0,0.0237,1.0,0.0016,1.0,0.5,1.0,0.0014,1.0,0.0181,1.0,0.0196,1.0,0.0,0.0,0.0,0.0,0.0,0.0,0.0,0.0
2023-06-01 04:00:00,DATAR1,2023-06-01 04:00:00,131121.0,34.0,1.0,18.0,1.0,0.0191,1.0,0.0014,1.0,0.5,1.0,0.0016,1.0,0.0191,1.0,0.0207,1.0,0.0,0.0,0.0,0.0,0.0,0.0,0.0,0.0
2023-06-01 05:00:00,DATAR1,2023-06-01 05:00:00,131121.0,37.0,1.0,20.0,1.0,0.014,1.0,0.0014,1.0,0.51,1.0,0.0015,1.0,0.0225,1.0,0.0239,1.0,0.0,0.0,0.0,0.0,0.0,0.0,0.0,0.0
2023-06-01 06:00:00,DATAR1,2023-06-01 06:00:00,131121.0,43.0,1.0,22.0,1.0,0.0072,1.0,0.0014,1.0,0.54,1.0,0.0044,1.0,0.03,1.0,0.0344,1.0,0.0,0.0,0.0,0.0,0.0,0.0,0.0,0.0
2023-06-01 07:00:00,DATAR1,2023-06-01 07:00:00,131121.0,43.0,1.0,20.0,1.0,0.0088,1.0,0.0015,1.0,0.45,1.0,0.0077,1.0,0.0302,1.0,0.0379,1.0,0.0,0.0,0.0,0.0,0.0,0.0,0.0,0.0
2023-06-01 08:00:00,DATAR1,2023-06-01 08:00:00,131121.0,36.0,1.0,20.0,1.0,0.0137,1.0,0.0017,1.0,0.5,1.0,0.0071,1.0,0.0259,1.0,0.033,1.0,0.0,0.0,0.0,0.0,0.0,0.0,0.0,0.0
2023-06-01 09:00:00,DATAR1,2023-06-01 09:00:00,131121.0,37.0,1.0,21.0,1.0,0.0143,1.0,0.0018,1.0,0.43,1.0,0.011,1.0,0.0261,1.0,0.0372,1.0,0.0,0.0,0.0,0.0,0.0,0.0,0.0,0.0
2023-06-01 10:00:00,DATAR1,2023-06-01 10:00:00,131121.0,42.0,1.0,18.0,1.0,0.024,1.0,0.0018,1.0,0.42,1.0,0.0073,1.0,0.0233,1.0,0.0306,1.0,0.0,0.0,0.0,0.0,0.0,0.0,0.0,0.0
2023-06-01 11:00:00,DATAR1,2023-06-01 11:00:00,131121.0,44.0,1.0,20.0,1.0,0.0321,1.0,0.0018,1.0,0.53,1.0,0.0059,1.0,0.0236,1.0,0.0296,1.0,0.0,0.0,0.0,0.0,0.0,0.0,0.0,0.0
2023-06-01 12:00:00,DATAR1,2023-06-01 12:00:00,131121.0,36.0,1.0,18.0,1.0,0.0422,1.0,0.0018,1.0,0.57,1.0,0.006,1.0,0.0225,1.0,0.0285,1.0,0.0,0.0,0.0,0.0,0.0,0.0,0.0,0.0
2023-06-01 13:00:00,DATAR1,2023-06-01 13:00:00,131121.0,41.0,1.0,17.0,1.0,0.0455,1.0,0.0018,1.0,0.46,1.0,0.004,1.0,0.0236,1.0,0.0276,1.0,0.0,0.0,0.0,0.0,0.0,0.0,0.0,0.0
2023-06-01 14:00:00,DATAR1,2023-06-01 14:00:00,131121.0,44.0,1.0,22.0,1.0,0.0556,1.0,0.0016,1.0,0.44,1.0,0.0028,1.0,0.0206,1.0,0.0234,1.0,0.0,0.0,0.0,0.0,0.0,0.0,0.0,0.0
2023-06-01 15:00:00,DATAR1,2023-06-01 15:00:00,131121.0,53.0,1.0,23.0,1.0,0.0664,1.0,0.0015,1.0,0.45,1.0,0.0022,1.0,0.0177,1.0,0.0199,1.0,0.0,0.0,0.0,0.0,0.0,0.0,0.0,0.0
2023-06-01 16:00:00,DATAR1,2023-06-01 16:00:00,131121.0,58.0,1.0,21.0,1.0,0.066,1.0,0.0015,1.0,0.43,1.0,0.0022,1.0,0.0238,1.0,0.0259,1.0,0.0,0.0,0.0,0.0,0.0,0.0,0.0,0.0
2023-06-01 17:00:00,DATAR1,2023-06-01 17:00:00,131121.0,46.0,1.0,25.0,1.0,0.0768,1.0,0.0016,1.0,0.47,1.0,0.0017,1.0,0.0174,1.0,0.0191,1.0,0.0,0.0,0.0,0.0,0.0,0.0,0.0,0.0
2023-06-01 18:00:00,DATAR1,2023-06-01 18:00:00,131121.0,54.0,1.0,23.0,1.0,0.0796,1.0,0.0016,1.0,0.49,1.0,0.0014,1.0,0.0166,1.0,0.0179,1.0,0.0,0.0,0.0,0.0,0.0,0.0,0.0,0.0
2023-06-01 19:00:00,DATAR1,2023-06-01 19:00:00,131121.0,57.0,1.0,23.0,1.0,0.0798,1.0,0.0016,1.0,0.42,1.0,0.0013,1.0,0.0196,1.0,0.0209,1.0,0.0,0.0,0.0,0.0,0.0,0.0,0.0,0.0
2023-06-01 20:00:00,DATAR1,2023-06-01 20:00:00,131121.0,61.0,1.0,25.0,1.0,0.071,1.0,0.0017,1.0,0.43,1.0,0.0013,1.0,0.0235,1.0,0.0248,1.0,0.0,0.0,0.0,0.0,0.0,0.0,0.0,0.0
2023-06-01 21:00:00,DATAR1,2023-06-01 21:00:00,131121.0,56.0,1.0,25.0,1.0,0.0528,1.0,0.0018,1.0,0.54,1.0,0.0013,1.0,0.0269,1.0,0.0282,1.0,0.0,0.0,0.0,0.0,0.0,0.0,0.0,0.0
2023-06-01 22:00:00,DATAR1,2023-06-01 22:00:00,131121.0,42.0,1.0,22.0,1.0,0.0465,1.0,0.002,1.0,0.61,1.0,0.0012,1.0,0.0262,1.0,0.0274,1.0,0.0,0.0,0.0,0.0,0.0,0.0,0.0,0.0
2023-06-01 23:00:00,DATAR1,2023-06-01 23:00:00,131121.0,42.0,1.0,24.0,1.0,0.0478,1.0,0.0022,1.0,0.49,1.0,0.0015,1.0,0.02,1.0,0.0214,1.0,0.0,0.0,0.0,0.0,0.0,0.0,0.0,0.0
2023-06-02 00:00:00,DATAR1,2023-06-02 00:00:00,131121.0,33.0,1.0,24.0,1.0,0.0356,1.0,0.0022,1.0,0.42,1.0,0.0015,1.0,0.0188,1.0,0.0203,1.0,0.0,0.0,0.0,0.0,0.0,0.0,0.0,0.0
2023-06-02 01:00:00,DATAR1,2023-06-02 01:00:00,131121.0,46.0,1.0,24.0,1.0,0.0354,1.0,0.0021,1.0,0.36,1.0,0.0015,1.0,0.017,1.0,0.0185,1.0,0.0,0.0,0.0,0.0,0.0,0.0,0.0,0.0
2023-06-02 02:00:00,DATAR1,2023-06-02 02:00:00,131121.0,34.0,1.0,22.0,1.0,0.0378,1.0,0.0019,1.0,0.36,1.0,0.0013,1.0,0.0137,1.0,0.0149,1.0,0.0,0.0,0.0,0.0,0.0,0.0,0.0,0.0
2023-06-02 03:00:00,DATAR1,2023-06-02 03:00:00,131121.0,33.0,1.0,22.0,1.0,0.0355,1.0,0.0018,1.0,0.45,1.0,0.0012,1.0,0.0127,1.0,0.014,1.0,0.0,0.0,0.0,0.0,0.0,0.0,0.0,0.0
2023-06-02 04:00:00,DATAR1,2023-06-02 04:00:00,131121.0,37.0,1.0,18.0,1.0,0.0259,1.0,0.0019,1.0,0.51,1.0,0.0014,1.0,0.0177,1.0,0.0191,1.0,0.0,0.0,0.0,0.0,0.0,0.0,0.0,0.0
2023-06-02 05:00:00,DATAR1,2023-06-02 05:00:00,131121.0,32.0,1.0,18.0,1.0,0.0264,1.0,0.0018,1.0,0.48,1.0,0.0012,1.0,0.0153,1.0,0.0165,1.0,0.0,0.0,0.0,0.0,0.0,0.0,0.0,0.0
2023-06-02 06:00:00,DATAR1,2023-06-02 06:00:00,131121.0,28.0,1.0,17.0,1.0,0.0287,1.0,0.0019,1.0,0.47,1.0,0.0012,1.0,0.0172,1.0,0.0185,1.0,0.0,0.0,0.0,0.0,0.0,0.0,0.0,0.0
2023-06-02 07:00:00,DATAR1,2023-06-02 07:00:00,131121.0,30.0,1.0,18.0,1.0,0.0259,1.0,0.002,1.0,0.55,1.0,0.0026,1.0,0.0249,1.0,0.0275,1.0,0.0,0.0,0.0,0.0,0.0,0.0,0.0,0.0
2023-06-02 08:00:00,DATAR1,2023-06-02 08:00:00,131121.0,23.0,1.0,16.0,1.0,0.0335,1.0,0.0021,1.0,0.51,1.0,0.0039,1.0,0.0233,1.0,0.0271,1.0,0.0,0.0,0.0,0.0,0.0,0.0,0.0,0.0
2023-06-02 09:00:00,DATAR1,2023-06-02 09:00:00,131121.0,22.0,1.0,15.0,1.0,0.0334,1.0,0.0021,1.0,0.42,1.0,0.0048,1.0,0.0242,1.0,0.0289,1.0,0.0,0.0,0.0,0.0,0.0,0.0,0.0,0.0
2023-06-02 10:00:00,DATAR1,2023-06-02 10:00:00,131121.0,33.0,1.0,18.0,1.0,0.0346,1.0,0.0018,1.0,0.43,1.0,0.005,1.0,0.0249,1.0,0.03,1.0,0.0,0.0,0.0,0.0,0.0,0.0,0.0,0.0
2023-06-02 11:00:00,DATAR1,2023-06-02 11:00:00,131121.0,36.0,1.0,18.0,1.0,0.0363,1.0,0.0015,1.0,0.4,1.0,0.004,1.0,0.021,1.0,0.025,1.0,0.0,0.0,0.0,0.0,0.0,0.0,0.0,0.0
2023-06-02 12:00:00,DATAR1,2023-06-02 12:00:00,131121.0,35.0,1.0,14.0,1.0,0.0423,1.0,0.0015,1.0,0.38,1.0,0.0037,1.0,0.0193,1.0,0.023,1.0,0.0,0.0,0.0,0.0,0.0,0.0,0.0,0.0
2023-06-02 13:00:00,DATAR1,2023-06-02 13:00:00,131121.0,41.0,1.0,17.0,1.0,0.0441,1.0,0.0015,1.0,0.46,1.0,0.0025,1.0,0.0186,1.0,0.021,1.0,0.0,0.0,0.0,0.0,0.0,0.0,0.0,0.0
2023-06-02 14:00:00,DATAR1,2023-06-02 14:00:00,131121.0,39.0,1.0,18.0,1.0,0.041,1.0,0.0015,1.0,0.43,1.0,0.0031,1.0,0.0211,1.0,0.0242,1.0,0.0,0.0,0.0,0.0,0.0,0.0,0.0,0.0
2023-06-02 15:00:00,DATAR1,2023-06-02 15:00:00,131121.0,40.0,1.0,16.0,1.0,0.0471,1.0,0.0016,1.0,0.42,1.0,0.0028,1.0,0.0162,1.0,0.019,1.0,0.0,0.0,0.0,0.0,0.0,0.0,0.0,0.0
2023-06-02 16:00:00,DATAR1,2023-06-02 16:00:00,131121.0,34.0,1.0,16.0,1.0,0.0579,1.0,0.0015,1.0,0.49,1.0,0.0022,1.0,0.0129,1.0,0.015,1.0,0.0,0.0,0.0,0.0,0.0,0.0,0.0,0.0
2023-06-02 17:00:00,DATAR1,2023-06-02 17:00:00,131121.0,53.0,1.0,15.0,1.0,0.06,1.0,0.0015,1.0,0.34,1.0,0.0021,1.0,0.0136,1.0,0.0157,1.0,0.0,0.0,0.0,0.0,0.0,0.0,0.0,0.0
2023-06-02 18:00:00,DATAR1,2023-06-02 18:00:00,131121.0,54.0,1.0,13.0,1.0,0.0572,1.0,0.0015,1.0,0.35,1.0,0.0018,1.0,0.0135,1.0,0.0152,1.0,0.0,0.0,0.0,0.0,0.0,0.0,0.0,0.0
2023-06-02 19:00:00,DATAR1,2023-06-02 19:00:00,131121.0,60.0,1.0,17.0,1.0,0.0494,1.0,0.0016,1.0,0.34,1.0,0.0017,1.0,0.0167,1.0,0.0184,1.0,0.0,0.0,0.0,0.0,0.0,0.0,0.0,0.0
2023-06-02 20:00:00,DATAR1,2023-06-02 20:00:00,131121.0,48.0,1.0,16.0,1.0,0.0414,1.0,0.0017,1.0,0.31,1.0,0.0011,1.0,0.0176,1.0,0.0187,1.0,0.0,0.0,0.0,0.0,0.0,0.0,0.0,0.0
2023-06-02 21:00:00,DATAR1,2023-06-02 21:00:00,131121.0,38.0,1.0,15.0,1.0,0.0391,1.0,0.0016,1.0,0.4,1.0,0.0012,1.0,0.0181,1.0,0.0193,1.0,0.0,0.0,0.0,0.0,0.0,0.0,0.0,0.0
2023-06-02 22:00:00,DATAR1,2023-06-02 22:00:00,131121.0,35.0,1.0,16.0,1.0,0.0375,1.0,0.0016,1.0,0.42,1.0,0.0011,1.0,0.0176,1.0,0.0187,1.0,0.0,0.0,0.0,0.0,0.0,0.0,0.0,0.0
2023-06-02 23:00:00,DATAR1,2023-06-02 23:00:00,131121.0,35.0,1.0,14.0,1.0,0.0333,1.0,0.0017,1.0,0.53,1.0,0.0014,1.0,0.0185,1.0,0.0199,1.0,0.0,0.0,0.0,0.0,0.0,0.0,0.0,0.0
2023-06-03 00:00:00,DATAR1,2023-06-03 00:00:00,131121.0,30.0,1.0,14.0,1.0,0.0305,1.0,0.0017,1.0,0.58,1.0,0.0012,1.0,0.0176,1.0,0.0188,1.0,0.0,0.0,0.0,0.0,0.0,0.0,0.0,0.0
2023-06-03 01:00:00,DATAR1,2023-06-03 01:00:00,131121.0,32.0,1.0,20.0,1.0,0.0263,1.0,0.0016,1.0,0.41,1.0,0.0011,1.0,0.0159,1.0,0.017,1.0,0.0,0.0,0.0,0.0,0.0,0.0,0.0,0.0
2023-06-03 02:00:00,DATAR1,2023-06-03 02:00:00,131121.0,38.0,1.0,17.0,1.0,0.0231,1.0,0.0015,1.0,0.4,1.0,0.0011,1.0,0.0179,1.0,0.019,1.0,0.0,0.0,0.0,0.0,0.0,0.0,0.0,0.0
2023-06-03 03:00:00,DATAR1,2023-06-03 03:00:00,131121.0,41.0,1.0,19.0,1.0,0.0224,1.0,0.0015,1.0,0.44,1.0,0.0011,1.0,0.0177,1.0,0.0188,1.0,0.0,0.0,0.0,0.0,0.0,0.0,0.0,0.0
2023-06-03 04:00:00,DATAR1,2023-06-03 04:00:00,131121.0,36.0,1.0,19.0,1.0,0.0196,1.0,0.0015,1.0,0.48,1.0,0.001,1.0,0.0161,1.0,0.0171,1.0,0.0,0.0,0.0,0.0,0.0,0.0,0.0,0.0
2023-06-03 05:00:00,DATAR1,2023-06-03 05:00:00,131121.0,39.0,1.0,17.0,1.0,0.0157,1.0,0.0017,1.0,0.53,1.0,0.0011,1.0,0.02,1.0,0.0212,1.0,0.0,0.0,0.0,0.0,0.0,0.0,0.0,0.0
2023-06-03 06:00:00,DATAR1,2023-06-03 06:00:00,131121.0,30.0,1.0,15.0,1.0,0.0097,1.0,0.002,1.0,0.55,1.0,0.0022,1.0,0.0255,1.0,0.0277,1.0,0.0,0.0,0.0,0.0,0.0,0.0,0.0,0.0
2023-06-03 07:00:00,DATAR1,2023-06-03 07:00:00,131121.0,32.0,1.0,16.0,1.0,0.0118,1.0,0.0021,1.0,0.45,1.0,0.0063,1.0,0.0254,1.0,0.0317,1.0,0.0,0.0,0.0,0.0,0.0,0.0,0.0,0.0
2023-06-03 08:00:00,DATAR1,2023-06-03 08:00:00,131121.0,20.0,1.0,15.0,1.0,0.0285,1.0,0.002,1.0,0.36,1.0,0.0036,1.0,0.0141,1.0,0.0177,1.0,0.0,0.0,0.0,0.0,0.0,0.0,0.0,0.0
2023-06-03 09:00:00,DATAR1,2023-06-03 09:00:00,131121.0,21.0,1.0,13.0,1.0,0.0318,1.0,0.0021,1.0,0.43,1.0,0.0039,1.0,0.0154,1.0,0.0193,1.0,0.0,0.0,0.0,0.0,0.0,0.0,0.0,0.0
2023-06-03 10:00:00,DATAR1,2023-06-03 10:00:00,131121.0,35.0,1.0,16.0,1.0,0.0384,1.0,0.0021,1.0,0.35,1.0,0.0039,1.0,0.0153,1.0,0.0192,1.0,0.0,0.0,0.0,0.0,0.0,0.0,0.0,0.0
2023-06-03 11:00:00,DATAR1,2023-06-03 11:00:00,131121.0,30.0,1.0,12.0,1.0,,2.0,0.0019,1.0,0.32,1.0,0.0032,1.0,0.015,1.0,0.0182,1.0,0.0,0.0,0.0,0.0,0.0,0.0,0.0,0.0
2023-06-03 12:00:00,DATAR1,2023-06-03 12:00:00,131121.0,29.0,1.0,10.0,1.0,,2.0,0.0017,1.0,0.27,1.0,0.0023,1.0,0.0102,1.0,0.0126,1.0,0.0,0.0,0.0,0.0,0.0,0.0,0.0,0.0
2023-06-03 13:00:00,DATAR1,2023-06-03 13:00:00,131121.0,46.0,1.0,7.0,1.0,,2.0,0.0018,1.0,0.24,1.0,0.0018,1.0,0.0086,1.0,0.0103,1.0,0.0,0.0,0.0,0.0,0.0,0.0,0.0,0.0
2023-06-03 14:00:00,DATAR1,2023-06-03 14:00:00,131121.0,43.0,1.0,11.0,1.0,,2.0,0.0019,1.0,0.24,1.0,0.0016,1.0,0.0078,1.0,0.0094,1.0,0.0,0.0,0.0,0.0,0.0,0.0,0.0,0.0
2023-06-03 15:00:00,DATAR1,2023-06-03 15:00:00,131121.0,38.0,1.0,9.0,1.0,,2.0,0.0019,1.0,0.33,1.0,0.0014,1.0,0.008,1.0,0.0095,1.0,0.0,0.0,0.0,0.0,0.0,0.0,0.0,0.0
2023-06-03 16:00:00,DATAR1,2023-06-03 16:00:00,131121.0,38.0,1.0,5.0,1.0,,2.0,0.002,1.0,0.36,1.0,0.0015,1.0,0.0084,1.0,0.0099,1.0,0.0,0.0,0.0,0.0,0.0,0.0,0.0,0.0
2023-06-03 17:00:00,DATAR1,2023-06-03 17:00:00,131121.0,46.0,1.0,9.0,1.0,,2.0,0.002,1.0,0.29,1.0,0.0014,1.0,0.01,1.0,0.0114,1.0,0.0,0.0,0.0,0.0,0.0,0.0,0.0,0.0
2023-06-03 18:00:00,DATAR1,2023-06-03 18:00:00,131121.0,42.0,1.0,14.0,1.0,,2.0,0.0022,1.0,0.34,1.0,0.0017,1.0,0.0099,1.0,0.0115,1.0,0.0,0.0,0.0,0.0,0.0,0.0,0.0,0.0
2023-06-03 19:00:00,DATAR1,2023-06-03 19:00:00,131121.0,44.0,1.0,13.0,1.0,,2.0,0.0021,1.0,0.33,1.0,0.0011,1.0,0.0104,1.0,0.0116,1.0,0.0,0.0,0.0,0.0,0.0,0.0,0.0,0.0
2023-06-03 20:00:00,DATAR1,2023-06-03 20:00:00,131121.0,40.0,1.0,10.0,1.0,,2.0,0.002,1.0,0.3,1.0,0.0008,1.0,0.0104,1.0,0.0112,1.0,0.0,0.0,0.0,0.0,0.0,0.0,0.0,0.0
2023-06-03 21:00:00,DATAR1,2023-06-03 21:00:00,131121.0,27.0,1.0,11.0,1.0,,2.0,0.0021,1.0,0.32,1.0,0.0011,1.0,0.0093,1.0,0.0104,1.0,0.0,0.0,0.0,0.0,0.0,0.0,0.0,0.0
2023-06-03 22:00:00,DATAR1,2023-06-03 22:00:00,131121.0,27.0,1.0,12.0,1.0,,2.0,0.0022,1.0,0.38,1.0,0.0011,1.0,0.0119,1.0,0.0131,1.0,0.0,0.0,0.0,0.0,0.0,0.0,0.0,0.0
2023-06-03 23:00:00,DATAR1,2023-06-03 23:00:00,131121.0,38.0,1.0,14.0,1.0,,2.0,0.0023,1.0,0.3,1.0,0.0011,1.0,0.0139,1.0,0.015,1.0,0.0,0.0,0.0,0.0,0.0,0.0,0.0,0.0
2023-06-04 00:00:00,DATAR1,2023-06-04 00:00:00,131121.0,48.0,1.0,16.0,1.0,,2.0,0.0023,1.0,0.34,1.0,0.0007,1.0,0.0121,1.0,0.0127,1.0,0.0,0.0,0.0,0.0,0.0,0.0,0.0,0.0
2023-06-04 01:00:00,DATAR1,2023-06-04 01:00:00,131121.0,42.0,1.0,16.0,1.0,,2.0,0.0023,1.0,0.42,1.0,0.0009,1.0,0.0094,1.0,0.0104,1.0,0.0,0.0,0.0,0.0,0.0,0.0,0.0,0.0
2023-06-04 02:00:00,DATAR1,2023-06-04 02:00:00,131121.0,45.0,1.0,19.0,1.0,,2.0,0.0021,1.0,0.42,1.0,0.0008,1.0,0.0102,1.0,0.0109,1.0,0.0,0.0,0.0,0.0,0.0,0.0,0.0,0.0
2023-06-04 03:00:00,DATAR1,2023-06-04 03:00:00,131121.0,39.0,1.0,22.0,1.0,,2.0,0.0022,1.0,0.41,1.0,0.0013,1.0,0.0086,1.0,0.0098,1.0,0.0,0.0,0.0,0.0,0.0,0.0,0.0,0.0
2023-06-04 04:00:00,DATAR1,2023-06-04 04:00:00,131121.0,47.0,1.0,23.0,1.0,,2.0,0.0021,1.0,0.43,1.0,0.0009,1.0,0.0082,1.0,0.0091,1.0,0.0,0.0,0.0,0.0,0.0,0.0,0.0,0.0
2023-06-04 05:00:00,DATAR1,2023-06-04 05:00:00,131121.0,40.0,1.0,22.0,1.0,,2.0,0.002,1.0,0.47,1.0,0.001,1.0,0.008,1.0,0.009,1.0,0.0,0.0,0.0,0.0,0.0,0.0,0.0,0.0
2023-06-04 06:00:00,DATAR1,2023-06-04 06:00:00,131121.0,42.0,1.0,22.0,1.0,,2.0,0.0021,1.0,0.54,1.0,0.0009,1.0,0.0083,1.0,0.0093,1.0,0.0,0.0,0.0,0.0,0.0,0.0,0.0,0.0
2023-06-04 07:00:00,DATAR1,2023-06-04 07:00:00,131121.0,43.0,1.0,21.0,1.0,,2.0,0.0023,1.0,0.51,1.0,0.0012,1.0,0.0098,1.0,0.011,1.0,0.0,0.0,0.0,0.0,0.0,0.0,0.0,0.0
2023-06-04 08:00:00,DATAR1,2023-06-04 08:00:00,131121.0,38.0,1.0,20.0,1.0,,2.0,0.0025,1.0,0.51,1.0,0.0012,1.0,0.0096,1.0,0.0109,1.0,0.0,0.0,0.0,0.0,0.0,0.0,0.0,0.0
2023-06-04 09:00:00,DATAR1,2023-06-04 09:00:00,131121.0,25.0,1.0,19.0,1.0,,2.0,0.0027,1.0,0.59,1.0,0.0014,1.0,0.0103,1.0,0.0117,1.0,0.0,0.0,0.0,0.0,0.0,0.0,0.0,0.0
2023-06-04 10:00:00,DATAR1,2023-06-04 10:00:00,131121.0,35.0,1.0,20.0,1.0,,2.0,0.0028,1.0,0.59,1.0,0.0013,1.0,0.0103,1.0,0.0116,1.0,0.0,0.0,0.0,0.0,0.0,0.0,0.0,0.0
2023-06-04 11:00:00,DATAR1,2023-06-04 11:00:00,131121.0,35.0,1.0,17.0,1.0,,2.0,0.0027,1.0,0.47,1.0,0.0011,1.0,0.0108,1.0,0.012,1.0,0.0,0.0,0.0,0.0,0.0,0.0,0.0,0.0
2023-06-04 12:00:00,DATAR1,2023-06-04 12:00:00,131121.0,38.0,1.0,19.0,1.0,,2.0,0.0026,1.0,0.41,1.0,0.0012,1.0,0.011,1.0,0.0123,1.0,0.0,0.0,0.0,0.0,0.0,0.0,0.0,0.0
2023-06-04 13:00:00,DATAR1,2023-06-04 13:00:00,131121.0,28.0,1.0,18.0,1.0,,2.0,0.0023,1.0,0.36,1.0,0.0013,1.0,0.0088,1.0,0.0101,1.0,0.0,0.0,0.0,0.0,0.0,0.0,0.0,0.0
2023-06-04 14:00:00,DATAR1,2023-06-04 14:00:00,131121.0,41.0,1.0,12.0,1.0,,2.0,0.0023,1.0,0.29,1.0,0.0013,1.0,0.0084,1.0,0.0097,1.0,0.0,0.0,0.0,0.0,0.0,0.0,0.0,0.0
2023-06-04 15:00:00,DATAR1,2023-06-04 15:00:00,131121.0,33.0,1.0,7.0,1.0,,2.0,0.0024,1.0,0.3,1.0,0.0011,1.0,0.0075,1.0,0.0087,1.0,0.0,0.0,0.0,0.0,0.0,0.0,0.0,0.0
2023-06-04 16:00:00,DATAR1,2023-06-04 16:00:00,131121.0,14.0,1.0,9.0,1.0,,2.0,0.0022,1.0,0.31,1.0,0.0014,1.0,0.0068,1.0,0.0081,1.0,0.0,0.0,0.0,0.0,0.0,0.0,0.0,0.0
2023-06-04 17:00:00,DATAR1,2023-06-04 17:00:00,131121.0,20.0,1.0,5.0,1.0,,2.0,0.002,1.0,0.28,1.0,0.0009,1.0,0.0075,1.0,0.0084,1.0,0.0,0.0,0.0,0.0,0.0,0.0,0.0,0.0
2023-06-04 18:00:00,DATAR1,2023-06-04 18:00:00,131121.0,23.0,1.0,4.0,1.0,,2.0,0.002,1.0,0.27,1.0,0.0011,1.0,0.0072,1.0,0.0083,1.0,0.0,0.0,0.0,0.0,0.0,0.0,0.0,0.0
2023-06-04 19:00:00,DATAR1,2023-06-04 19:00:00,131121.0,28.0,1.0,8.0,1.0,,2.0,0.0021,1.0,0.3,1.0,0.0011,1.0,0.008,1.0,0.0091,1.0,0.0,0.0,0.0,0.0,0.0,0.0,0.0,0.0
2023-06-04 20:00:00,DATAR1,2023-06-04 20:00:00,131121.0,31.0,1.0,10.0,1.0,,2.0,0.0022,1.0,0.31,1.0,0.0011,1.0,0.0097,1.0,0.0108,1.0,0.0,0.0,0.0,0.0,0.0,0.0,0.0,0.0
2023-06-04 21:00:00,DATAR1,2023-06-04 21:00:00,131121.0,17.0,1.0,9.0,1.0,,2.0,0.0023,1.0,0.32,1.0,0.0011,1.0,0.0084,1.0,0.0095,1.0,0.0,0.0,0.0,0.0,0.0,0.0,0.0,0.0
2023-06-04 22:00:00,DATAR1,2023-06-04 22:00:00,131121.0,25.0,1.0,10.0,1.0,,2.0,0.0022,1.0,0.36,1.0,0.001,1.0,0.0076,1.0,0.0085,1.0,0.0,0.0,0.0,0.0,0.0,0.0,0.0,0.0
2023-06-04 23:00:00,DATAR1,2023-06-04 23:00:00,131121.0,26.0,1.0,13.0,1.0,,2.0,0.002,1.0,0.33,1.0,0.0011,1.0,0.0118,1.0,0.0128,1.0,0.0,0.0,0.0,0.0,0.0,0.0,0.0,0.0
2023-06-05 00:00:00,DATAR1,2023-06-05 00:00:00,131121.0,34.0,1.0,15.0,1.0,,2.0,0.002,1.0,0.33,1.0,0.0009,1.0,0.01,1.0,0.011,1.0,0.0,0.0,0.0,0.0,0.0,0.0,0.0,0.0
2023-06-05 01:00:00,DATAR1,2023-06-05 01:00:00,131121.0,38.0,1.0,13.0,1.0,,2.0,0.002,1.0,0.31,1.0,0.0008,1.0,0.0112,1.0,0.012,1.0,0.0,0.0,0.0,0.0,0.0,0.0,0.0,0.0
2023-06-05 02:00:00,DATAR1,2023-06-05 02:00:00,131121.0,38.0,1.0,15.0,1.0,,2.0,0.002,1.0,0.33,1.0,0.001,1.0,0.012,1.0,0.013,1.0,0.0,0.0,0.0,0.0,0.0,0.0,0.0,0.0
2023-06-05 03:00:00,DATAR1,2023-06-05 03:00:00,131121.0,35.0,1.0,18.0,1.0,,2.0,0.0018,1.0,0.38,1.0,0.0009,1.0,0.011,1.0,0.012,1.0,0.0,0.0,0.0,0.0,0.0,0.0,0.0,0.0
2023-06-05 04:00:00,DATAR1,2023-06-05 04:00:00,131121.0,30.0,1.0,16.0,1.0,,2.0,0.0018,1.0,0.37,1.0,0.0011,1.0,0.0108,1.0,0.0119,1.0,0.0,0.0,0.0,0.0,0.0,0.0,0.0,0.0
2023-06-05 05:00:00,DATAR1,2023-06-05 05:00:00,131121.0,28.0,1.0,18.0,1.0,,2.0,0.0021,1.0,0.34,1.0,0.0011,1.0,0.0101,1.0,0.0111,1.0,0.0,0.0,0.0,0.0,0.0,0.0,0.0,0.0
2023-06-05 06:00:00,DATAR1,2023-06-05 06:00:00,131121.0,36.0,1.0,18.0,1.0,,2.0,0.002,1.0,0.35,1.0,0.0011,1.0,0.0146,1.0,0.0157,1.0,0.0,0.0,0.0,0.0,0.0,0.0,0.0,0.0
2023-06-05 07:00:00,DATAR1,2023-06-05 07:00:00,131121.0,33.0,1.0,17.0,1.0,,2.0,0.0021,1.0,0.41,1.0,0.0015,1.0,0.0169,1.0,0.0184,1.0,0.0,0.0,0.0,0.0,0.0,0.0,0.0,0.0
2023-06-05 08:00:00,DATAR1,2023-06-05 08:00:00,131121.0,35.0,1.0,19.0,1.0,,2.0,0.0025,1.0,0.48,1.0,0.0017,1.0,0.0141,1.0,0.0158,1.0,0.0,0.0,0.0,0.0,0.0,0.0,0.0,0.0
2023-06-05 09:00:00,DATAR1,2023-06-05 09:00:00,131121.0,25.0,1.0,16.0,1.0,,2.0,0.0027,1.0,0.42,1.0,0.0034,1.0,0.0197,1.0,0.0231,1.0,0.0,0.0,0.0,0.0,0.0,0.0,0.0,0.0
2023-06-05 10:00:00,DATAR1,2023-06-05 10:00:00,131121.0,35.0,1.0,15.0,1.0,,2.0,0.003,1.0,0.43,1.0,0.0034,1.0,0.0186,1.0,0.022,1.0,0.0,0.0,0.0,0.0,0.0,0.0,0.0,0.0
2023-06-05 11:00:00,DATAR1,2023-06-05 11:00:00,131121.0,43.0,1.0,16.0,1.0,,2.0,0.0026,1.0,0.43,1.0,0.0028,1.0,0.0149,1.0,0.0178,1.0,0.0,0.0,0.0,0.0,0.0,0.0,0.0,0.0
2023-06-05 12:00:00,DATAR1,2023-06-05 12:00:00,131121.0,,3.0,,3.0,,3.0,,3.0,,3.0,,3.0,,3.0,,3.0,0.0,0.0,0.0,0.0,0.0,0.0,0.0,0.0
2023-06-05 13:00:00,DATAR1,2023-06-05 13:00:00,131121.0,,3.0,,3.0,,3.0,,3.0,,3.0,,3.0,,3.0,,3.0,0.0,0.0,0.0,0.0,0.0,0.0,0.0,0.0
2023-06-05 14:00:00,DATAR1,2023-06-05 14:00:00,131121.0,36.0,1.0,13.0,1.0,0.0702,1.0,0.0019,1.0,0.36,1.0,0.0018,1.0,0.0104,1.0,0.0122,1.0,0.0,0.0,0.0,0.0,0.0,0.0,0.0,0.0
2023-06-05 15:00:00,DATAR1,2023-06-05 15:00:00,131121.0,48.0,1.0,12.0,1.0,0.0686,1.0,0.0017,1.0,0.28,1.0,0.0015,1.0,0.0082,1.0,0.0097,1.0,0.0,0.0,0.0,0.0,0.0,0.0,0.0,0.0
2023-06-05 16:00:00,DATAR1,2023-06-05 16:00:00,131121.0,47.0,1.0,9.0,1.0,0.0633,1.0,0.0013,1.0,0.25,1.0,0.0015,1.0,0.0089,1.0,0.0104,1.0,0.0,0.0,0.0,0.0,0.0,0.0,0.0,0.0
2023-06-05 17:00:00,DATAR1,2023-06-05 17:00:00,131121.0,41.0,1.0,6.0,1.0,0.0635,1.0,0.0014,1.0,0.3,1.0,0.0017,1.0,0.009,1.0,0.0106,1.0,0.0,0.0,0.0,0.0,0.0,0.0,0.0,0.0
2023-06-05 18:00:00,DATAR1,2023-06-05 18:00:00,131121.0,33.0,1.0,9.0,1.0,0.0622,1.0,0.0013,1.0,0.28,1.0,0.0016,1.0,0.0097,1.0,0.0112,1.0,0.0,0.0,0.0,0.0,0.0,0.0,0.0,0.0
2023-06-05 19:00:00,DATAR1,2023-06-05 19:00:00,131121.0,32.0,1.0,11.0,1.0,0.0599,1.0,0.0013,1.0,0.3,1.0,0.0012,1.0,0.0091,1.0,0.0103,1.0,0.0,0.0,0.0,0.0,0.0,0.0,0.0,0.0
2023-06-05 20:00:00,DATAR1,2023-06-05 20:00:00,131121.0,27.0,1.0,10.0,1.0,0.0583,1.0,0.0013,1.0,0.31,1.0,0.0012,1.0,0.0089,1.0,0.0101,1.0,0.0,0.0,0.0,0.0,0.0,0.0,0.0,0.0
2023-06-05 21:00:00,DATAR1,2023-06-05 21:00:00,131121.0,23.0,1.0,8.0,1.0,0.0576,1.0,0.0012,1.0,0.34,1.0,0.0009,1.0,0.0082,1.0,0.0091,1.0,0.0,0.0,0.0,0.0,0.0,0.0,0.0,0.0
2023-06-05 22:00:00,DATAR1,2023-06-05 22:00:00,131121.0,16.0,1.0,8.0,1.0,0.0565,1.0,0.0013,1.0,0.36,1.0,0.0009,1.0,0.008,1.0,0.0088,1.0,0.0,0.0,0.0,0.0,0.0,0.0,0.0,0.0
2023-06-05 23:00:00,DATAR1,2023-06-05 23:00:00,131121.0,16.0,1.0,8.0,1.0,0.0518,1.0,0.0017,1.0,0.29,1.0,0.0011,1.0,0.0104,1.0,0.0115,1.0,0.0,0.0,0.0,0.0,0.0,0.0,0.0,0.0
2023-06-06 00:00:00,DATAR1,2023-06-06 00:00:00,131121.0,21.0,1.0,11.0,1.0,0.0517,1.0,0.0017,1.0,0.25,1.0,0.0008,1.0,0.0101,1.0,0.0109,1.0,0.0,0.0,0.0,0.0,0.0,0.0,0.0,0.0
2023-06-06 01:00:00,DATAR1,2023-06-06 01:00:00,131121.0,18.0,1.0,6.0,1.0,0.0531,1.0,0.0016,1.0,0.28,1.0,0.001,1.0,0.0086,1.0,0.0096,1.0,0.0,0.0,0.0,0.0,0.0,0.0,0.0,0.0
2023-06-06 02:00:00,DATAR1,2023-06-06 02:00:00,131121.0,18.0,1.0,4.0,1.0,0.0518,1.0,0.0015,1.0,0.32,1.0,0.001,1.0,0.0081,1.0,0.0092,1.0,0.0,0.0,0.0,0.0,0.0,0.0,0.0,0.0
2023-06-06 03:00:00,DATAR1,2023-06-06 03:00:00,131121.0,14.0,1.0,9.0,1.0,0.0485,1.0,0.0016,1.0,0.33,1.0,0.001,1.0,0.0092,1.0,0.0103,1.0,0.0,0.0,0.0,0.0,0.0,0.0,0.0,0.0
2023-06-06 04:00:00,DATAR1,2023-06-06 04:00:00,131121.0,15.0,1.0,9.0,1.0,0.042,1.0,0.0015,1.0,0.41,1.0,0.0008,1.0,0.0098,1.0,0.0105,1.0,0.0,0.0,0.0,0.0,0.0,0.0,0.0,0.0
2023-06-06 05:00:00,DATAR1,2023-06-06 05:00:00,131121.0,20.0,1.0,8.0,1.0,0.0381,1.0,0.0014,1.0,0.47,1.0,0.0012,1.0,0.0086,1.0,0.0098,1.0,0.0,0.0,0.0,0.0,0.0,0.0,0.0,0.0
2023-06-06 06:00:00,DATAR1,2023-06-06 06:00:00,131121.0,14.0,1.0,11.0,1.0,0.0355,1.0,0.0014,1.0,0.41,1.0,0.001,1.0,0.0104,1.0,0.0114,1.0,0.0,0.0,0.0,0.0,0.0,0.0,0.0,0.0
2023-06-06 07:00:00,DATAR1,2023-06-06 07:00:00,131121.0,16.0,1.0,8.0,1.0,0.0301,1.0,0.0015,1.0,0.3,1.0,0.0019,1.0,0.0198,1.0,0.0217,1.0,0.0,0.0,0.0,0.0,0.0,0.0,0.0,0.0
2023-06-06 08:00:00,DATAR1,2023-06-06 08:00:00,131121.0,18.0,1.0,9.0,1.0,0.0323,1.0,0.0016,1.0,0.21,1.0,0.0035,1.0,0.0212,1.0,0.0247,1.0,0.0,0.0,0.0,0.0,0.0,0.0,0.0,0.0
2023-06-06 09:00:00,DATAR1,2023-06-06 09:00:00,131121.0,17.0,1.0,12.0,1.0,0.0463,1.0,0.0017,1.0,0.34,1.0,0.0022,1.0,0.0134,1.0,0.0156,1.0,0.0,0.0,0.0,0.0,0.0,0.0,0.0,0.0
2023-06-06 10:00:00,DATAR1,2023-06-06 10:00:00,131121.0,26.0,1.0,11.0,1.0,0.0492,1.0,0.0016,1.0,0.4,1.0,0.002,1.0,0.0138,1.0,0.0158,1.0,0.0,0.0,0.0,0.0,0.0,0.0,0.0,0.0
2023-06-06 11:00:00,DATAR1,2023-06-06 11:00:00,131121.0,21.0,1.0,8.0,1.0,0.059,1.0,0.0015,1.0,0.31,1.0,0.0024,1.0,0.011,1.0,0.0134,1.0,0.0,0.0,0.0,0.0,0.0,0.0,0.0,0.0
2023-06-06 12:00:00,DATAR1,2023-06-06 12:00:00,131121.0,22.0,1.0,10.0,1.0,0.0642,1.0,0.0014,1.0,0.32,1.0,0.0021,1.0,0.0104,1.0,0.0125,1.0,0.0,0.0,0.0,0.0,0.0,0.0,0.0,0.0
2023-06-06 13:00:00,DATAR1,2023-06-06 13:00:00,131121.0,28.0,1.0,13.0,1.0,0.0724,1.0,0.0014,1.0,0.32,1.0,0.0015,1.0,0.0089,1.0,0.0104,1.0,0.0,0.0,0.0,0.0,0.0,0.0,0.0,0.0
2023-06-06 14:00:00,DATAR1,2023-06-06 14:00:00,131121.0,19.0,1.0,11.0,1.0,0.0759,1.0,0.0014,1.0,0.35,1.0,0.0014,1.0,0.0096,1.0,0.011,1.0,0.0,0.0,0.0,0.0,0.0,0.0,0.0,0.0
2023-06-06 15:00:00,DATAR1,2023-06-06 15:00:00,131121.0,27.0,1.0,14.0,1.0,0.0687,1.0,0.0017,1.0,0.35,1.0,0.0016,1.0,0.01,1.0,0.0116,1.0,0.0,0.0,0.0,0.0,0.0,0.0,0.0,0.0
2023-06-06 16:00:00,DATAR1,2023-06-06 16:00:00,131121.0,47.0,1.0,10.0,1.0,0.0612,1.0,0.0016,1.0,0.33,1.0,0.0016,1.0,0.0094,1.0,0.011,1.0,0.0,0.0,0.0,0.0,0.0,0.0,0.0,0.0
2023-06-06 17:00:00,DATAR1,2023-06-06 17:00:00,131121.0,16.0,1.0,9.0,1.0,0.0622,1.0,0.0017,1.0,0.26,1.0,0.0016,1.0,0.0083,1.0,0.0098,1.0,0.0,0.0,0.0,0.0,0.0,0.0,0.0,0.0
2023-06-06 18:00:00,DATAR1,2023-06-06 18:00:00,131121.0,22.0,1.0,9.0,1.0,0.0613,1.0,0.0015,1.0,0.28,1.0,0.0014,1.0,0.0077,1.0,0.0091,1.0,0.0,0.0,0.0,0.0,0.0,0.0,0.0,0.0
2023-06-06 19:00:00,DATAR1,2023-06-06 19:00:00,131121.0,24.0,1.0,12.0,1.0,0.0594,1.0,0.0014,1.0,0.22,1.0,0.0009,1.0,0.0067,1.0,0.0076,1.0,0.0,0.0,0.0,0.0,0.0,0.0,0.0,0.0
2023-06-06 20:00:00,DATAR1,2023-06-06 20:00:00,131121.0,34.0,1.0,11.0,1.0,0.0558,1.0,0.0014,1.0,0.23,1.0,0.0011,1.0,0.0073,1.0,0.0084,1.0,0.0,0.0,0.0,0.0,0.0,0.0,0.0,0.0
2023-06-06 21:00:00,DATAR1,2023-06-06 21:00:00,131121.0,25.0,1.0,9.0,1.0,0.0532,1.0,0.0014,1.0,0.33,1.0,0.001,1.0,0.0079,1.0,0.0088,1.0,0.0,0.0,0.0,0.0,0.0,0.0,0.0,0.0
2023-06-06 22:00:00,DATAR1,2023-06-06 22:00:00,131121.0,21.0,1.0,11.0,1.0,0.049,1.0,0.0014,1.0,0.34,1.0,0.0009,1.0,0.0081,1.0,0.0091,1.0,0.0,0.0,0.0,0.0,0.0,0.0,0.0,0.0
2023-06-06 23:00:00,DATAR1,2023-06-06 23:00:00,131121.0,15.0,1.0,11.0,1.0,0.0526,1.0,0.0013,1.0,0.35,1.0,0.0011,1.0,0.0078,1.0,0.0089,1.0,0.0,0.0,0.0,0.0,0.0,0.0,0.0,0.0
2023-06-07 00:00:00,DATAR1,2023-06-07 00:00:00,131121.0,29.0,1.0,13.0,1.0,0.0554,1.0,0.0013,1.0,0.34,1.0,0.0011,1.0,0.006,1.0,0.0071,1.0,0.0,0.0,0.0,0.0,0.0,0.0,0.0,0.0
2023-06-07 01:00:00,DATAR1,2023-06-07 01:00:00,131121.0,31.0,1.0,15.0,1.0,0.0564,1.0,0.001,1.0,0.32,1.0,0.0011,1.0,0.0057,1.0,0.0069,1.0,0.0,0.0,0.0,0.0,0.0,0.0,0.0,0.0
2023-06-07 02:00:00,DATAR1,2023-06-07 02:00:00,131121.0,25.0,1.0,18.0,1.0,0.0577,1.0,0.001,1.0,0.31,1.0,0.0009,1.0,0.005,1.0,0.0058,1.0,0.0,0.0,0.0,0.0,0.0,0.0,0.0,0.0
2023-06-07 03:00:00,DATAR1,2023-06-07 03:00:00,131121.0,25.0,1.0,16.0,1.0,0.0585,1.0,0.0009,1.0,0.3,1.0,0.0013,1.0,0.0039,1.0,0.0052,1.0,0.0,0.0,0.0,0.0,0.0,0.0,0.0,0.0
2023-06-07 04:00:00,DATAR1,2023-06-07 04:00:00,131121.0,21.0,1.0,10.0,1.0,0.0589,1.0,0.0009,1.0,0.31,1.0,0.001,1.0,0.0045,1.0,0.0056,1.0,0.0,0.0,0.0,0.0,0.0,0.0,0.0,0.0
2023-06-07 05:00:00,DATAR1,2023-06-07 05:00:00,131121.0,20.0,1.0,12.0,1.0,0.0556,1.0,0.001,1.0,0.31,1.0,0.001,1.0,0.0051,1.0,0.006,1.0,0.0,0.0,0.0,0.0,0.0,0.0,0.0,0.0
2023-06-07 06:00:00,DATAR1,2023-06-07 06:00:00,131121.0,26.0,1.0,12.0,1.0,0.0515,1.0,0.0009,1.0,0.32,1.0,0.0009,1.0,0.009,1.0,0.0099,1.0,0.0,0.0,0.0,0.0,0.0,0.0,0.0,0.0
2023-06-07 07:00:00,DATAR1,2023-06-07 07:00:00,131121.0,20.0,1.0,15.0,1.0,0.0442,1.0,0.001,1.0,0.38,1.0,0.0012,1.0,0.0142,1.0,0.0154,1.0,0.0,0.0,0.0,0.0,0.0,0.0,0.0,0.0
2023-06-07 08:00:00,DATAR1,2023-06-07 08:00:00,131121.0,27.0,1.0,17.0,1.0,0.0506,1.0,0.001,1.0,0.37,1.0,0.0009,1.0,0.0125,1.0,0.0134,1.0,0.0,0.0,0.0,0.0,0.0,0.0,0.0,0.0
2023-06-07 09:00:00,DATAR1,2023-06-07 09:00:00,131121.0,32.0,1.0,16.0,1.0,0.0433,1.0,0.001,1.0,0.33,1.0,0.0015,1.0,0.0162,1.0,0.0177,1.0,0.0,0.0,0.0,0.0,0.0,0.0,0.0,0.0
2023-06-07 10:00:00,DATAR1,2023-06-07 10:00:00,131121.0,33.0,1.0,14.0,1.0,0.0407,1.0,0.0011,1.0,0.33,1.0,0.0011,1.0,0.0153,1.0,0.0164,1.0,0.0,0.0,0.0,0.0,0.0,0.0,0.0,0.0
2023-06-07 11:00:00,DATAR1,2023-06-07 11:00:00,131121.0,31.0,1.0,15.0,1.0,0.0396,1.0,0.001,1.0,0.34,1.0,0.0014,1.0,0.0156,1.0,0.017,1.0,0.0,0.0,0.0,0.0,0.0,0.0,0.0,0.0
2023-06-07 12:00:00,DATAR1,2023-06-07 12:00:00,131121.0,32.0,1.0,14.0,1.0,0.0409,1.0,0.001,1.0,0.35,1.0,0.0019,1.0,0.014,1.0,0.0159,1.0,0.0,0.0,0.0,0.0,0.0,0.0,0.0,0.0
2023-06-07 13:00:00,DATAR1,2023-06-07 13:00:00,131121.0,33.0,1.0,13.0,1.0,0.044,1.0,0.001,1.0,0.38,1.0,0.0021,1.0,0.0137,1.0,0.0158,1.0,0.0,0.0,0.0,0.0,0.0,0.0,0.0,0.0
2023-06-07 14:00:00,DATAR1,2023-06-07 14:00:00,131121.0,43.0,1.0,14.0,1.0,0.0473,1.0,0.0011,1.0,0.39,1.0,0.002,1.0,0.014,1.0,0.016,1.0,0.0,0.0,0.0,0.0,0.0,0.0,0.0,0.0
2023-06-07 15:00:00,DATAR1,2023-06-07 15:00:00,131121.0,40.0,1.0,15.0,1.0,0.0551,1.0,0.0011,1.0,0.42,1.0,0.0015,1.0,0.0125,1.0,0.014,1.0,0.0,0.0,0.0,0.0,0.0,0.0,0.0,0.0
2023-06-07 16:00:00,DATAR1,2023-06-07 16:00:00,131121.0,49.0,1.0,17.0,1.0,0.0633,1.0,0.001,1.0,0.41,1.0,0.0014,1.0,0.0114,1.0,0.0129,1.0,0.0,0.0,0.0,0.0,0.0,0.0,0.0,0.0
2023-06-07 17:00:00,DATAR1,2023-06-07 17:00:00,131121.0,42.0,1.0,20.0,1.0,0.0678,1.0,0.0011,1.0,0.38,1.0,0.0012,1.0,0.0124,1.0,0.0136,1.0,0.0,0.0,0.0,0.0,0.0,0.0,0.0,0.0
2023-06-07 18:00:00,DATAR1,2023-06-07 18:00:00,131121.0,59.0,1.0,19.0,1.0,0.066,1.0,0.0012,1.0,0.39,1.0,0.0013,1.0,0.0143,1.0,0.0157,1.0,0.0,0.0,0.0,0.0,0.0,0.0,0.0,0.0
2023-06-07 19:00:00,DATAR1,2023-06-07 19:00:00,131121.0,54.0,1.0,20.0,1.0,0.0592,1.0,0.0012,1.0,0.42,1.0,0.0015,1.0,0.0182,1.0,0.0197,1.0,0.0,0.0,0.0,0.0,0.0,0.0,0.0,0.0
2023-06-07 20:00:00,DATAR1,2023-06-07 20:00:00,131121.0,55.0,1.0,19.0,1.0,0.0524,1.0,0.0013,1.0,0.44,1.0,0.0013,1.0,0.02,1.0,0.0213,1.0,0.0,0.0,0.0,0.0,0.0,0.0,0.0,0.0
2023-06-07 21:00:00,DATAR1,2023-06-07 21:00:00,131121.0,45.0,1.0,14.0,1.0,0.0493,1.0,0.0015,1.0,0.49,1.0,0.0011,1.0,0.019,1.0,0.0201,1.0,0.0,0.0,0.0,0.0,0.0,0.0,0.0,0.0
2023-06-07 22:00:00,DATAR1,2023-06-07 22:00:00,131121.0,33.0,1.0,16.0,1.0,0.0526,1.0,0.0015,1.0,0.46,1.0,0.0009,1.0,0.017,1.0,0.0179,1.0,0.0,0.0,0.0,0.0,0.0,0.0,0.0,0.0
2023-06-07 23:00:00,DATAR1,2023-06-07 23:00:00,131121.0,38.0,1.0,18.0,1.0,0.0553,1.0,0.0014,1.0,0.44,1.0,0.0011,1.0,0.0142,1.0,0.0153,1.0,0.0,0.0,0.0,0.0,0.0,0.0,0.0,0.0
2023-06-08 00:00:00,DATAR1,2023-06-08 00:00:00,131121.0,38.0,1.0,18.0,1.0,0.0483,1.0,0.0014,1.0,0.46,1.0,0.0008,1.0,0.0154,1.0,0.0163,1.0,0.0,0.0,0.0,0.0,0.0,0.0,0.0,0.0
2023-06-08 01:00:00,DATAR1,2023-06-08 01:00:00,131121.0,36.0,1.0,26.0,1.0,0.0479,1.0,0.0015,1.0,0.45,1.0,0.0011,1.0,0.012,1.0,0.013,1.0,0.0,0.0,0.0,0.0,0.0,0.0,0.0,0.0
2023-06-08 02:00:00,DATAR1,2023-06-08 02:00:00,131121.0,48.0,1.0,28.0,1.0,0.0423,1.0,0.0013,1.0,0.47,1.0,0.001,1.0,0.0118,1.0,0.0128,1.0,0.0,0.0,0.0,0.0,0.0,0.0,0.0,0.0
2023-06-08 03:00:00,DATAR1,2023-06-08 03:00:00,131121.0,40.0,1.0,25.0,1.0,0.0359,1.0,0.0012,1.0,0.45,1.0,0.0011,1.0,0.0131,1.0,0.0141,1.0,0.0,0.0,0.0,0.0,0.0,0.0,0.0,0.0
2023-06-08 04:00:00,DATAR1,2023-06-08 04:00:00,131121.0,31.0,1.0,23.0,1.0,0.0335,1.0,0.0013,1.0,0.43,1.0,0.0009,1.0,0.0121,1.0,0.013,1.0,0.0,0.0,0.0,0.0,0.0,0.0,0.0,0.0
2023-06-08 05:00:00,DATAR1,2023-06-08 05:00:00,131121.0,23.0,1.0,19.0,1.0,0.0331,1.0,0.0013,1.0,0.41,1.0,0.0008,1.0,0.0107,1.0,0.0115,1.0,0.0,0.0,0.0,0.0,0.0,0.0,0.0,0.0
2023-06-08 06:00:00,DATAR1,2023-06-08 06:00:00,131121.0,23.0,1.0,15.0,1.0,0.0356,1.0,0.0013,1.0,0.44,1.0,0.0011,1.0,0.0091,1.0,0.0102,1.0,0.0,0.0,0.0,0.0,0.0,0.0,0.0,0.0
2023-06-08 07:00:00,DATAR1,2023-06-08 07:00:00,131121.0,14.0,1.0,9.0,1.0,0.0391,1.0,0.0012,1.0,0.39,1.0,0.0009,1.0,0.0098,1.0,0.0107,1.0,0.0,0.0,0.0,0.0,0.0,0.0,0.0,0.0
2023-06-08 08:00:00,DATAR1,2023-06-08 08:00:00,131121.0,10.0,1.0,8.0,1.0,0.0381,1.0,0.0011,1.0,0.36,1.0,0.0014,1.0,0.012,1.0,0.0134,1.0,0.0,0.0,0.0,0.0,0.0,0.0,0.0,0.0
2023-06-08 09:00:00,DATAR1,2023-06-08 09:00:00,131121.0,14.0,1.0,9.0,1.0,0.0364,1.0,0.0011,1.0,0.39,1.0,0.0018,1.0,0.0143,1.0,0.0161,1.0,0.0,0.0,0.0,0.0,0.0,0.0,0.0,0.0
2023-06-08 10:00:00,DATAR1,2023-06-08 10:00:00,131121.0,10.0,1.0,6.0,1.0,0.0409,1.0,0.0011,1.0,0.37,1.0,0.0032,1.0,0.0115,1.0,0.0146,1.0,0.0,0.0,0.0,0.0,0.0,0.0,0.0,0.0
2023-06-08 11:00:00,DATAR1,2023-06-08 11:00:00,131121.0,19.0,1.0,6.0,1.0,0.0419,1.0,0.0011,1.0,0.41,1.0,0.0029,1.0,0.0116,1.0,0.0145,1.0,0.0,0.0,0.0,0.0,0.0,0.0,0.0,0.0
2023-06-08 12:00:00,DATAR1,2023-06-08 12:00:00,131121.0,31.0,1.0,11.0,1.0,0.0407,1.0,0.0011,1.0,0.44,1.0,0.0021,1.0,0.0136,1.0,0.0157,1.0,0.0,0.0,0.0,0.0,0.0,0.0,0.0,0.0
2023-06-08 13:00:00,DATAR1,2023-06-08 13:00:00,131121.0,30.0,1.0,8.0,1.0,0.0459,1.0,0.0011,1.0,0.36,1.0,0.0016,1.0,0.0108,1.0,0.0124,1.0,0.0,0.0,0.0,0.0,0.0,0.0,0.0,0.0
2023-06-08 14:00:00,DATAR1,2023-06-08 14:00:00,131121.0,11.0,1.0,9.0,1.0,0.048,1.0,0.0011,1.0,0.39,1.0,0.0015,1.0,0.0097,1.0,0.0112,1.0,0.0,0.0,0.0,0.0,0.0,0.0,0.0,0.0
2023-06-08 15:00:00,DATAR1,2023-06-08 15:00:00,131121.0,21.0,1.0,6.0,1.0,0.0432,1.0,0.0011,1.0,0.45,1.0,0.0013,1.0,0.0127,1.0,0.014,1.0,0.0,0.0,0.0,0.0,0.0,0.0,0.0,0.0
2023-06-08 16:00:00,DATAR1,2023-06-08 16:00:00,131121.0,23.0,1.0,8.0,1.0,0.0402,1.0,0.0011,1.0,0.52,1.0,0.002,1.0,0.0159,1.0,0.0179,1.0,0.0,0.0,0.0,0.0,0.0,0.0,0.0,0.0
2023-06-08 17:00:00,DATAR1,2023-06-08 17:00:00,131121.0,20.0,1.0,12.0,1.0,0.0393,1.0,0.0013,1.0,0.48,1.0,0.0026,1.0,0.0178,1.0,0.0204,1.0,0.0,0.0,0.0,0.0,0.0,0.0,0.0,0.0
2023-06-08 18:00:00,DATAR1,2023-06-08 18:00:00,131121.0,34.0,1.0,14.0,1.0,0.0399,1.0,0.0013,1.0,0.5,1.0,0.0028,1.0,0.0201,1.0,0.0229,1.0,0.0,0.0,0.0,0.0,0.0,0.0,0.0,0.0
2023-06-08 19:00:00,DATAR1,2023-06-08 19:00:00,131121.0,25.0,1.0,12.0,1.0,0.045,1.0,0.0013,1.0,0.41,1.0,0.0021,1.0,0.0161,1.0,0.0182,1.0,0.0,0.0,0.0,0.0,0.0,0.0,0.0,0.0
2023-06-08 20:00:00,DATAR1,2023-06-08 20:00:00,131121.0,39.0,1.0,10.0,1.0,0.0431,1.0,0.0014,1.0,0.37,1.0,0.0016,1.0,0.0168,1.0,0.0184,1.0,0.0,0.0,0.0,0.0,0.0,0.0,0.0,0.0
2023-06-08 21:00:00,DATAR1,2023-06-08 21:00:00,131121.0,26.0,1.0,12.0,1.0,0.0448,1.0,0.0016,1.0,0.46,1.0,0.0011,1.0,0.0119,1.0,0.013,1.0,0.0,0.0,0.0,0.0,0.0,0.0,0.0,0.0
2023-06-08 22:00:00,DATAR1,2023-06-08 22:00:00,131121.0,21.0,1.0,9.0,1.0,0.0419,1.0,0.0016,1.0,0.49,1.0,0.0014,1.0,0.0116,1.0,0.013,1.0,0.0,0.0,0.0,0.0,0.0,0.0,0.0,0.0
2023-06-08 23:00:00,DATAR1,2023-06-08 23:00:00,131121.0,20.0,1.0,3.0,1.0,0.0373,1.0,0.0015,1.0,0.45,1.0,0.0009,1.0,0.0144,1.0,0.0153,1.0,0.0,0.0,0.0,0.0,0.0,0.0,0.0,0.0
2023-06-09 00:00:00,DATAR1,2023-06-09 00:00:00,131121.0,15.0,1.0,7.0,1.0,0.0429,1.0,0.0018,1.0,0.47,1.0,0.0014,1.0,0.0105,1.0,0.0119,1.0,0.0,0.0,0.0,0.0,0.0,0.0,0.0,0.0
2023-06-09 01:00:00,DATAR1,2023-06-09 01:00:00,131121.0,23.0,1.0,10.0,1.0,0.0441,1.0,0.0013,1.0,0.41,1.0,0.001,1.0,0.0078,1.0,0.0088,1.0,0.0,0.0,0.0,0.0,0.0,0.0,0.0,0.0
2023-06-09 02:00:00,DATAR1,2023-06-09 02:00:00,131121.0,18.0,1.0,13.0,1.0,0.0382,1.0,0.0011,1.0,0.43,1.0,0.0008,1.0,0.0085,1.0,0.0093,1.0,0.0,0.0,0.0,0.0,0.0,0.0,0.0,0.0
2023-06-09 03:00:00,DATAR1,2023-06-09 03:00:00,131121.0,13.0,1.0,8.0,1.0,0.037,1.0,0.0011,1.0,0.45,1.0,0.001,1.0,0.0086,1.0,0.0096,1.0,0.0,0.0,0.0,0.0,0.0,0.0,0.0,0.0
2023-06-09 04:00:00,DATAR1,2023-06-09 04:00:00,131121.0,15.0,1.0,8.0,1.0,0.0506,1.0,0.001,1.0,0.4,1.0,0.001,1.0,0.0055,1.0,0.0065,1.0,0.0,0.0,0.0,0.0,0.0,0.0,0.0,0.0
2023-06-09 05:00:00,DATAR1,2023-06-09 05:00:00,131121.0,10.0,1.0,5.0,1.0,0.0513,1.0,0.001,1.0,0.4,1.0,0.001,1.0,0.0055,1.0,0.0065,1.0,0.0,0.0,0.0,0.0,0.0,0.0,0.0,0.0
2023-06-09 06:00:00,DATAR1,2023-06-09 06:00:00,131121.0,16.0,1.0,6.0,1.0,0.0466,1.0,0.0011,1.0,0.44,1.0,0.001,1.0,0.0072,1.0,0.0082,1.0,0.0,0.0,0.0,0.0,0.0,0.0,0.0,0.0
2023-06-09 07:00:00,DATAR1,2023-06-09 07:00:00,131121.0,12.0,1.0,7.0,1.0,0.0447,1.0,0.0011,1.0,0.54,1.0,0.001,1.0,0.0084,1.0,0.0094,1.0,0.0,0.0,0.0,0.0,0.0,0.0,0.0,0.0
2023-06-09 08:00:00,DATAR1,2023-06-09 08:00:00,131121.0,10.0,1.0,6.0,1.0,0.0405,1.0,0.0011,1.0,0.52,1.0,0.0019,1.0,0.0144,1.0,0.0163,1.0,0.0,0.0,0.0,0.0,0.0,0.0,0.0,0.0
2023-06-09 09:00:00,DATAR1,2023-06-09 09:00:00,131121.0,16.0,1.0,9.0,1.0,0.0453,1.0,0.0011,1.0,0.42,1.0,0.0025,1.0,0.0145,1.0,0.0171,1.0,0.0,0.0,0.0,0.0,0.0,0.0,0.0,0.0
2023-06-09 10:00:00,DATAR1,2023-06-09 10:00:00,131121.0,19.0,1.0,14.0,1.0,0.0453,1.0,0.0011,1.0,0.41,1.0,0.0038,1.0,0.0162,1.0,0.02,1.0,0.0,0.0,0.0,0.0,0.0,0.0,0.0,0.0
2023-06-09 11:00:00,DATAR1,2023-06-09 11:00:00,131121.0,25.0,1.0,10.0,1.0,0.0523,1.0,0.0013,1.0,0.38,1.0,0.0031,1.0,0.0142,1.0,0.0173,1.0,0.0,0.0,0.0,0.0,0.0,0.0,0.0,0.0
2023-06-09 12:00:00,DATAR1,2023-06-09 12:00:00,131121.0,25.0,1.0,11.0,1.0,0.0594,1.0,0.0014,1.0,0.36,1.0,0.0027,1.0,0.0121,1.0,0.0148,1.0,0.0,0.0,0.0,0.0,0.0,0.0,0.0,0.0
2023-06-09 13:00:00,DATAR1,2023-06-09 13:00:00,131121.0,24.0,1.0,14.0,1.0,0.068,1.0,0.0013,1.0,0.38,1.0,0.0018,1.0,0.0112,1.0,0.013,1.0,0.0,0.0,0.0,0.0,0.0,0.0,0.0,0.0
2023-06-09 14:00:00,DATAR1,2023-06-09 14:00:00,131121.0,27.0,1.0,18.0,1.0,0.0752,1.0,0.0012,1.0,0.37,1.0,0.0015,1.0,0.0124,1.0,0.014,1.0,0.0,0.0,0.0,0.0,0.0,0.0,0.0,0.0
2023-06-09 15:00:00,DATAR1,2023-06-09 15:00:00,131121.0,38.0,1.0,18.0,1.0,0.0875,1.0,0.0014,1.0,0.33,1.0,0.0012,1.0,0.0108,1.0,0.012,1.0,0.0,0.0,0.0,0.0,0.0,0.0,0.0,0.0
2023-06-09 16:00:00,DATAR1,2023-06-09 16:00:00,131121.0,23.0,1.0,14.0,1.0,0.0883,1.0,0.0015,1.0,0.28,1.0,0.0014,1.0,0.0111,1.0,0.0125,1.0,0.0,0.0,0.0,0.0,0.0,0.0,0.0,0.0
2023-06-09 17:00:00,DATAR1,2023-06-09 17:00:00,131121.0,35.0,1.0,15.0,1.0,0.0891,1.0,0.0015,1.0,0.3,1.0,0.0013,1.0,0.0106,1.0,0.0119,1.0,0.0,0.0,0.0,0.0,0.0,0.0,0.0,0.0
2023-06-09 18:00:00,DATAR1,2023-06-09 18:00:00,131121.0,32.0,1.0,15.0,1.0,0.0857,1.0,0.0014,1.0,0.32,1.0,0.001,1.0,0.0129,1.0,0.0139,1.0,0.0,0.0,0.0,0.0,0.0,0.0,0.0,0.0
2023-06-09 19:00:00,DATAR1,2023-06-09 19:00:00,131121.0,25.0,1.0,14.0,1.0,0.0819,1.0,0.0014,1.0,0.26,1.0,0.0013,1.0,0.0132,1.0,0.0145,1.0,0.0,0.0,0.0,0.0,0.0,0.0,0.0,0.0
2023-06-09 20:00:00,DATAR1,2023-06-09 20:00:00,131121.0,40.0,1.0,16.0,1.0,0.0739,1.0,0.0015,1.0,0.3,1.0,0.0011,1.0,0.0203,1.0,0.0214,1.0,0.0,0.0,0.0,0.0,0.0,0.0,0.0,0.0
2023-06-09 21:00:00,DATAR1,2023-06-09 21:00:00,131121.0,32.0,1.0,17.0,1.0,0.0756,1.0,0.0015,1.0,0.4,1.0,0.0012,1.0,0.0186,1.0,0.0198,1.0,0.0,0.0,0.0,0.0,0.0,0.0,0.0,0.0
2023-06-09 22:00:00,DATAR1,2023-06-09 22:00:00,131121.0,29.0,1.0,19.0,1.0,0.0637,1.0,0.0016,1.0,0.47,1.0,0.001,1.0,0.0201,1.0,0.0211,1.0,0.0,0.0,0.0,0.0,0.0,0.0,0.0,0.0
2023-06-09 23:00:00,DATAR1,2023-06-09 23:00:00,131121.0,19.0,1.0,19.0,1.0,0.052,1.0,0.0017,1.0,0.46,1.0,0.0012,1.0,0.0229,1.0,0.024,1.0,0.0,0.0,0.0,0.0,0.0,0.0,0.0,0.0
2023-06-10 00:00:00,DATAR1,2023-06-10 00:00:00,131121.0,28.0,1.0,16.0,1.0,0.0527,1.0,0.0015,1.0,0.44,1.0,0.0011,1.0,0.0191,1.0,0.0201,1.0,0.0,0.0,0.0,0.0,0.0,0.0,0.0,0.0
2023-06-10 01:00:00,DATAR1,2023-06-10 01:00:00,131121.0,29.0,1.0,19.0,1.0,0.0572,1.0,0.0016,1.0,0.36,1.0,0.0009,1.0,0.0148,1.0,0.0157,1.0,0.0,0.0,0.0,0.0,0.0,0.0,0.0,0.0
2023-06-10 02:00:00,DATAR1,2023-06-10 02:00:00,131121.0,33.0,1.0,21.0,1.0,0.047,1.0,0.0015,1.0,0.39,1.0,0.0011,1.0,0.0175,1.0,0.0186,1.0,0.0,0.0,0.0,0.0,0.0,0.0,0.0,0.0
2023-06-10 03:00:00,DATAR1,2023-06-10 03:00:00,131121.0,28.0,1.0,20.0,1.0,0.0379,1.0,0.0015,1.0,0.38,1.0,0.0011,1.0,0.0171,1.0,0.0182,1.0,0.0,0.0,0.0,0.0,0.0,0.0,0.0,0.0
2023-06-10 04:00:00,DATAR1,2023-06-10 04:00:00,131121.0,40.0,1.0,23.0,1.0,0.0377,1.0,0.0016,1.0,0.43,1.0,0.0011,1.0,0.0154,1.0,0.0165,1.0,0.0,0.0,0.0,0.0,0.0,0.0,0.0,0.0
2023-06-10 05:00:00,DATAR1,2023-06-10 05:00:00,131121.0,37.0,1.0,22.0,1.0,0.0424,1.0,0.0018,1.0,0.41,1.0,0.0012,1.0,0.0134,1.0,0.0146,1.0,0.0,0.0,0.0,0.0,0.0,0.0,0.0,0.0
2023-06-10 06:00:00,DATAR1,2023-06-10 06:00:00,131121.0,47.0,1.0,24.0,1.0,0.0403,1.0,0.0019,1.0,0.41,1.0,0.0011,1.0,0.0165,1.0,0.0177,1.0,0.0,0.0,0.0,0.0,0.0,0.0,0.0,0.0
2023-06-10 07:00:00,DATAR1,2023-06-10 07:00:00,131121.0,36.0,1.0,23.0,1.0,0.0385,1.0,0.0018,1.0,0.46,1.0,0.0016,1.0,0.0176,1.0,0.0192,1.0,0.0,0.0,0.0,0.0,0.0,0.0,0.0,0.0
2023-06-10 08:00:00,DATAR1,2023-06-10 08:00:00,131121.0,36.0,1.0,22.0,1.0,0.0468,1.0,0.0019,1.0,0.47,1.0,0.0021,1.0,0.0149,1.0,0.0169,1.0,0.0,0.0,0.0,0.0,0.0,0.0,0.0,0.0
2023-06-10 09:00:00,DATAR1,2023-06-10 09:00:00,131121.0,38.0,1.0,22.0,1.0,0.0536,1.0,0.0018,1.0,0.54,1.0,0.0018,1.0,0.0124,1.0,0.0142,1.0,0.0,0.0,0.0,0.0,0.0,0.0,0.0,0.0
2023-06-10 10:00:00,DATAR1,2023-06-10 10:00:00,131121.0,32.0,1.0,20.0,1.0,0.0586,1.0,0.0018,1.0,0.52,1.0,0.002,1.0,0.0115,1.0,0.0135,1.0,0.0,0.0,0.0,0.0,0.0,0.0,0.0,0.0
2023-06-10 11:00:00,DATAR1,2023-06-10 11:00:00,131121.0,27.0,1.0,22.0,1.0,0.0723,1.0,0.0017,1.0,0.48,1.0,0.002,1.0,0.0105,1.0,0.0125,1.0,0.0,0.0,0.0,0.0,0.0,0.0,0.0,0.0
2023-06-10 12:00:00,DATAR1,2023-06-10 12:00:00,131121.0,25.0,1.0,16.0,1.0,0.0827,1.0,0.0017,1.0,0.46,1.0,0.0015,1.0,0.009,1.0,0.0105,1.0,0.0,0.0,0.0,0.0,0.0,0.0,0.0,0.0
2023-06-10 13:00:00,DATAR1,2023-06-10 13:00:00,131121.0,30.0,1.0,16.0,1.0,0.091,1.0,0.0017,1.0,0.47,1.0,0.0011,1.0,0.0075,1.0,0.0086,1.0,0.0,0.0,0.0,0.0,0.0,0.0,0.0,0.0
2023-06-10 14:00:00,DATAR1,2023-06-10 14:00:00,131121.0,31.0,1.0,18.0,1.0,0.0945,1.0,0.0017,1.0,0.5,1.0,0.0008,1.0,0.0086,1.0,0.0094,1.0,0.0,0.0,0.0,0.0,0.0,0.0,0.0,0.0
2023-06-10 15:00:00,DATAR1,2023-06-10 15:00:00,131121.0,35.0,1.0,18.0,1.0,0.0927,1.0,0.0016,1.0,0.46,1.0,0.0011,1.0,0.008,1.0,0.0091,1.0,0.0,0.0,0.0,0.0,0.0,0.0,0.0,0.0
2023-06-10 16:00:00,DATAR1,2023-06-10 16:00:00,131121.0,41.0,1.0,17.0,1.0,0.094,1.0,0.0015,1.0,0.44,1.0,0.0014,1.0,0.0086,1.0,0.01,1.0,0.0,0.0,0.0,0.0,0.0,0.0,0.0,0.0
2023-06-10 17:00:00,DATAR1,2023-06-10 17:00:00,131121.0,47.0,1.0,20.0,1.0,0.088,1.0,0.0016,1.0,0.41,1.0,0.0009,1.0,0.0103,1.0,0.0112,1.0,0.0,0.0,0.0,0.0,0.0,0.0,0.0,0.0
2023-06-10 18:00:00,DATAR1,2023-06-10 18:00:00,131121.0,48.0,1.0,20.0,1.0,0.0712,1.0,0.0017,1.0,0.49,1.0,0.0012,1.0,0.0111,1.0,0.0123,1.0,0.0,0.0,0.0,0.0,0.0,0.0,0.0,0.0
2023-06-10 19:00:00,DATAR1,2023-06-10 19:00:00,131121.0,32.0,1.0,15.0,1.0,0.0726,1.0,0.0016,1.0,0.38,1.0,0.0009,1.0,0.0101,1.0,0.011,1.0,0.0,0.0,0.0,0.0,0.0,0.0,0.0,0.0
2023-06-10 20:00:00,DATAR1,2023-06-10 20:00:00,131121.0,30.0,1.0,11.0,1.0,0.0661,1.0,0.0014,1.0,0.41,1.0,0.0007,1.0,0.011,1.0,0.0117,1.0,0.0,0.0,0.0,0.0,0.0,0.0,0.0,0.0
2023-06-10 21:00:00,DATAR1,2023-06-10 21:00:00,131121.0,23.0,1.0,11.0,1.0,0.0647,1.0,0.0013,1.0,0.54,1.0,0.0011,1.0,0.0084,1.0,0.0096,1.0,0.0,0.0,0.0,0.0,0.0,0.0,0.0,0.0
2023-06-10 22:00:00,DATAR1,2023-06-10 22:00:00,131121.0,22.0,1.0,9.0,1.0,0.0724,1.0,0.0012,1.0,0.42,1.0,0.0008,1.0,0.0059,1.0,0.0067,1.0,0.0,0.0,0.0,0.0,0.0,0.0,0.0,0.0
2023-06-10 23:00:00,DATAR1,2023-06-10 23:00:00,131121.0,21.0,1.0,11.0,1.0,0.067,1.0,0.0013,1.0,0.47,1.0,0.0009,1.0,0.0071,1.0,0.008,1.0,0.0,0.0,0.0,0.0,0.0,0.0,0.0,0.0
2023-06-11 00:00:00,DATAR1,2023-06-11 00:00:00,131121.0,20.0,1.0,9.0,1.0,0.0644,1.0,0.0013,1.0,0.47,1.0,0.0009,1.0,0.0071,1.0,0.008,1.0,0.0,0.0,0.0,0.0,0.0,0.0,0.0,0.0
2023-06-11 01:00:00,DATAR1,2023-06-11 01:00:00,131121.0,8.0,1.0,9.0,1.0,0.0572,1.0,0.0011,1.0,0.42,1.0,0.0012,1.0,0.0073,1.0,0.0086,1.0,0.0,0.0,0.0,0.0,0.0,0.0,0.0,0.0
2023-06-11 02:00:00,DATAR1,2023-06-11 02:00:00,131121.0,27.0,1.0,12.0,1.0,0.0556,1.0,0.0011,1.0,0.41,1.0,0.001,1.0,0.0063,1.0,0.0073,1.0,0.0,0.0,0.0,0.0,0.0,0.0,0.0,0.0
2023-06-11 03:00:00,DATAR1,2023-06-11 03:00:00,131121.0,11.0,1.0,9.0,1.0,0.0559,1.0,0.001,1.0,0.45,1.0,0.0009,1.0,0.0046,1.0,0.0055,1.0,0.0,0.0,0.0,0.0,0.0,0.0,0.0,0.0
2023-06-11 04:00:00,DATAR1,2023-06-11 04:00:00,131121.0,16.0,1.0,10.0,1.0,0.0493,1.0,0.001,1.0,0.48,1.0,0.001,1.0,0.0054,1.0,0.0064,1.0,0.0,0.0,0.0,0.0,0.0,0.0,0.0,0.0
2023-06-11 05:00:00,DATAR1,2023-06-11 05:00:00,131121.0,14.0,1.0,7.0,1.0,0.0474,1.0,0.0011,1.0,0.44,1.0,0.0009,1.0,0.0062,1.0,0.0071,1.0,0.0,0.0,0.0,0.0,0.0,0.0,0.0,0.0
2023-06-11 06:00:00,DATAR1,2023-06-11 06:00:00,131121.0,21.0,1.0,8.0,1.0,0.0465,1.0,0.001,1.0,0.41,1.0,0.0012,1.0,0.0065,1.0,0.0077,1.0,0.0,0.0,0.0,0.0,0.0,0.0,0.0,0.0
2023-06-11 07:00:00,DATAR1,2023-06-11 07:00:00,131121.0,13.0,1.0,9.0,1.0,0.0434,1.0,0.0011,1.0,0.32,1.0,0.0007,1.0,0.0094,1.0,0.0101,1.0,0.0,0.0,0.0,0.0,0.0,0.0,0.0,0.0
2023-06-11 08:00:00,DATAR1,2023-06-11 08:00:00,131121.0,17.0,1.0,9.0,1.0,0.0372,1.0,0.0011,1.0,0.36,1.0,0.0011,1.0,0.0111,1.0,0.0122,1.0,0.0,0.0,0.0,0.0,0.0,0.0,0.0,0.0
2023-06-11 09:00:00,DATAR1,2023-06-11 09:00:00,131121.0,16.0,1.0,8.0,1.0,0.0414,1.0,0.0012,1.0,0.36,1.0,0.0019,1.0,0.0102,1.0,0.0121,1.0,0.0,0.0,0.0,0.0,0.0,0.0,0.0,0.0
2023-06-11 10:00:00,DATAR1,2023-06-11 10:00:00,131121.0,8.0,1.0,8.0,1.0,0.0454,1.0,0.0012,1.0,0.39,1.0,0.0021,1.0,0.0093,1.0,0.0114,1.0,0.0,0.0,0.0,0.0,0.0,0.0,0.0,0.0
2023-06-11 11:00:00,DATAR1,2023-06-11 11:00:00,131121.0,23.0,1.0,9.0,1.0,0.0432,1.0,0.0012,1.0,0.44,1.0,0.0024,1.0,0.0102,1.0,0.0125,1.0,0.0,0.0,0.0,0.0,0.0,0.0,0.0,0.0
2023-06-11 12:00:00,DATAR1,2023-06-11 12:00:00,131121.0,26.0,1.0,11.0,1.0,0.0464,1.0,0.0012,1.0,0.42,1.0,0.002,1.0,0.0094,1.0,0.0114,1.0,0.0,0.0,0.0,0.0,0.0,0.0,0.0,0.0
2023-06-11 13:00:00,DATAR1,2023-06-11 13:00:00,131121.0,14.0,1.0,10.0,1.0,0.055,1.0,0.0012,1.0,0.45,1.0,0.0015,1.0,0.0067,1.0,0.0082,1.0,0.0,0.0,0.0,0.0,0.0,0.0,0.0,0.0
2023-06-11 14:00:00,DATAR1,2023-06-11 14:00:00,131121.0,15.0,1.0,10.0,1.0,0.0631,1.0,0.0012,1.0,0.46,1.0,0.0013,1.0,0.0059,1.0,0.0072,1.0,0.0,0.0,0.0,0.0,0.0,0.0,0.0,0.0
2023-06-11 15:00:00,DATAR1,2023-06-11 15:00:00,131121.0,26.0,1.0,14.0,1.0,0.0709,1.0,0.0012,1.0,0.43,1.0,0.0012,1.0,0.007,1.0,0.0082,1.0,0.0,0.0,0.0,0.0,0.0,0.0,0.0,0.0
2023-06-11 16:00:00,DATAR1,2023-06-11 16:00:00,131121.0,20.0,1.0,12.0,1.0,0.0729,1.0,0.0012,1.0,0.4,1.0,0.0014,1.0,0.0067,1.0,0.0081,1.0,0.0,0.0,0.0,0.0,0.0,0.0,0.0,0.0
2023-06-11 17:00:00,DATAR1,2023-06-11 17:00:00,131121.0,33.0,1.0,12.0,1.0,0.0635,1.0,0.0012,1.0,0.39,1.0,0.0012,1.0,0.0077,1.0,0.0089,1.0,0.0,0.0,0.0,0.0,0.0,0.0,0.0,0.0
2023-06-11 18:00:00,DATAR1,2023-06-11 18:00:00,131121.0,29.0,1.0,11.0,1.0,0.0632,1.0,0.0013,1.0,0.41,1.0,0.0011,1.0,0.0076,1.0,0.0087,1.0,0.0,0.0,0.0,0.0,0.0,0.0,0.0,0.0
2023-06-11 19:00:00,DATAR1,2023-06-11 19:00:00,131121.0,21.0,1.0,9.0,1.0,0.0643,1.0,0.0014,1.0,0.37,1.0,0.0011,1.0,0.0081,1.0,0.0092,1.0,0.0,0.0,0.0,0.0,0.0,0.0,0.0,0.0
2023-06-11 20:00:00,DATAR1,2023-06-11 20:00:00,131121.0,24.0,1.0,15.0,1.0,0.0562,1.0,0.0013,1.0,0.34,1.0,0.001,1.0,0.0072,1.0,0.0082,1.0,0.0,0.0,0.0,0.0,0.0,0.0,0.0,0.0
2023-06-11 21:00:00,DATAR1,2023-06-11 21:00:00,131121.0,20.0,1.0,11.0,1.0,0.0541,1.0,0.0014,1.0,0.37,1.0,0.0009,1.0,0.0117,1.0,0.0126,1.0,0.0,0.0,0.0,0.0,0.0,0.0,0.0,0.0
2023-06-11 22:00:00,DATAR1,2023-06-11 22:00:00,131121.0,25.0,1.0,8.0,1.0,0.0451,1.0,0.0013,1.0,0.43,1.0,0.0009,1.0,0.0164,1.0,0.0173,1.0,0.0,0.0,0.0,0.0,0.0,0.0,0.0,0.0
2023-06-11 23:00:00,DATAR1,2023-06-11 23:00:00,131121.0,33.0,1.0,14.0,1.0,0.0513,1.0,0.0015,1.0,0.5,1.0,0.001,1.0,0.0122,1.0,0.0132,1.0,0.0,0.0,0.0,0.0,0.0,0.0,0.0,0.0
2023-06-12 00:00:00,DATAR1,2023-06-12 00:00:00,131121.0,29.0,1.0,14.0,1.0,0.0399,1.0,0.0014,1.0,0.54,1.0,0.001,1.0,0.0135,1.0,0.0145,1.0,0.0,0.0,0.0,0.0,0.0,0.0,0.0,0.0
2023-06-12 01:00:00,DATAR1,2023-06-12 01:00:00,131121.0,31.0,1.0,15.0,1.0,0.0419,1.0,0.0014,1.0,0.45,1.0,0.0012,1.0,0.0127,1.0,0.0139,1.0,0.0,0.0,0.0,0.0,0.0,0.0,0.0,0.0
2023-06-12 02:00:00,DATAR1,2023-06-12 02:00:00,131121.0,43.0,1.0,16.0,1.0,0.0368,1.0,0.0013,1.0,0.46,1.0,0.0012,1.0,0.0138,1.0,0.015,1.0,0.0,0.0,0.0,0.0,0.0,0.0,0.0,0.0
2023-06-12 03:00:00,DATAR1,2023-06-12 03:00:00,131121.0,42.0,1.0,21.0,1.0,0.0346,1.0,0.0014,1.0,0.49,1.0,0.0013,1.0,0.0121,1.0,0.0135,1.0,0.0,0.0,0.0,0.0,0.0,0.0,0.0,0.0
2023-06-12 04:00:00,DATAR1,2023-06-12 04:00:00,131121.0,30.0,1.0,21.0,1.0,0.0312,1.0,0.0012,1.0,0.52,1.0,0.0011,1.0,0.0106,1.0,0.0117,1.0,0.0,0.0,0.0,0.0,0.0,0.0,0.0,0.0
2023-06-12 05:00:00,DATAR1,2023-06-12 05:00:00,131121.0,37.0,1.0,21.0,1.0,0.0294,1.0,0.0012,1.0,0.53,1.0,0.0011,1.0,0.0105,1.0,0.0115,1.0,0.0,0.0,0.0,0.0,0.0,0.0,0.0,0.0
2023-06-12 06:00:00,DATAR1,2023-06-12 06:00:00,131121.0,29.0,1.0,19.0,1.0,0.0218,1.0,0.0013,1.0,0.58,1.0,0.0032,1.0,0.02,1.0,0.0231,1.0,0.0,0.0,0.0,0.0,0.0,0.0,0.0,0.0
2023-06-12 07:00:00,DATAR1,2023-06-12 07:00:00,131121.0,34.0,1.0,19.0,1.0,0.0176,1.0,0.0015,1.0,0.49,1.0,0.005,1.0,0.0265,1.0,0.0314,1.0,0.0,0.0,0.0,0.0,0.0,0.0,0.0,0.0
2023-06-12 08:00:00,DATAR1,2023-06-12 08:00:00,131121.0,25.0,1.0,15.0,1.0,0.0301,1.0,0.0014,1.0,0.45,1.0,0.0038,1.0,0.016,1.0,0.0198,1.0,0.0,0.0,0.0,0.0,0.0,0.0,0.0,0.0
2023-06-12 09:00:00,DATAR1,2023-06-12 09:00:00,131121.0,,2.0,16.0,1.0,0.0493,1.0,0.0015,1.0,0.42,1.0,0.0024,1.0,0.0127,1.0,0.015,1.0,0.0,0.0,0.0,0.0,0.0,0.0,0.0,0.0
2023-06-12 10:00:00,DATAR1,2023-06-12 10:00:00,131121.0,19.0,1.0,16.0,1.0,0.0566,1.0,0.0015,1.0,0.39,1.0,0.0021,1.0,0.0118,1.0,0.0139,1.0,0.0,0.0,0.0,0.0,0.0,0.0,0.0,0.0
2023-06-12 11:00:00,DATAR1,2023-06-12 11:00:00,131121.0,24.0,1.0,10.0,1.0,0.0552,1.0,0.0015,1.0,0.38,1.0,0.0021,1.0,0.0114,1.0,0.0135,1.0,0.0,0.0,0.0,0.0,0.0,0.0,0.0,0.0
2023-06-12 12:00:00,DATAR1,2023-06-12 12:00:00,131121.0,24.0,1.0,14.0,1.0,0.0605,1.0,0.0014,1.0,0.4,1.0,0.0023,1.0,0.0134,1.0,0.0157,1.0,0.0,0.0,0.0,0.0,0.0,0.0,0.0,0.0
2023-06-12 13:00:00,DATAR1,2023-06-12 13:00:00,131121.0,24.0,1.0,17.0,1.0,0.0715,1.0,0.0013,1.0,0.37,1.0,0.0018,1.0,0.0121,1.0,0.0139,1.0,0.0,0.0,0.0,0.0,0.0,0.0,0.0,0.0
2023-06-12 14:00:00,DATAR1,2023-06-12 14:00:00,131121.0,26.0,1.0,13.0,1.0,0.0772,1.0,0.0013,1.0,0.38,1.0,0.0018,1.0,0.0126,1.0,0.0144,1.0,0.0,0.0,0.0,0.0,0.0,0.0,0.0,0.0
2023-06-12 15:00:00,DATAR1,2023-06-12 15:00:00,131121.0,22.0,1.0,14.0,1.0,0.0901,1.0,0.0015,1.0,0.41,1.0,0.0017,1.0,0.0137,1.0,0.0154,1.0,0.0,0.0,0.0,0.0,0.0,0.0,0.0,0.0
2023-06-12 16:00:00,DATAR1,2023-06-12 16:00:00,131121.0,,3.0,,3.0,,3.0,,3.0,,3.0,,3.0,,3.0,,3.0,0.0,0.0,0.0,0.0,0.0,0.0,0.0,0.0
2023-06-12 17:00:00,DATAR1,2023-06-12 17:00:00,131121.0,38.0,1.0,22.0,1.0,0.0802,1.0,0.0031,1.0,0.35,1.0,0.0013,1.0,0.0162,1.0,0.0175,1.0,0.0,0.0,0.0,0.0,0.0,0.0,0.0,0.0
2023-06-12 18:00:00,DATAR1,2023-06-12 18:00:00,131121.0,44.0,1.0,17.0,1.0,0.0754,1.0,0.0025,1.0,0.4,1.0,0.0013,1.0,0.0164,1.0,0.0177,1.0,0.0,0.0,0.0,0.0,0.0,0.0,0.0,0.0
2023-06-12 19:00:00,DATAR1,2023-06-12 19:00:00,131121.0,41.0,1.0,15.0,1.0,0.0509,1.0,0.0021,1.0,0.37,1.0,0.0012,1.0,0.0238,1.0,0.025,1.0,0.0,0.0,0.0,0.0,0.0,0.0,0.0,0.0
2023-06-12 20:00:00,DATAR1,2023-06-12 20:00:00,131121.0,28.0,1.0,16.0,1.0,0.0396,1.0,0.002,1.0,0.44,1.0,0.0016,1.0,0.0278,1.0,0.0294,1.0,0.0,0.0,0.0,0.0,0.0,0.0,0.0,0.0
2023-06-12 21:00:00,DATAR1,2023-06-12 21:00:00,131121.0,36.0,1.0,13.0,1.0,0.0373,1.0,0.0016,1.0,0.51,1.0,0.0014,1.0,0.0245,1.0,0.0258,1.0,0.0,0.0,0.0,0.0,0.0,0.0,0.0,0.0
2023-06-12 22:00:00,DATAR1,2023-06-12 22:00:00,131121.0,33.0,1.0,15.0,1.0,0.029,1.0,0.0016,1.0,0.55,1.0,0.0013,1.0,0.0284,1.0,0.0296,1.0,0.0,0.0,0.0,0.0,0.0,0.0,0.0,0.0
2023-06-12 23:00:00,DATAR1,2023-06-12 23:00:00,131121.0,36.0,1.0,15.0,1.0,0.0229,1.0,0.0019,1.0,0.59,1.0,0.0015,1.0,0.0324,1.0,0.0339,1.0,0.0,0.0,0.0,0.0,0.0,0.0,0.0,0.0
2023-06-13 00:00:00,DATAR1,2023-06-13 00:00:00,131121.0,43.0,1.0,19.0,1.0,0.0218,1.0,0.0019,1.0,0.57,1.0,0.001,1.0,0.0302,1.0,0.0312,1.0,0.0,0.0,0.0,0.0,0.0,0.0,0.0,0.0
2023-06-13 01:00:00,DATAR1,2023-06-13 01:00:00,131121.0,39.0,1.0,18.0,1.0,0.0185,1.0,0.002,1.0,0.53,1.0,0.0012,1.0,0.0299,1.0,0.0311,1.0,0.0,0.0,0.0,0.0,0.0,0.0,0.0,0.0
2023-06-13 02:00:00,DATAR1,2023-06-13 02:00:00,131121.0,50.0,1.0,16.0,1.0,0.0234,1.0,0.0017,1.0,0.48,1.0,0.0012,1.0,0.0226,1.0,0.0238,1.0,0.0,0.0,0.0,0.0,0.0,0.0,0.0,0.0
2023-06-13 03:00:00,DATAR1,2023-06-13 03:00:00,131121.0,36.0,1.0,19.0,1.0,0.0254,1.0,0.0014,1.0,0.52,1.0,0.0013,1.0,0.0169,1.0,0.0182,1.0,0.0,0.0,0.0,0.0,0.0,0.0,0.0,0.0
2023-06-13 04:00:00,DATAR1,2023-06-13 04:00:00,131121.0,44.0,1.0,21.0,1.0,0.0136,1.0,0.0015,1.0,0.58,1.0,0.0015,1.0,0.0249,1.0,0.0264,1.0,0.0,0.0,0.0,0.0,0.0,0.0,0.0,0.0
2023-06-13 05:00:00,DATAR1,2023-06-13 05:00:00,131121.0,49.0,1.0,28.0,1.0,0.01,1.0,0.0016,1.0,0.56,1.0,0.0013,1.0,0.0269,1.0,0.0282,1.0,0.0,0.0,0.0,0.0,0.0,0.0,0.0,0.0
2023-06-13 06:00:00,DATAR1,2023-06-13 06:00:00,131121.0,38.0,1.0,25.0,1.0,0.0122,1.0,0.0015,1.0,0.53,1.0,0.0022,1.0,0.0249,1.0,0.0271,1.0,0.0,0.0,0.0,0.0,0.0,0.0,0.0,0.0
2023-06-13 07:00:00,DATAR1,2023-06-13 07:00:00,131121.0,30.0,1.0,22.0,1.0,0.0154,1.0,0.0016,1.0,0.46,1.0,0.0041,1.0,0.0237,1.0,0.0278,1.0,0.0,0.0,0.0,0.0,0.0,0.0,0.0,0.0
2023-06-13 08:00:00,DATAR1,2023-06-13 08:00:00,131121.0,24.0,1.0,20.0,1.0,0.0233,1.0,0.0018,1.0,0.48,1.0,0.0045,1.0,0.0206,1.0,0.0251,1.0,0.0,0.0,0.0,0.0,0.0,0.0,0.0,0.0
2023-06-13 09:00:00,DATAR1,2023-06-13 09:00:00,131121.0,15.0,1.0,17.0,1.0,0.0414,1.0,0.0018,1.0,0.43,1.0,0.0039,1.0,0.0167,1.0,0.0206,1.0,0.0,0.0,0.0,0.0,0.0,0.0,0.0,0.0
2023-06-13 10:00:00,DATAR1,2023-06-13 10:00:00,131121.0,23.0,1.0,18.0,1.0,0.0481,1.0,0.0021,1.0,0.47,1.0,0.0038,1.0,0.0183,1.0,0.0221,1.0,0.0,0.0,0.0,0.0,0.0,0.0,0.0,0.0
2023-06-13 11:00:00,DATAR1,2023-06-13 11:00:00,131121.0,18.0,1.0,9.0,1.0,0.0644,1.0,0.0024,1.0,0.39,1.0,0.0028,1.0,0.0174,1.0,0.0202,1.0,0.0,0.0,0.0,0.0,0.0,0.0,0.0,0.0
2023-06-13 12:00:00,DATAR1,2023-06-13 12:00:00,131121.0,20.0,1.0,11.0,1.0,0.0807,1.0,0.0023,1.0,0.34,1.0,0.0019,1.0,0.0117,1.0,0.0136,1.0,0.0,0.0,0.0,0.0,0.0,0.0,0.0,0.0
2023-06-13 13:00:00,DATAR1,2023-06-13 13:00:00,131121.0,15.0,1.0,11.0,1.0,0.0806,1.0,0.0018,1.0,0.31,1.0,0.0016,1.0,0.0102,1.0,0.0118,1.0,0.0,0.0,0.0,0.0,0.0,0.0,0.0,0.0
2023-06-13 14:00:00,DATAR1,2023-06-13 14:00:00,131121.0,28.0,1.0,14.0,1.0,0.0886,1.0,0.0016,1.0,0.42,1.0,0.0016,1.0,0.0118,1.0,0.0134,1.0,0.0,0.0,0.0,0.0,0.0,0.0,0.0,0.0
2023-06-13 15:00:00,DATAR1,2023-06-13 15:00:00,131121.0,36.0,1.0,16.0,1.0,0.0867,1.0,0.0018,1.0,0.35,1.0,0.0013,1.0,0.0116,1.0,0.0128,1.0,0.0,0.0,0.0,0.0,0.0,0.0,0.0,0.0
2023-06-13 16:00:00,DATAR1,2023-06-13 16:00:00,131121.0,25.0,1.0,16.0,1.0,0.0826,1.0,0.0019,1.0,0.33,1.0,0.0014,1.0,0.011,1.0,0.0124,1.0,0.0,0.0,0.0,0.0,0.0,0.0,0.0,0.0
2023-06-13 17:00:00,DATAR1,2023-06-13 17:00:00,131121.0,28.0,1.0,12.0,1.0,0.0729,1.0,0.0023,1.0,0.35,1.0,0.0014,1.0,0.0108,1.0,0.0123,1.0,0.0,0.0,0.0,0.0,0.0,0.0,0.0,0.0
2023-06-13 18:00:00,DATAR1,2023-06-13 18:00:00,131121.0,27.0,1.0,11.0,1.0,0.066,1.0,0.0015,1.0,0.23,1.0,0.0014,1.0,0.0101,1.0,0.0115,1.0,0.0,0.0,0.0,0.0,0.0,0.0,0.0,0.0
2023-06-13 19:00:00,DATAR1,2023-06-13 19:00:00,131121.0,26.0,1.0,10.0,1.0,0.064,1.0,0.0014,1.0,0.31,1.0,0.0013,1.0,0.0109,1.0,0.0122,1.0,0.0,0.0,0.0,0.0,0.0,0.0,0.0,0.0
2023-06-13 20:00:00,DATAR1,2023-06-13 20:00:00,131121.0,30.0,1.0,14.0,1.0,0.0586,1.0,0.0014,1.0,0.36,1.0,0.0012,1.0,0.0123,1.0,0.0135,1.0,0.0,0.0,0.0,0.0,0.0,0.0,0.0,0.0
2023-06-13 21:00:00,DATAR1,2023-06-13 21:00:00,131121.0,24.0,1.0,12.0,1.0,0.0594,1.0,0.0015,1.0,0.46,1.0,0.0013,1.0,0.0126,1.0,0.0139,1.0,0.0,0.0,0.0,0.0,0.0,0.0,0.0,0.0
2023-06-13 22:00:00,DATAR1,2023-06-13 22:00:00,131121.0,22.0,1.0,11.0,1.0,0.0503,1.0,0.0013,1.0,0.48,1.0,0.001,1.0,0.0133,1.0,0.0144,1.0,0.0,0.0,0.0,0.0,0.0,0.0,0.0,0.0
2023-06-13 23:00:00,DATAR1,2023-06-13 23:00:00,131121.0,40.0,1.0,11.0,1.0,0.0424,1.0,0.0013,1.0,0.4,1.0,0.0008,1.0,0.014,1.0,0.0149,1.0,0.0,0.0,0.0,0.0,0.0,0.0,0.0,0.0
2023-06-14 00:00:00,DATAR1,2023-06-14 00:00:00,131121.0,27.0,1.0,11.0,1.0,0.0412,1.0,0.0013,1.0,0.39,1.0,0.001,1.0,0.0122,1.0,0.0132,1.0,0.0,0.0,0.0,0.0,0.0,0.0,0.0,0.0
2023-06-14 01:00:00,DATAR1,2023-06-14 01:00:00,131121.0,24.0,1.0,12.0,1.0,0.0371,1.0,0.0015,1.0,0.37,1.0,0.001,1.0,0.0125,1.0,0.0135,1.0,0.0,0.0,0.0,0.0,0.0,0.0,0.0,0.0
2023-06-14 02:00:00,DATAR1,2023-06-14 02:00:00,131121.0,25.0,1.0,12.0,1.0,0.0361,1.0,0.0015,1.0,0.37,1.0,0.0009,1.0,0.0115,1.0,0.0123,1.0,0.0,0.0,0.0,0.0,0.0,0.0,0.0,0.0
2023-06-14 03:00:00,DATAR1,2023-06-14 03:00:00,131121.0,24.0,1.0,17.0,1.0,0.0321,1.0,0.0016,1.0,0.38,1.0,0.001,1.0,0.0123,1.0,0.0133,1.0,0.0,0.0,0.0,0.0,0.0,0.0,0.0,0.0
2023-06-14 04:00:00,DATAR1,2023-06-14 04:00:00,131121.0,31.0,1.0,18.0,1.0,0.0257,1.0,0.0016,1.0,0.41,1.0,0.0011,1.0,0.0129,1.0,0.014,1.0,0.0,0.0,0.0,0.0,0.0,0.0,0.0,0.0
2023-06-14 05:00:00,DATAR1,2023-06-14 05:00:00,131121.0,21.0,1.0,16.0,1.0,0.0205,1.0,0.0014,1.0,0.47,1.0,0.0012,1.0,0.0146,1.0,0.0158,1.0,0.0,0.0,0.0,0.0,0.0,0.0,0.0,0.0
2023-06-14 06:00:00,DATAR1,2023-06-14 06:00:00,131121.0,34.0,1.0,17.0,1.0,0.0127,1.0,0.0015,1.0,0.46,1.0,0.0028,1.0,0.0227,1.0,0.0255,1.0,0.0,0.0,0.0,0.0,0.0,0.0,0.0,0.0
2023-06-14 07:00:00,DATAR1,2023-06-14 07:00:00,131121.0,32.0,1.0,18.0,1.0,0.0088,1.0,0.0015,1.0,0.45,1.0,0.0059,1.0,0.0249,1.0,0.0308,1.0,0.0,0.0,0.0,0.0,0.0,0.0,0.0,0.0
2023-06-14 08:00:00,DATAR1,2023-06-14 08:00:00,131121.0,24.0,1.0,18.0,1.0,0.0104,1.0,0.0017,1.0,0.48,1.0,0.01,1.0,0.0259,1.0,0.0359,1.0,0.0,0.0,0.0,0.0,0.0,0.0,0.0,0.0
2023-06-14 09:00:00,DATAR1,2023-06-14 09:00:00,131121.0,26.0,1.0,16.0,1.0,0.0177,1.0,0.0017,1.0,0.47,1.0,0.0058,1.0,0.022,1.0,0.0279,1.0,0.0,0.0,0.0,0.0,0.0,0.0,0.0,0.0
2023-06-14 10:00:00,DATAR1,2023-06-14 10:00:00,131121.0,17.0,1.0,16.0,1.0,0.0381,1.0,0.0015,1.0,0.44,1.0,0.0028,1.0,0.0131,1.0,0.016,1.0,0.0,0.0,0.0,0.0,0.0,0.0,0.0,0.0
2023-06-14 11:00:00,DATAR1,2023-06-14 11:00:00,131121.0,23.0,1.0,16.0,1.0,0.0507,1.0,0.0015,1.0,0.43,1.0,0.0019,1.0,0.011,1.0,0.0128,1.0,0.0,0.0,0.0,0.0,0.0,0.0,0.0,0.0
2023-06-14 12:00:00,DATAR1,2023-06-14 12:00:00,131121.0,17.0,1.0,17.0,1.0,0.0658,1.0,0.0015,1.0,0.41,1.0,0.0015,1.0,0.0108,1.0,0.0123,1.0,0.0,0.0,0.0,0.0,0.0,0.0,0.0,0.0
2023-06-14 13:00:00,DATAR1,2023-06-14 13:00:00,131121.0,63.0,1.0,19.0,1.0,0.0598,1.0,0.0016,1.0,0.46,1.0,0.0017,1.0,0.0186,1.0,0.0204,1.0,0.0,0.0,0.0,0.0,0.0,0.0,0.0,0.0
2023-06-14 14:00:00,DATAR1,2023-06-14 14:00:00,131121.0,33.0,1.0,20.0,1.0,0.0709,1.0,0.0015,1.0,0.48,1.0,0.0016,1.0,0.0139,1.0,0.0156,1.0,0.0,0.0,0.0,0.0,0.0,0.0,0.0,0.0
2023-06-14 15:00:00,DATAR1,2023-06-14 15:00:00,131121.0,38.0,1.0,18.0,1.0,0.0748,1.0,0.0016,1.0,0.43,1.0,0.0019,1.0,0.0136,1.0,0.0155,1.0,0.0,0.0,0.0,0.0,0.0,0.0,0.0,0.0
2023-06-14 16:00:00,DATAR1,2023-06-14 16:00:00,131121.0,32.0,1.0,16.0,1.0,0.0739,1.0,0.0017,1.0,0.44,1.0,0.0018,1.0,0.019,1.0,0.0209,1.0,0.0,0.0,0.0,0.0,0.0,0.0,0.0,0.0
2023-06-14 17:00:00,DATAR1,2023-06-14 17:00:00,131121.0,28.0,1.0,21.0,1.0,0.0772,1.0,0.0019,1.0,0.47,1.0,0.0021,1.0,0.0206,1.0,0.0226,1.0,0.0,0.0,0.0,0.0,0.0,0.0,0.0,0.0
2023-06-14 18:00:00,DATAR1,2023-06-14 18:00:00,131121.0,30.0,1.0,19.0,1.0,0.0863,1.0,0.0018,1.0,0.45,1.0,0.0013,1.0,0.018,1.0,0.0193,1.0,0.0,0.0,0.0,0.0,0.0,0.0,0.0,0.0
2023-06-14 19:00:00,DATAR1,2023-06-14 19:00:00,131121.0,49.0,1.0,23.0,1.0,0.083,1.0,0.0019,1.0,0.43,1.0,0.0015,1.0,0.0202,1.0,0.0217,1.0,0.0,0.0,0.0,0.0,0.0,0.0,0.0,0.0
2023-06-14 20:00:00,DATAR1,2023-06-14 20:00:00,131121.0,44.0,1.0,21.0,1.0,0.074,1.0,0.0017,1.0,0.45,1.0,0.0009,1.0,0.0206,1.0,0.0216,1.0,0.0,0.0,0.0,0.0,0.0,0.0,0.0,0.0
2023-06-14 21:00:00,DATAR1,2023-06-14 21:00:00,131121.0,35.0,1.0,19.0,1.0,0.0584,1.0,0.0015,1.0,0.49,1.0,0.0012,1.0,0.0202,1.0,0.0214,1.0,0.0,0.0,0.0,0.0,0.0,0.0,0.0,0.0
2023-06-14 22:00:00,DATAR1,2023-06-14 22:00:00,131121.0,32.0,1.0,17.0,1.0,0.0392,1.0,0.0015,1.0,0.48,1.0,0.0009,1.0,0.0205,1.0,0.0214,1.0,0.0,0.0,0.0,0.0,0.0,0.0,0.0,0.0
2023-06-14 23:00:00,DATAR1,2023-06-14 23:00:00,131121.0,32.0,1.0,14.0,1.0,0.0346,1.0,0.0015,1.0,0.51,1.0,0.0012,1.0,0.0219,1.0,0.0231,1.0,0.0,0.0,0.0,0.0,0.0,0.0,0.0,0.0
2023-06-15 00:00:00,DATAR1,2023-06-15 00:00:00,131121.0,29.0,1.0,15.0,1.0,0.0349,1.0,0.0014,1.0,0.52,1.0,0.0012,1.0,0.0184,1.0,0.0195,1.0,0.0,0.0,0.0,0.0,0.0,0.0,0.0,0.0
2023-06-15 01:00:00,DATAR1,2023-06-15 01:00:00,131121.0,22.0,1.0,9.0,1.0,0.0401,1.0,0.0014,1.0,0.47,1.0,0.001,1.0,0.0154,1.0,0.0164,1.0,0.0,0.0,0.0,0.0,0.0,0.0,0.0,0.0
2023-06-15 02:00:00,DATAR1,2023-06-15 02:00:00,131121.0,32.0,1.0,10.0,1.0,0.0389,1.0,0.0016,1.0,0.45,1.0,0.001,1.0,0.0161,1.0,0.0171,1.0,0.0,0.0,0.0,0.0,0.0,0.0,0.0,0.0
2023-06-15 03:00:00,DATAR1,2023-06-15 03:00:00,131121.0,35.0,1.0,17.0,1.0,0.0366,1.0,0.0015,1.0,0.46,1.0,0.0009,1.0,0.0124,1.0,0.0133,1.0,0.0,0.0,0.0,0.0,0.0,0.0,0.0,0.0
2023-06-15 04:00:00,DATAR1,2023-06-15 04:00:00,131121.0,29.0,1.0,20.0,1.0,0.034,1.0,0.0013,1.0,0.46,1.0,0.0009,1.0,0.0111,1.0,0.0121,1.0,0.0,0.0,0.0,0.0,0.0,0.0,0.0,0.0
2023-06-15 05:00:00,DATAR1,2023-06-15 05:00:00,131121.0,37.0,1.0,22.0,1.0,0.0243,1.0,0.0014,1.0,0.44,1.0,0.0009,1.0,0.0138,1.0,0.0147,1.0,0.0,0.0,0.0,0.0,0.0,0.0,0.0,0.0
2023-06-15 06:00:00,DATAR1,2023-06-15 06:00:00,131121.0,32.0,1.0,26.0,1.0,0.0205,1.0,0.0014,1.0,0.46,1.0,0.0015,1.0,0.0187,1.0,0.0202,1.0,0.0,0.0,0.0,0.0,0.0,0.0,0.0,0.0
2023-06-15 07:00:00,DATAR1,2023-06-15 07:00:00,131121.0,26.0,1.0,22.0,1.0,0.0216,1.0,0.0014,1.0,0.48,1.0,0.0031,1.0,0.0218,1.0,0.0248,1.0,0.0,0.0,0.0,0.0,0.0,0.0,0.0,0.0
2023-06-15 08:00:00,DATAR1,2023-06-15 08:00:00,131121.0,17.0,1.0,15.0,1.0,0.0337,1.0,0.0014,1.0,0.42,1.0,0.0032,1.0,0.0164,1.0,0.0196,1.0,0.0,0.0,0.0,0.0,0.0,0.0,0.0,0.0
2023-06-15 09:00:00,DATAR1,2023-06-15 09:00:00,131121.0,13.0,1.0,15.0,1.0,0.0384,1.0,0.0014,1.0,0.42,1.0,0.0032,1.0,0.015,1.0,0.0182,1.0,0.0,0.0,0.0,0.0,0.0,0.0,0.0,0.0
2023-06-15 10:00:00,DATAR1,2023-06-15 10:00:00,131121.0,22.0,1.0,11.0,1.0,0.0482,1.0,0.0015,1.0,0.43,1.0,0.0024,1.0,0.0121,1.0,0.0144,1.0,0.0,0.0,0.0,0.0,0.0,0.0,0.0,0.0
2023-06-15 11:00:00,DATAR1,2023-06-15 11:00:00,131121.0,28.0,1.0,18.0,1.0,0.0527,1.0,0.0014,1.0,0.45,1.0,0.0021,1.0,0.0139,1.0,0.016,1.0,0.0,0.0,0.0,0.0,0.0,0.0,0.0,0.0
2023-06-15 12:00:00,DATAR1,2023-06-15 12:00:00,131121.0,31.0,1.0,16.0,1.0,0.0511,1.0,0.0014,1.0,0.48,1.0,0.0028,1.0,0.0199,1.0,0.0227,1.0,0.0,0.0,0.0,0.0,0.0,0.0,0.0,0.0
2023-06-15 13:00:00,DATAR1,2023-06-15 13:00:00,131121.0,35.0,1.0,16.0,1.0,0.0601,1.0,0.0017,1.0,0.49,1.0,0.0025,1.0,0.0203,1.0,0.0228,1.0,0.0,0.0,0.0,0.0,0.0,0.0,0.0,0.0
2023-06-15 14:00:00,DATAR1,2023-06-15 14:00:00,131121.0,36.0,1.0,18.0,1.0,0.0685,1.0,0.0019,1.0,0.52,1.0,0.0028,1.0,0.021,1.0,0.0238,1.0,0.0,0.0,0.0,0.0,0.0,0.0,0.0,0.0
2023-06-15 15:00:00,DATAR1,2023-06-15 15:00:00,131121.0,36.0,1.0,21.0,1.0,0.0855,1.0,0.0017,1.0,0.47,1.0,0.0018,1.0,0.017,1.0,0.0188,1.0,0.0,0.0,0.0,0.0,0.0,0.0,0.0,0.0
2023-06-15 16:00:00,DATAR1,2023-06-15 16:00:00,131121.0,30.0,1.0,24.0,1.0,0.0946,1.0,0.0016,1.0,0.45,1.0,0.0015,1.0,0.0154,1.0,0.017,1.0,0.0,0.0,0.0,0.0,0.0,0.0,0.0,0.0
2023-06-15 17:00:00,DATAR1,2023-06-15 17:00:00,131121.0,57.0,1.0,25.0,1.0,0.0959,1.0,0.0018,1.0,0.42,1.0,0.0014,1.0,0.0164,1.0,0.0178,1.0,0.0,0.0,0.0,0.0,0.0,0.0,0.0,0.0
2023-06-15 18:00:00,DATAR1,2023-06-15 18:00:00,131121.0,71.0,1.0,27.0,1.0,0.0826,1.0,0.0018,1.0,0.39,1.0,0.0014,1.0,0.016,1.0,0.0175,1.0,0.0,0.0,0.0,0.0,0.0,0.0,0.0,0.0
2023-06-15 19:00:00,DATAR1,2023-06-15 19:00:00,131121.0,53.0,1.0,24.0,1.0,0.0745,1.0,0.0015,1.0,0.46,1.0,0.0015,1.0,0.0199,1.0,0.0214,1.0,0.0,0.0,0.0,0.0,0.0,0.0,0.0,0.0
2023-06-15 20:00:00,DATAR1,2023-06-15 20:00:00,131121.0,41.0,1.0,21.0,1.0,0.0638,1.0,0.0015,1.0,0.42,1.0,0.0013,1.0,0.0163,1.0,0.0176,1.0,0.0,0.0,0.0,0.0,0.0,0.0,0.0,0.0
2023-06-15 21:00:00,DATAR1,2023-06-15 21:00:00,131121.0,32.0,1.0,21.0,1.0,0.0504,1.0,0.0014,1.0,0.41,1.0,0.001,1.0,0.0169,1.0,0.018,1.0,0.0,0.0,0.0,0.0,0.0,0.0,0.0,0.0
2023-06-15 22:00:00,DATAR1,2023-06-15 22:00:00,131121.0,36.0,1.0,17.0,1.0,0.0396,1.0,0.0015,1.0,0.43,1.0,0.001,1.0,0.0162,1.0,0.0172,1.0,0.0,0.0,0.0,0.0,0.0,0.0,0.0,0.0
2023-06-15 23:00:00,DATAR1,2023-06-15 23:00:00,131121.0,18.0,1.0,16.0,1.0,0.0425,1.0,0.0016,1.0,0.39,1.0,0.0011,1.0,0.012,1.0,0.0132,1.0,0.0,0.0,0.0,0.0,0.0,0.0,0.0,0.0
2023-06-16 00:00:00,DATAR1,2023-06-16 00:00:00,131121.0,27.0,1.0,14.0,1.0,0.0393,1.0,0.0017,1.0,0.43,1.0,0.0011,1.0,0.0138,1.0,0.0148,1.0,0.0,0.0,0.0,0.0,0.0,0.0,0.0,0.0
2023-06-16 01:00:00,DATAR1,2023-06-16 01:00:00,131121.0,24.0,1.0,18.0,1.0,0.0377,1.0,0.0017,1.0,0.44,1.0,0.0011,1.0,0.0154,1.0,0.0165,1.0,0.0,0.0,0.0,0.0,0.0,0.0,0.0,0.0
2023-06-16 02:00:00,DATAR1,2023-06-16 02:00:00,131121.0,36.0,1.0,22.0,1.0,0.0361,1.0,0.0017,1.0,0.46,1.0,0.0008,1.0,0.0153,1.0,0.0162,1.0,0.0,0.0,0.0,0.0,0.0,0.0,0.0,0.0
2023-06-16 03:00:00,DATAR1,2023-06-16 03:00:00,131121.0,45.0,1.0,24.0,1.0,0.0338,1.0,0.0017,1.0,0.49,1.0,0.0008,1.0,0.0132,1.0,0.014,1.0,0.0,0.0,0.0,0.0,0.0,0.0,0.0,0.0
2023-06-16 04:00:00,DATAR1,2023-06-16 04:00:00,131121.0,39.0,1.0,25.0,1.0,0.0339,1.0,0.0016,1.0,0.47,1.0,0.001,1.0,0.0111,1.0,0.0121,1.0,0.0,0.0,0.0,0.0,0.0,0.0,0.0,0.0
2023-06-16 05:00:00,DATAR1,2023-06-16 05:00:00,131121.0,28.0,1.0,28.0,1.0,0.0339,1.0,0.0015,1.0,0.43,1.0,0.0008,1.0,0.0101,1.0,0.0109,1.0,0.0,0.0,0.0,0.0,0.0,0.0,0.0,0.0
2023-06-16 06:00:00,DATAR1,2023-06-16 06:00:00,131121.0,26.0,1.0,22.0,1.0,0.0307,1.0,0.0016,1.0,0.44,1.0,0.0012,1.0,0.013,1.0,0.0141,1.0,0.0,0.0,0.0,0.0,0.0,0.0,0.0,0.0
2023-06-16 07:00:00,DATAR1,2023-06-16 07:00:00,131121.0,20.0,1.0,18.0,1.0,0.0276,1.0,0.0016,1.0,0.44,1.0,0.0025,1.0,0.0176,1.0,0.0201,1.0,0.0,0.0,0.0,0.0,0.0,0.0,0.0,0.0
2023-06-16 08:00:00,DATAR1,2023-06-16 08:00:00,131121.0,20.0,1.0,17.0,1.0,0.0313,1.0,0.0016,1.0,0.45,1.0,0.0027,1.0,0.0165,1.0,0.0192,1.0,0.0,0.0,0.0,0.0,0.0,0.0,0.0,0.0
2023-06-16 09:00:00,DATAR1,2023-06-16 09:00:00,131121.0,13.0,1.0,16.0,1.0,0.0317,1.0,0.0018,1.0,0.45,1.0,0.0051,1.0,0.0206,1.0,0.0257,1.0,0.0,0.0,0.0,0.0,0.0,0.0,0.0,0.0
2023-06-16 10:00:00,DATAR1,2023-06-16 10:00:00,131121.0,19.0,1.0,14.0,1.0,0.0372,1.0,0.0021,1.0,0.44,1.0,0.0053,1.0,0.0217,1.0,0.027,1.0,0.0,0.0,0.0,0.0,0.0,0.0,0.0,0.0
2023-06-16 11:00:00,DATAR1,2023-06-16 11:00:00,131121.0,23.0,1.0,14.0,1.0,0.0475,1.0,0.0025,1.0,0.37,1.0,0.0037,1.0,0.0167,1.0,0.0204,1.0,0.0,0.0,0.0,0.0,0.0,0.0,0.0,0.0
2023-06-16 12:00:00,DATAR1,2023-06-16 12:00:00,131121.0,30.0,1.0,13.0,1.0,0.059,1.0,0.0021,1.0,0.33,1.0,0.0028,1.0,0.0146,1.0,0.0174,1.0,0.0,0.0,0.0,0.0,0.0,0.0,0.0,0.0
2023-06-16 13:00:00,DATAR1,2023-06-16 13:00:00,131121.0,31.0,1.0,14.0,1.0,0.0729,1.0,0.002,1.0,0.4,1.0,0.002,1.0,0.0146,1.0,0.0166,1.0,0.0,0.0,0.0,0.0,0.0,0.0,0.0,0.0
2023-06-16 14:00:00,DATAR1,2023-06-16 14:00:00,131121.0,27.0,1.0,14.0,1.0,0.088,1.0,0.0019,1.0,0.44,1.0,0.0014,1.0,0.0151,1.0,0.0165,1.0,0.0,0.0,0.0,0.0,0.0,0.0,0.0,0.0
2023-06-16 15:00:00,DATAR1,2023-06-16 15:00:00,131121.0,38.0,1.0,15.0,1.0,0.0977,1.0,0.0026,1.0,0.43,1.0,0.0016,1.0,0.0162,1.0,0.0178,1.0,0.0,0.0,0.0,0.0,0.0,0.0,0.0,0.0
2023-06-16 16:00:00,DATAR1,2023-06-16 16:00:00,131121.0,42.0,1.0,19.0,1.0,0.0938,1.0,0.0022,1.0,0.44,1.0,0.0013,1.0,0.017,1.0,0.0183,1.0,0.0,0.0,0.0,0.0,0.0,0.0,0.0,0.0
2023-06-16 17:00:00,DATAR1,2023-06-16 17:00:00,131121.0,41.0,1.0,20.0,1.0,0.0863,1.0,0.0022,1.0,0.43,1.0,0.0014,1.0,0.0187,1.0,0.0201,1.0,0.0,0.0,0.0,0.0,0.0,0.0,0.0,0.0
2023-06-16 18:00:00,DATAR1,2023-06-16 18:00:00,131121.0,42.0,1.0,18.0,1.0,0.0757,1.0,0.0021,1.0,0.4,1.0,0.0017,1.0,0.0195,1.0,0.0212,1.0,0.0,0.0,0.0,0.0,0.0,0.0,0.0,0.0
2023-06-16 19:00:00,DATAR1,2023-06-16 19:00:00,131121.0,32.0,1.0,16.0,1.0,0.0595,1.0,0.0019,1.0,0.33,1.0,0.0015,1.0,0.0186,1.0,0.0201,1.0,0.0,0.0,0.0,0.0,0.0,0.0,0.0,0.0
2023-06-16 20:00:00,DATAR1,2023-06-16 20:00:00,131121.0,26.0,1.0,11.0,1.0,0.0524,1.0,0.0017,1.0,0.32,1.0,0.0013,1.0,0.0198,1.0,0.0211,1.0,0.0,0.0,0.0,0.0,0.0,0.0,0.0,0.0
2023-06-16 21:00:00,DATAR1,2023-06-16 21:00:00,131121.0,20.0,1.0,10.0,1.0,0.0474,1.0,0.0019,1.0,0.38,1.0,0.0013,1.0,0.0228,1.0,0.024,1.0,0.0,0.0,0.0,0.0,0.0,0.0,0.0,0.0
2023-06-16 22:00:00,DATAR1,2023-06-16 22:00:00,131121.0,19.0,1.0,11.0,1.0,0.0394,1.0,0.002,1.0,0.44,1.0,0.0009,1.0,0.0232,1.0,0.0241,1.0,0.0,0.0,0.0,0.0,0.0,0.0,0.0,0.0
2023-06-16 23:00:00,DATAR1,2023-06-16 23:00:00,131121.0,23.0,1.0,14.0,1.0,0.0323,1.0,0.0019,1.0,0.43,1.0,0.0011,1.0,0.0243,1.0,0.0254,1.0,0.0,0.0,0.0,0.0,0.0,0.0,0.0,0.0
2023-06-17 00:00:00,DATAR1,2023-06-17 00:00:00,131121.0,23.0,1.0,12.0,1.0,0.0283,1.0,0.0021,1.0,0.44,1.0,0.0011,1.0,0.0244,1.0,0.0254,1.0,0.0,0.0,0.0,0.0,0.0,0.0,0.0,0.0
2023-06-17 01:00:00,DATAR1,2023-06-17 01:00:00,131121.0,33.0,1.0,12.0,1.0,0.0236,1.0,0.0019,1.0,0.47,1.0,0.0012,1.0,0.0265,1.0,0.0277,1.0,0.0,0.0,0.0,0.0,0.0,0.0,0.0,0.0
2023-06-17 02:00:00,DATAR1,2023-06-17 02:00:00,131121.0,31.0,1.0,16.0,1.0,0.0256,1.0,0.0017,1.0,0.46,1.0,0.001,1.0,0.0244,1.0,0.0254,1.0,0.0,0.0,0.0,0.0,0.0,0.0,0.0,0.0
2023-06-17 03:00:00,DATAR1,2023-06-17 03:00:00,131121.0,20.0,1.0,17.0,1.0,0.0245,1.0,0.0016,1.0,0.42,1.0,0.0013,1.0,0.0223,1.0,0.0235,1.0,0.0,0.0,0.0,0.0,0.0,0.0,0.0,0.0
2023-06-17 04:00:00,DATAR1,2023-06-17 04:00:00,131121.0,23.0,1.0,17.0,1.0,0.0172,1.0,0.0015,1.0,0.44,1.0,0.0014,1.0,0.027,1.0,0.0283,1.0,0.0,0.0,0.0,0.0,0.0,0.0,0.0,0.0
2023-06-17 05:00:00,DATAR1,2023-06-17 05:00:00,131121.0,25.0,1.0,18.0,1.0,0.0174,1.0,0.0015,1.0,0.45,1.0,0.0015,1.0,0.0252,1.0,0.0267,1.0,0.0,0.0,0.0,0.0,0.0,0.0,0.0,0.0
2023-06-17 06:00:00,DATAR1,2023-06-17 06:00:00,131121.0,23.0,1.0,16.0,1.0,0.0125,1.0,0.0016,1.0,0.48,1.0,0.0103,1.0,0.0329,1.0,0.0432,1.0,0.0,0.0,0.0,0.0,0.0,0.0,0.0,0.0
2023-06-17 07:00:00,DATAR1,2023-06-17 07:00:00,131121.0,31.0,1.0,17.0,1.0,0.017,1.0,0.0016,1.0,0.51,1.0,0.0081,1.0,0.0306,1.0,0.0387,1.0,0.0,0.0,0.0,0.0,0.0,0.0,0.0,0.0
2023-06-17 08:00:00,DATAR1,2023-06-17 08:00:00,131121.0,30.0,1.0,16.0,1.0,0.0113,1.0,0.0019,1.0,0.58,1.0,0.029,1.0,0.0427,1.0,0.0717,1.0,0.0,0.0,0.0,0.0,0.0,0.0,0.0,0.0
2023-06-17 09:00:00,DATAR1,2023-06-17 09:00:00,131121.0,22.0,1.0,17.0,1.0,0.0278,1.0,0.0021,1.0,0.5,1.0,0.0107,1.0,0.0321,1.0,0.0429,1.0,0.0,0.0,0.0,0.0,0.0,0.0,0.0,0.0
2023-06-17 10:00:00,DATAR1,2023-06-17 10:00:00,131121.0,38.0,1.0,17.0,1.0,0.0431,1.0,0.002,1.0,0.4,1.0,0.0073,1.0,0.0292,1.0,0.0365,1.0,0.0,0.0,0.0,0.0,0.0,0.0,0.0,0.0
2023-06-17 11:00:00,DATAR1,2023-06-17 11:00:00,131121.0,20.0,1.0,14.0,1.0,0.0631,1.0,0.0017,1.0,0.36,1.0,0.0041,1.0,0.0197,1.0,0.0238,1.0,0.0,0.0,0.0,0.0,0.0,0.0,0.0,0.0
2023-06-17 12:00:00,DATAR1,2023-06-17 12:00:00,131121.0,23.0,1.0,14.0,1.0,0.0705,1.0,0.0017,1.0,0.41,1.0,0.0061,1.0,0.0279,1.0,0.0339,1.0,0.0,0.0,0.0,0.0,0.0,0.0,0.0,0.0
2023-06-17 13:00:00,DATAR1,2023-06-17 13:00:00,131121.0,27.0,1.0,13.0,1.0,0.0855,1.0,0.0017,1.0,0.43,1.0,0.0025,1.0,0.0206,1.0,0.0231,1.0,0.0,0.0,0.0,0.0,0.0,0.0,0.0,0.0
2023-06-17 14:00:00,DATAR1,2023-06-17 14:00:00,131121.0,28.0,1.0,15.0,1.0,0.0875,1.0,0.0017,1.0,0.42,1.0,0.0051,1.0,0.0211,1.0,0.0262,1.0,0.0,0.0,0.0,0.0,0.0,0.0,0.0,0.0
2023-06-17 15:00:00,DATAR1,2023-06-17 15:00:00,131121.0,36.0,1.0,13.0,1.0,0.098,1.0,0.0016,1.0,0.33,1.0,0.0021,1.0,0.016,1.0,0.0181,1.0,0.0,0.0,0.0,0.0,0.0,0.0,0.0,0.0
2023-06-17 16:00:00,DATAR1,2023-06-17 16:00:00,131121.0,40.0,1.0,13.0,1.0,0.0996,1.0,0.0016,1.0,0.33,1.0,0.0014,1.0,0.0138,1.0,0.0153,1.0,0.0,0.0,0.0,0.0,0.0,0.0,0.0,0.0
2023-06-17 17:00:00,DATAR1,2023-06-17 17:00:00,131121.0,43.0,1.0,17.0,1.0,0.093,1.0,0.0016,1.0,0.35,1.0,0.0014,1.0,0.0138,1.0,0.0153,1.0,0.0,0.0,0.0,0.0,0.0,0.0,0.0,0.0
2023-06-17 18:00:00,DATAR1,2023-06-17 18:00:00,131121.0,42.0,1.0,17.0,1.0,0.073,1.0,0.0015,1.0,0.35,1.0,0.0011,1.0,0.0152,1.0,0.0163,1.0,0.0,0.0,0.0,0.0,0.0,0.0,0.0,0.0
2023-06-17 19:00:00,DATAR1,2023-06-17 19:00:00,131121.0,28.0,1.0,14.0,1.0,0.0646,1.0,0.0015,1.0,0.38,1.0,0.0011,1.0,0.0162,1.0,0.0173,1.0,0.0,0.0,0.0,0.0,0.0,0.0,0.0,0.0
2023-06-17 20:00:00,DATAR1,2023-06-17 20:00:00,131121.0,24.0,1.0,10.0,1.0,0.0585,1.0,0.0014,1.0,0.32,1.0,0.0011,1.0,0.0149,1.0,0.016,1.0,0.0,0.0,0.0,0.0,0.0,0.0,0.0,0.0
2023-06-17 21:00:00,DATAR1,2023-06-17 21:00:00,131121.0,15.0,1.0,9.0,1.0,0.0479,1.0,0.0015,1.0,0.34,1.0,0.001,1.0,0.0189,1.0,0.0199,1.0,0.0,0.0,0.0,0.0,0.0,0.0,0.0,0.0
2023-06-17 22:00:00,DATAR1,2023-06-17 22:00:00,131121.0,18.0,1.0,13.0,1.0,0.0401,1.0,0.0016,1.0,0.36,1.0,0.0012,1.0,0.0208,1.0,0.022,1.0,0.0,0.0,0.0,0.0,0.0,0.0,0.0,0.0
2023-06-17 23:00:00,DATAR1,2023-06-17 23:00:00,131121.0,19.0,1.0,13.0,1.0,0.0345,1.0,0.0018,1.0,0.41,1.0,0.0009,1.0,0.0205,1.0,0.0214,1.0,0.0,0.0,0.0,0.0,0.0,0.0,0.0,0.0
2023-06-18 00:00:00,DATAR1,2023-06-18 00:00:00,131121.0,24.0,1.0,13.0,1.0,0.0294,1.0,0.0017,1.0,0.42,1.0,0.0013,1.0,0.0209,1.0,0.0222,1.0,0.0,0.0,0.0,0.0,0.0,0.0,0.0,0.0
2023-06-18 01:00:00,DATAR1,2023-06-18 01:00:00,131121.0,25.0,1.0,11.0,1.0,0.0281,1.0,0.0018,1.0,0.41,1.0,0.0009,1.0,0.0193,1.0,0.0202,1.0,0.0,0.0,0.0,0.0,0.0,0.0,0.0,0.0
2023-06-18 02:00:00,DATAR1,2023-06-18 02:00:00,131121.0,20.0,1.0,14.0,1.0,0.0281,1.0,0.0019,1.0,0.43,1.0,0.0012,1.0,0.0174,1.0,0.0186,1.0,0.0,0.0,0.0,0.0,0.0,0.0,0.0,0.0
2023-06-18 03:00:00,DATAR1,2023-06-18 03:00:00,131121.0,19.0,1.0,11.0,1.0,0.0276,1.0,0.002,1.0,0.4,1.0,0.0012,1.0,0.016,1.0,0.0172,1.0,0.0,0.0,0.0,0.0,0.0,0.0,0.0,0.0
2023-06-18 04:00:00,DATAR1,2023-06-18 04:00:00,131121.0,23.0,1.0,12.0,1.0,0.0243,1.0,0.002,1.0,0.4,1.0,0.0012,1.0,0.0167,1.0,0.0179,1.0,0.0,0.0,0.0,0.0,0.0,0.0,0.0,0.0
2023-06-18 05:00:00,DATAR1,2023-06-18 05:00:00,131121.0,20.0,1.0,11.0,1.0,0.0221,1.0,0.0018,1.0,0.39,1.0,0.001,1.0,0.0169,1.0,0.0179,1.0,0.0,0.0,0.0,0.0,0.0,0.0,0.0,0.0
2023-06-18 06:00:00,DATAR1,2023-06-18 06:00:00,131121.0,27.0,1.0,13.0,1.0,0.0198,1.0,0.0017,1.0,0.41,1.0,0.0017,1.0,0.0173,1.0,0.0189,1.0,0.0,0.0,0.0,0.0,0.0,0.0,0.0,0.0
2023-06-18 07:00:00,DATAR1,2023-06-18 07:00:00,131121.0,23.0,1.0,13.0,1.0,0.0199,1.0,0.0017,1.0,0.41,1.0,0.002,1.0,0.0171,1.0,0.0192,1.0,0.0,0.0,0.0,0.0,0.0,0.0,0.0,0.0
2023-06-18 08:00:00,DATAR1,2023-06-18 08:00:00,131121.0,20.0,1.0,16.0,1.0,0.0174,1.0,0.0018,1.0,0.4,1.0,0.0059,1.0,0.0241,1.0,0.03,1.0,0.0,0.0,0.0,0.0,0.0,0.0,0.0,0.0
2023-06-18 09:00:00,DATAR1,2023-06-18 09:00:00,131121.0,21.0,1.0,16.0,1.0,0.0284,1.0,0.0021,1.0,0.52,1.0,0.006,1.0,0.0189,1.0,0.0249,1.0,0.0,0.0,0.0,0.0,0.0,0.0,0.0,0.0
2023-06-18 10:00:00,DATAR1,2023-06-18 10:00:00,131121.0,27.0,1.0,23.0,1.0,0.0408,1.0,0.0022,1.0,0.47,1.0,0.0035,1.0,0.0158,1.0,0.0193,1.0,0.0,0.0,0.0,0.0,0.0,0.0,0.0,0.0
2023-06-18 11:00:00,DATAR1,2023-06-18 11:00:00,131121.0,23.0,1.0,20.0,1.0,0.0566,1.0,0.0019,1.0,0.42,1.0,0.0019,1.0,0.0119,1.0,0.0139,1.0,0.0,0.0,0.0,0.0,0.0,0.0,0.0,0.0
2023-06-18 12:00:00,DATAR1,2023-06-18 12:00:00,131121.0,27.0,1.0,15.0,1.0,0.0717,1.0,0.0018,1.0,0.41,1.0,0.0015,1.0,0.0113,1.0,0.0128,1.0,0.0,0.0,0.0,0.0,0.0,0.0,0.0,0.0
2023-06-18 13:00:00,DATAR1,2023-06-18 13:00:00,131121.0,28.0,1.0,17.0,1.0,0.0757,1.0,0.0017,1.0,0.38,1.0,0.0011,1.0,0.0087,1.0,0.0098,1.0,0.0,0.0,0.0,0.0,0.0,0.0,0.0,0.0
2023-06-18 14:00:00,DATAR1,2023-06-18 14:00:00,131121.0,23.0,1.0,20.0,1.0,0.0778,1.0,0.0016,1.0,0.39,1.0,0.0009,1.0,0.0084,1.0,0.0093,1.0,0.0,0.0,0.0,0.0,0.0,0.0,0.0,0.0
2023-06-18 15:00:00,DATAR1,2023-06-18 15:00:00,131121.0,31.0,1.0,10.0,1.0,0.0772,1.0,0.0016,1.0,0.45,1.0,0.0013,1.0,0.0071,1.0,0.0084,1.0,0.0,0.0,0.0,0.0,0.0,0.0,0.0,0.0
2023-06-18 16:00:00,DATAR1,2023-06-18 16:00:00,131121.0,23.0,1.0,14.0,1.0,0.0795,1.0,0.0016,1.0,0.47,1.0,0.0012,1.0,0.0072,1.0,0.0084,1.0,0.0,0.0,0.0,0.0,0.0,0.0,0.0,0.0
2023-06-18 17:00:00,DATAR1,2023-06-18 17:00:00,131121.0,37.0,1.0,16.0,1.0,0.0806,1.0,0.0016,1.0,0.45,1.0,0.0012,1.0,0.0077,1.0,0.0089,1.0,0.0,0.0,0.0,0.0,0.0,0.0,0.0,0.0
2023-06-18 18:00:00,DATAR1,2023-06-18 18:00:00,131121.0,35.0,1.0,19.0,1.0,0.0703,1.0,0.0016,1.0,0.38,1.0,0.0011,1.0,0.0068,1.0,0.0079,1.0,0.0,0.0,0.0,0.0,0.0,0.0,0.0,0.0
2023-06-18 19:00:00,DATAR1,2023-06-18 19:00:00,131121.0,46.0,1.0,19.0,1.0,0.073,1.0,0.0021,1.0,0.51,1.0,0.0011,1.0,0.0141,1.0,0.0152,1.0,0.0,0.0,0.0,0.0,0.0,0.0,0.0,0.0
2023-06-18 20:00:00,DATAR1,2023-06-18 20:00:00,131121.0,51.0,1.0,20.0,1.0,0.0596,1.0,0.0022,1.0,0.53,1.0,0.001,1.0,0.0175,1.0,0.0186,1.0,0.0,0.0,0.0,0.0,0.0,0.0,0.0,0.0
2023-06-18 21:00:00,DATAR1,2023-06-18 21:00:00,131121.0,45.0,1.0,20.0,1.0,0.0487,1.0,0.0021,1.0,0.56,1.0,0.001,1.0,0.017,1.0,0.018,1.0,0.0,0.0,0.0,0.0,0.0,0.0,0.0,0.0
2023-06-18 22:00:00,DATAR1,2023-06-18 22:00:00,131121.0,38.0,1.0,18.0,1.0,0.0385,1.0,0.0022,1.0,0.59,1.0,0.0012,1.0,0.018,1.0,0.0192,1.0,0.0,0.0,0.0,0.0,0.0,0.0,0.0,0.0
2023-06-18 23:00:00,DATAR1,2023-06-18 23:00:00,131121.0,36.0,1.0,14.0,1.0,0.03,1.0,0.0022,1.0,0.54,1.0,0.001,1.0,0.0215,1.0,0.0224,1.0,0.0,0.0,0.0,0.0,0.0,0.0,0.0,0.0
2023-06-19 00:00:00,DATAR1,2023-06-19 00:00:00,131121.0,35.0,1.0,13.0,1.0,0.0255,1.0,0.0022,1.0,0.53,1.0,0.0014,1.0,0.022,1.0,0.0233,1.0,0.0,0.0,0.0,0.0,0.0,0.0,0.0,0.0
2023-06-19 01:00:00,DATAR1,2023-06-19 01:00:00,131121.0,26.0,1.0,12.0,1.0,0.0208,1.0,0.0022,1.0,0.51,1.0,0.0011,1.0,0.0228,1.0,0.0239,1.0,0.0,0.0,0.0,0.0,0.0,0.0,0.0,0.0
2023-06-19 02:00:00,DATAR1,2023-06-19 02:00:00,131121.0,35.0,1.0,16.0,1.0,0.0178,1.0,0.0019,1.0,0.55,1.0,0.0012,1.0,0.0232,1.0,0.0244,1.0,0.0,0.0,0.0,0.0,0.0,0.0,0.0,0.0
2023-06-19 03:00:00,DATAR1,2023-06-19 03:00:00,131121.0,37.0,1.0,19.0,1.0,0.0165,1.0,0.002,1.0,0.52,1.0,0.0013,1.0,0.0233,1.0,0.0246,1.0,0.0,0.0,0.0,0.0,0.0,0.0,0.0,0.0
2023-06-19 04:00:00,DATAR1,2023-06-19 04:00:00,131121.0,33.0,1.0,22.0,1.0,0.013,1.0,0.0018,1.0,0.53,1.0,0.0017,1.0,0.0259,1.0,0.0276,1.0,0.0,0.0,0.0,0.0,0.0,0.0,0.0,0.0
2023-06-19 05:00:00,DATAR1,2023-06-19 05:00:00,131121.0,36.0,1.0,20.0,1.0,0.0119,1.0,0.0018,1.0,0.5,1.0,0.0016,1.0,0.0239,1.0,0.0255,1.0,0.0,0.0,0.0,0.0,0.0,0.0,0.0,0.0
2023-06-19 06:00:00,DATAR1,2023-06-19 06:00:00,131121.0,35.0,1.0,22.0,1.0,0.0049,1.0,0.0017,1.0,0.52,1.0,0.0084,1.0,0.0352,1.0,0.0436,1.0,0.0,0.0,0.0,0.0,0.0,0.0,0.0,0.0
2023-06-19 07:00:00,DATAR1,2023-06-19 07:00:00,131121.0,43.0,1.0,24.0,1.0,0.009,1.0,0.0017,1.0,0.57,1.0,0.0095,1.0,0.0341,1.0,0.0436,1.0,0.0,0.0,0.0,0.0,0.0,0.0,0.0,0.0
2023-06-19 08:00:00,DATAR1,2023-06-19 08:00:00,131121.0,31.0,1.0,22.0,1.0,0.017,1.0,0.0019,1.0,0.57,1.0,0.0088,1.0,0.0303,1.0,0.0391,1.0,0.0,0.0,0.0,0.0,0.0,0.0,0.0,0.0
2023-06-19 09:00:00,DATAR1,2023-06-19 09:00:00,131121.0,43.0,1.0,20.0,1.0,0.0262,1.0,0.002,1.0,0.55,1.0,0.0093,1.0,0.0325,1.0,0.0418,1.0,0.0,0.0,0.0,0.0,0.0,0.0,0.0,0.0
2023-06-19 10:00:00,DATAR1,2023-06-19 10:00:00,131121.0,54.0,1.0,24.0,1.0,0.0487,1.0,0.0021,1.0,0.5,1.0,0.0047,1.0,0.0185,1.0,0.0232,1.0,0.0,0.0,0.0,0.0,0.0,0.0,0.0,0.0
2023-06-19 11:00:00,DATAR1,2023-06-19 11:00:00,131121.0,46.0,1.0,22.0,1.0,0.0662,1.0,0.0018,1.0,0.43,1.0,0.0013,1.0,0.0079,1.0,0.0092,1.0,0.0,0.0,0.0,0.0,0.0,0.0,0.0,0.0
2023-06-19 12:00:00,DATAR1,2023-06-19 12:00:00,131121.0,44.0,1.0,22.0,1.0,0.0814,1.0,0.0018,1.0,0.47,1.0,0.0012,1.0,0.009,1.0,0.0102,1.0,0.0,0.0,0.0,0.0,0.0,0.0,0.0,0.0
2023-06-19 13:00:00,DATAR1,2023-06-19 13:00:00,131121.0,39.0,1.0,23.0,1.0,0.0804,1.0,0.0016,1.0,0.44,1.0,0.0013,1.0,0.0074,1.0,0.0086,1.0,0.0,0.0,0.0,0.0,0.0,0.0,0.0,0.0
2023-06-19 14:00:00,DATAR1,2023-06-19 14:00:00,131121.0,49.0,1.0,27.0,1.0,0.083,1.0,0.0014,1.0,0.46,1.0,0.0012,1.0,0.0063,1.0,0.0076,1.0,0.0,0.0,0.0,0.0,0.0,0.0,0.0,0.0
2023-06-19 15:00:00,DATAR1,2023-06-19 15:00:00,131121.0,65.0,1.0,28.0,1.0,0.0881,1.0,0.0014,1.0,0.52,1.0,0.0009,1.0,0.0068,1.0,0.0078,1.0,0.0,0.0,0.0,0.0,0.0,0.0,0.0,0.0
2023-06-19 16:00:00,DATAR1,2023-06-19 16:00:00,131121.0,53.0,1.0,32.0,1.0,0.0895,1.0,0.0014,1.0,0.5,1.0,0.0015,1.0,0.0091,1.0,0.0106,1.0,0.0,0.0,0.0,0.0,0.0,0.0,0.0,0.0
2023-06-19 17:00:00,DATAR1,2023-06-19 17:00:00,131121.0,59.0,1.0,27.0,1.0,0.0788,1.0,0.0014,1.0,0.5,1.0,0.0013,1.0,0.0081,1.0,0.0094,1.0,0.0,0.0,0.0,0.0,0.0,0.0,0.0,0.0
2023-06-19 18:00:00,DATAR1,2023-06-19 18:00:00,131121.0,57.0,1.0,25.0,1.0,0.088,1.0,0.0014,1.0,0.5,1.0,0.0009,1.0,0.0095,1.0,0.0104,1.0,0.0,0.0,0.0,0.0,0.0,0.0,0.0,0.0
2023-06-19 19:00:00,DATAR1,2023-06-19 19:00:00,131121.0,62.0,1.0,31.0,1.0,0.0933,1.0,0.0014,1.0,0.56,1.0,0.0011,1.0,0.0124,1.0,0.0135,1.0,0.0,0.0,0.0,0.0,0.0,0.0,0.0,0.0
2023-06-19 20:00:00,DATAR1,2023-06-19 20:00:00,131121.0,71.0,1.0,31.0,1.0,0.0915,1.0,0.0016,1.0,0.63,1.0,0.001,1.0,0.0225,1.0,0.0236,1.0,0.0,0.0,0.0,0.0,0.0,0.0,0.0,0.0
2023-06-19 21:00:00,DATAR1,2023-06-19 21:00:00,131121.0,75.0,1.0,29.0,1.0,0.0894,1.0,0.0023,1.0,0.66,1.0,0.0011,1.0,0.0281,1.0,0.0292,1.0,0.0,0.0,0.0,0.0,0.0,0.0,0.0,0.0
2023-06-19 22:00:00,DATAR1,2023-06-19 22:00:00,131121.0,65.0,1.0,35.0,1.0,0.0961,1.0,0.003,1.0,0.61,1.0,0.0011,1.0,0.0182,1.0,0.0193,1.0,0.0,0.0,0.0,0.0,0.0,0.0,0.0,0.0
2023-06-19 23:00:00,DATAR1,2023-06-19 23:00:00,131121.0,63.0,1.0,40.0,1.0,0.0884,1.0,0.0031,1.0,0.59,1.0,0.0011,1.0,0.0171,1.0,0.0182,1.0,0.0,0.0,0.0,0.0,0.0,0.0,0.0,0.0
2023-06-20 00:00:00,DATAR1,2023-06-20 00:00:00,131121.0,67.0,1.0,39.0,1.0,0.0768,1.0,0.003,1.0,0.61,1.0,0.0011,1.0,0.0174,1.0,0.0185,1.0,0.0,0.0,0.0,0.0,0.0,0.0,0.0,0.0
2023-06-20 01:00:00,DATAR1,2023-06-20 01:00:00,131121.0,70.0,1.0,43.0,1.0,0.0723,1.0,0.003,1.0,0.6,1.0,0.0011,1.0,0.0158,1.0,0.0169,1.0,0.0,0.0,0.0,0.0,0.0,0.0,0.0,0.0
2023-06-20 02:00:00,DATAR1,2023-06-20 02:00:00,131121.0,61.0,1.0,43.0,1.0,0.0742,1.0,0.0033,1.0,0.6,1.0,0.0011,1.0,0.0129,1.0,0.014,1.0,0.0,0.0,0.0,0.0,0.0,0.0,0.0,0.0
2023-06-20 03:00:00,DATAR1,2023-06-20 03:00:00,131121.0,60.0,1.0,43.0,1.0,0.0694,1.0,0.0029,1.0,0.52,1.0,0.0008,1.0,0.0117,1.0,0.0125,1.0,0.0,0.0,0.0,0.0,0.0,0.0,0.0,0.0
2023-06-20 04:00:00,DATAR1,2023-06-20 04:00:00,131121.0,41.0,1.0,34.0,1.0,0.0548,1.0,0.0021,1.0,0.36,1.0,0.0007,1.0,0.0077,1.0,0.0085,1.0,0.0,0.0,0.0,0.0,0.0,0.0,0.0,0.0
2023-06-20 05:00:00,DATAR1,2023-06-20 05:00:00,131121.0,26.0,1.0,26.0,1.0,0.0474,1.0,0.0018,1.0,0.36,1.0,0.0009,1.0,0.0078,1.0,0.0087,1.0,0.0,0.0,0.0,0.0,0.0,0.0,0.0,0.0
2023-06-20 06:00:00,DATAR1,2023-06-20 06:00:00,131121.0,29.0,1.0,19.0,1.0,0.0428,1.0,0.002,1.0,0.36,1.0,0.0013,1.0,0.0086,1.0,0.0099,1.0,0.0,0.0,0.0,0.0,0.0,0.0,0.0,0.0
2023-06-20 07:00:00,DATAR1,2023-06-20 07:00:00,131121.0,27.0,1.0,16.0,1.0,0.0342,1.0,0.0022,1.0,0.38,1.0,0.0014,1.0,0.0164,1.0,0.0178,1.0,0.0,0.0,0.0,0.0,0.0,0.0,0.0,0.0
2023-06-20 08:00:00,DATAR1,2023-06-20 08:00:00,131121.0,19.0,1.0,18.0,1.0,0.037,1.0,0.0023,1.0,0.39,1.0,0.0015,1.0,0.0127,1.0,0.0142,1.0,0.0,0.0,0.0,0.0,0.0,0.0,0.0,0.0
2023-06-20 09:00:00,DATAR1,2023-06-20 09:00:00,131121.0,24.0,1.0,15.0,1.0,0.0392,1.0,0.0021,1.0,0.44,1.0,0.0018,1.0,0.0108,1.0,0.0125,1.0,0.0,0.0,0.0,0.0,0.0,0.0,0.0,0.0
2023-06-20 10:00:00,DATAR1,2023-06-20 10:00:00,131121.0,36.0,1.0,16.0,1.0,0.0393,1.0,0.002,1.0,0.47,1.0,0.0022,1.0,0.0136,1.0,0.0158,1.0,0.0,0.0,0.0,0.0,0.0,0.0,0.0,0.0
2023-06-20 11:00:00,DATAR1,2023-06-20 11:00:00,131121.0,31.0,1.0,21.0,1.0,0.0373,1.0,0.0024,1.0,0.42,1.0,0.0026,1.0,0.0164,1.0,0.019,1.0,0.0,0.0,0.0,0.0,0.0,0.0,0.0,0.0
2023-06-20 12:00:00,DATAR1,2023-06-20 12:00:00,131121.0,30.0,1.0,14.0,1.0,0.0354,1.0,0.0026,1.0,0.43,1.0,0.0029,1.0,0.0188,1.0,0.0216,1.0,0.0,0.0,0.0,0.0,0.0,0.0,0.0,0.0
2023-06-20 13:00:00,DATAR1,2023-06-20 13:00:00,131121.0,35.0,1.0,10.0,1.0,0.0319,1.0,0.0024,1.0,0.4,1.0,0.0026,1.0,0.0205,1.0,0.0232,1.0,0.0,0.0,0.0,0.0,0.0,0.0,0.0,0.0
2023-06-20 14:00:00,DATAR1,2023-06-20 14:00:00,131121.0,24.0,1.0,11.0,1.0,0.0402,1.0,0.0021,1.0,0.36,1.0,0.0019,1.0,0.0139,1.0,0.0158,1.0,0.0,0.0,0.0,0.0,0.0,0.0,0.0,0.0
2023-06-20 15:00:00,DATAR1,2023-06-20 15:00:00,131121.0,23.0,1.0,12.0,1.0,0.0396,1.0,0.0024,1.0,0.42,1.0,0.0023,1.0,0.0168,1.0,0.0191,1.0,0.0,0.0,0.0,0.0,0.0,0.0,0.0,0.0
2023-06-20 16:00:00,DATAR1,2023-06-20 16:00:00,131121.0,38.0,1.0,11.0,1.0,0.0444,1.0,0.0024,1.0,0.4,1.0,0.0018,1.0,0.0156,1.0,0.0174,1.0,0.0,0.0,0.0,0.0,0.0,0.0,0.0,0.0
2023-06-20 17:00:00,DATAR1,2023-06-20 17:00:00,131121.0,34.0,1.0,10.0,1.0,0.0414,1.0,0.002,1.0,0.35,1.0,0.0019,1.0,0.0156,1.0,0.0175,1.0,0.0,0.0,0.0,0.0,0.0,0.0,0.0,0.0
2023-06-20 18:00:00,DATAR1,2023-06-20 18:00:00,131121.0,24.0,1.0,10.0,1.0,0.0372,1.0,0.0018,1.0,0.37,1.0,0.0016,1.0,0.014,1.0,0.0156,1.0,0.0,0.0,0.0,0.0,0.0,0.0,0.0,0.0
2023-06-20 19:00:00,DATAR1,2023-06-20 19:00:00,131121.0,23.0,1.0,11.0,1.0,0.0349,1.0,0.0017,1.0,0.35,1.0,0.0015,1.0,0.0135,1.0,0.015,1.0,0.0,0.0,0.0,0.0,0.0,0.0,0.0,0.0
2023-06-20 20:00:00,DATAR1,2023-06-20 20:00:00,131121.0,30.0,1.0,10.0,1.0,0.0346,1.0,0.0016,1.0,0.37,1.0,0.0014,1.0,0.0115,1.0,0.0129,1.0,0.0,0.0,0.0,0.0,0.0,0.0,0.0,0.0
2023-06-20 21:00:00,DATAR1,2023-06-20 21:00:00,131121.0,20.0,1.0,10.0,1.0,0.0367,1.0,0.0017,1.0,0.33,1.0,0.0015,1.0,0.0092,1.0,0.0108,1.0,0.0,0.0,0.0,0.0,0.0,0.0,0.0,0.0
2023-06-20 22:00:00,DATAR1,2023-06-20 22:00:00,131121.0,19.0,1.0,6.0,1.0,0.0322,1.0,0.002,1.0,0.31,1.0,0.0012,1.0,0.0111,1.0,0.0124,1.0,0.0,0.0,0.0,0.0,0.0,0.0,0.0,0.0
2023-06-20 23:00:00,DATAR1,2023-06-20 23:00:00,131121.0,22.0,1.0,8.0,1.0,0.0305,1.0,0.0021,1.0,0.36,1.0,0.0012,1.0,0.0118,1.0,0.0131,1.0,0.0,0.0,0.0,0.0,0.0,0.0,0.0,0.0
2023-06-21 00:00:00,DATAR1,2023-06-21 00:00:00,131121.0,34.0,1.0,8.0,1.0,0.0279,1.0,0.0017,1.0,0.37,1.0,0.0012,1.0,0.0109,1.0,0.0122,1.0,0.0,0.0,0.0,0.0,0.0,0.0,0.0,0.0
2023-06-21 01:00:00,DATAR1,2023-06-21 01:00:00,131121.0,48.0,1.0,14.0,1.0,0.0309,1.0,0.0015,1.0,0.38,1.0,0.0011,1.0,0.0077,1.0,0.0088,1.0,0.0,0.0,0.0,0.0,0.0,0.0,0.0,0.0
2023-06-21 02:00:00,DATAR1,2023-06-21 02:00:00,131121.0,13.0,1.0,14.0,1.0,0.0344,1.0,0.0016,1.0,0.35,1.0,0.0009,1.0,0.0052,1.0,0.0061,1.0,0.0,0.0,0.0,0.0,0.0,0.0,0.0,0.0
2023-06-21 03:00:00,DATAR1,2023-06-21 03:00:00,131121.0,12.0,1.0,10.0,1.0,0.032,1.0,0.0015,1.0,0.31,1.0,0.0008,1.0,0.005,1.0,0.0058,1.0,0.0,0.0,0.0,0.0,0.0,0.0,0.0,0.0
2023-06-21 04:00:00,DATAR1,2023-06-21 04:00:00,131121.0,11.0,1.0,8.0,1.0,0.0315,1.0,0.0014,1.0,0.29,1.0,0.0009,1.0,0.0045,1.0,0.0054,1.0,0.0,0.0,0.0,0.0,0.0,0.0,0.0,0.0
2023-06-21 05:00:00,DATAR1,2023-06-21 05:00:00,131121.0,5.0,1.0,8.0,1.0,0.0266,1.0,0.0014,1.0,0.35,1.0,0.001,1.0,0.0064,1.0,0.0074,1.0,0.0,0.0,0.0,0.0,0.0,0.0,0.0,0.0
2023-06-21 06:00:00,DATAR1,2023-06-21 06:00:00,131121.0,11.0,1.0,6.0,1.0,0.0254,1.0,0.0013,1.0,0.35,1.0,0.001,1.0,0.0064,1.0,0.0073,1.0,0.0,0.0,0.0,0.0,0.0,0.0,0.0,0.0
2023-06-21 07:00:00,DATAR1,2023-06-21 07:00:00,131121.0,8.0,1.0,3.0,1.0,0.018,1.0,0.0013,1.0,0.37,1.0,0.002,1.0,0.0153,1.0,0.0173,1.0,0.0,0.0,0.0,0.0,0.0,0.0,0.0,0.0
2023-06-21 08:00:00,DATAR1,2023-06-21 08:00:00,131121.0,4.0,1.0,4.0,1.0,0.0202,1.0,0.0013,1.0,0.36,1.0,0.0022,1.0,0.0132,1.0,0.0154,1.0,0.0,0.0,0.0,0.0,0.0,0.0,0.0,0.0
2023-06-21 09:00:00,DATAR1,2023-06-21 09:00:00,131121.0,8.0,1.0,3.0,1.0,0.0188,1.0,0.0013,1.0,0.39,1.0,0.0029,1.0,0.0138,1.0,0.0167,1.0,0.0,0.0,0.0,0.0,0.0,0.0,0.0,0.0
2023-06-21 10:00:00,DATAR1,2023-06-21 10:00:00,131121.0,7.0,1.0,2.0,1.0,0.0236,1.0,0.0013,1.0,0.37,1.0,0.002,1.0,0.0094,1.0,0.0114,1.0,0.0,0.0,0.0,0.0,0.0,0.0,0.0,0.0
2023-06-21 11:00:00,DATAR1,2023-06-21 11:00:00,131121.0,2.0,1.0,1.0,1.0,0.0256,1.0,0.0013,1.0,0.36,1.0,0.0018,1.0,0.0073,1.0,0.0091,1.0,0.0,0.0,0.0,0.0,0.0,0.0,0.0,0.0
2023-06-21 12:00:00,DATAR1,2023-06-21 12:00:00,131121.0,10.0,1.0,3.0,1.0,0.0243,1.0,0.0014,1.0,0.38,1.0,0.0018,1.0,0.0104,1.0,0.0122,1.0,0.0,0.0,0.0,0.0,0.0,0.0,0.0,0.0
2023-06-21 13:00:00,DATAR1,2023-06-21 13:00:00,131121.0,15.0,1.0,2.0,1.0,0.0208,1.0,0.0013,1.0,0.41,1.0,0.0037,1.0,0.014,1.0,0.0178,1.0,0.0,0.0,0.0,0.0,0.0,0.0,0.0,0.0
2023-06-21 14:00:00,DATAR1,2023-06-21 14:00:00,131121.0,4.0,1.0,1.0,1.0,0.0206,1.0,0.0013,1.0,0.44,1.0,0.0034,1.0,0.0142,1.0,0.0175,1.0,0.0,0.0,0.0,0.0,0.0,0.0,0.0,0.0
2023-06-21 15:00:00,DATAR1,2023-06-21 15:00:00,131121.0,,3.0,,3.0,,3.0,,3.0,,3.0,,3.0,,3.0,,3.0,0.0,0.0,0.0,0.0,0.0,0.0,0.0,0.0
2023-06-21 16:00:00,DATAR1,2023-06-21 16:00:00,131121.0,6.0,1.0,4.0,1.0,0.0259,1.0,0.0012,1.0,0.45,1.0,0.0023,1.0,0.0125,1.0,0.0148,1.0,0.0,0.0,0.0,0.0,0.0,0.0,0.0,0.0
2023-06-21 17:00:00,DATAR1,2023-06-21 17:00:00,131121.0,20.0,1.0,5.0,1.0,0.0215,1.0,0.0016,1.0,0.49,1.0,0.0032,1.0,0.0198,1.0,0.023,1.0,0.0,0.0,0.0,0.0,0.0,0.0,0.0,0.0
2023-06-21 18:00:00,DATAR1,2023-06-21 18:00:00,131121.0,10.0,1.0,2.0,1.0,0.0231,1.0,0.0014,1.0,0.45,1.0,0.0023,1.0,0.0178,1.0,0.0201,1.0,0.0,0.0,0.0,0.0,0.0,0.0,0.0,0.0
2023-06-21 19:00:00,DATAR1,2023-06-21 19:00:00,131121.0,21.0,1.0,6.0,1.0,0.0185,1.0,0.0015,1.0,0.4,1.0,0.0022,1.0,0.0206,1.0,0.0229,1.0,0.0,0.0,0.0,0.0,0.0,0.0,0.0,0.0
2023-06-21 20:00:00,DATAR1,2023-06-21 20:00:00,131121.0,13.0,1.0,6.0,1.0,0.0157,1.0,0.0016,1.0,0.39,1.0,0.0025,1.0,0.0211,1.0,0.0236,1.0,0.0,0.0,0.0,0.0,0.0,0.0,0.0,0.0
2023-06-21 21:00:00,DATAR1,2023-06-21 21:00:00,131121.0,16.0,1.0,4.0,1.0,0.0174,1.0,0.0013,1.0,0.36,1.0,0.0014,1.0,0.0134,1.0,0.0148,1.0,0.0,0.0,0.0,0.0,0.0,0.0,0.0,0.0
2023-06-21 22:00:00,DATAR1,2023-06-21 22:00:00,131121.0,10.0,1.0,3.0,1.0,0.0173,1.0,0.0012,1.0,0.28,1.0,0.0016,1.0,0.0098,1.0,0.0113,1.0,0.0,0.0,0.0,0.0,0.0,0.0,0.0,0.0
2023-06-21 23:00:00,DATAR1,2023-06-21 23:00:00,131121.0,12.0,1.0,3.0,1.0,0.0132,1.0,0.0013,1.0,0.36,1.0,0.0015,1.0,0.0113,1.0,0.0128,1.0,0.0,0.0,0.0,0.0,0.0,0.0,0.0,0.0
2023-06-22 00:00:00,DATAR1,2023-06-22 00:00:00,131121.0,10.0,1.0,3.0,1.0,0.0144,1.0,0.0013,1.0,0.32,1.0,0.0017,1.0,0.0093,1.0,0.011,1.0,0.0,0.0,0.0,0.0,0.0,0.0,0.0,0.0
2023-06-22 01:00:00,DATAR1,2023-06-22 01:00:00,131121.0,14.0,1.0,9.0,1.0,0.0164,1.0,0.0012,1.0,0.26,1.0,0.0017,1.0,0.0075,1.0,0.0092,1.0,0.0,0.0,0.0,0.0,0.0,0.0,0.0,0.0
2023-06-22 02:00:00,DATAR1,2023-06-22 02:00:00,131121.0,15.0,1.0,2.0,1.0,0.0147,1.0,0.0012,1.0,0.28,1.0,0.0016,1.0,0.0086,1.0,0.0102,1.0,0.0,0.0,0.0,0.0,0.0,0.0,0.0,0.0
2023-06-22 03:00:00,DATAR1,2023-06-22 03:00:00,131121.0,11.0,1.0,4.0,1.0,0.0134,1.0,0.0012,1.0,0.34,1.0,0.0015,1.0,0.0096,1.0,0.0111,1.0,0.0,0.0,0.0,0.0,0.0,0.0,0.0,0.0
2023-06-22 04:00:00,DATAR1,2023-06-22 04:00:00,131121.0,17.0,1.0,6.0,1.0,0.0144,1.0,0.0013,1.0,0.34,1.0,0.0016,1.0,0.0085,1.0,0.0101,1.0,0.0,0.0,0.0,0.0,0.0,0.0,0.0,0.0
2023-06-22 05:00:00,DATAR1,2023-06-22 05:00:00,131121.0,13.0,1.0,7.0,1.0,0.0124,1.0,0.0012,1.0,0.32,1.0,0.0015,1.0,0.0099,1.0,0.0115,1.0,0.0,0.0,0.0,0.0,0.0,0.0,0.0,0.0
2023-06-22 06:00:00,DATAR1,2023-06-22 06:00:00,131121.0,17.0,1.0,4.0,1.0,0.0081,1.0,0.0012,1.0,0.37,1.0,0.002,1.0,0.0117,1.0,0.0137,1.0,0.0,0.0,0.0,0.0,0.0,0.0,0.0,0.0
2023-06-22 07:00:00,DATAR1,2023-06-22 07:00:00,131121.0,12.0,1.0,2.0,1.0,0.0072,1.0,0.0013,1.0,0.34,1.0,0.0037,1.0,0.0137,1.0,0.0174,1.0,0.0,0.0,0.0,0.0,0.0,0.0,0.0,0.0
2023-06-22 08:00:00,DATAR1,2023-06-22 08:00:00,131121.0,14.0,1.0,6.0,1.0,0.0087,1.0,0.0016,1.0,0.34,1.0,0.0136,1.0,0.0178,1.0,0.0314,1.0,0.0,0.0,0.0,0.0,0.0,0.0,0.0,0.0
2023-06-22 09:00:00,DATAR1,2023-06-22 09:00:00,131121.0,9.0,1.0,4.0,1.0,0.0183,1.0,0.0015,1.0,0.35,1.0,0.0076,1.0,0.0149,1.0,0.0225,1.0,0.0,0.0,0.0,0.0,0.0,0.0,0.0,0.0
2023-06-22 10:00:00,DATAR1,2023-06-22 10:00:00,131121.0,19.0,1.0,4.0,1.0,0.0262,1.0,0.0015,1.0,0.32,1.0,0.005,1.0,0.0119,1.0,0.0169,1.0,0.0,0.0,0.0,0.0,0.0,0.0,0.0,0.0
2023-06-22 11:00:00,DATAR1,2023-06-22 11:00:00,131121.0,17.0,1.0,5.0,1.0,0.0318,1.0,0.0015,1.0,0.28,1.0,0.004,1.0,0.0117,1.0,0.0157,1.0,0.0,0.0,0.0,0.0,0.0,0.0,0.0,0.0
2023-06-22 12:00:00,DATAR1,2023-06-22 12:00:00,131121.0,15.0,1.0,5.0,1.0,0.0361,1.0,0.0014,1.0,0.27,1.0,0.0035,1.0,0.0116,1.0,0.0151,1.0,0.0,0.0,0.0,0.0,0.0,0.0,0.0,0.0
2023-06-22 13:00:00,DATAR1,2023-06-22 13:00:00,131121.0,32.0,1.0,7.0,1.0,0.0443,1.0,0.0015,1.0,0.37,1.0,0.0021,1.0,0.0089,1.0,0.011,1.0,0.0,0.0,0.0,0.0,0.0,0.0,0.0,0.0
2023-06-22 14:00:00,DATAR1,2023-06-22 14:00:00,131121.0,34.0,1.0,15.0,1.0,0.0476,1.0,0.0016,1.0,0.42,1.0,0.0019,1.0,0.011,1.0,0.0129,1.0,0.0,0.0,0.0,0.0,0.0,0.0,0.0,0.0
2023-06-22 15:00:00,DATAR1,2023-06-22 15:00:00,131121.0,34.0,1.0,17.0,1.0,0.0496,1.0,0.0015,1.0,0.39,1.0,0.0017,1.0,0.012,1.0,0.0138,1.0,0.0,0.0,0.0,0.0,0.0,0.0,0.0,0.0
2023-06-22 16:00:00,DATAR1,2023-06-22 16:00:00,131121.0,40.0,1.0,17.0,1.0,0.0447,1.0,0.0015,1.0,0.36,1.0,0.0021,1.0,0.013,1.0,0.015,1.0,0.0,0.0,0.0,0.0,0.0,0.0,0.0,0.0
2023-06-22 17:00:00,DATAR1,2023-06-22 17:00:00,131121.0,36.0,1.0,16.0,1.0,0.0434,1.0,0.0016,1.0,0.38,1.0,0.0022,1.0,0.0134,1.0,0.0156,1.0,0.0,0.0,0.0,0.0,0.0,0.0,0.0,0.0
2023-06-22 18:00:00,DATAR1,2023-06-22 18:00:00,131121.0,28.0,1.0,14.0,1.0,0.0422,1.0,0.0014,1.0,0.39,1.0,0.0016,1.0,0.0115,1.0,0.0131,1.0,0.0,0.0,0.0,0.0,0.0,0.0,0.0,0.0
2023-06-22 19:00:00,DATAR1,2023-06-22 19:00:00,131121.0,23.0,1.0,13.0,1.0,0.0434,1.0,0.0012,1.0,0.4,1.0,0.0015,1.0,0.0105,1.0,0.012,1.0,0.0,0.0,0.0,0.0,0.0,0.0,0.0,0.0
2023-06-22 20:00:00,DATAR1,2023-06-22 20:00:00,131121.0,22.0,1.0,8.0,1.0,0.0432,1.0,0.0012,1.0,0.42,1.0,0.0009,1.0,0.0128,1.0,0.0138,1.0,0.0,0.0,0.0,0.0,0.0,0.0,0.0,0.0
2023-06-22 21:00:00,DATAR1,2023-06-22 21:00:00,131121.0,28.0,1.0,12.0,1.0,0.0408,1.0,0.0013,1.0,0.46,1.0,0.0015,1.0,0.0153,1.0,0.0168,1.0,0.0,0.0,0.0,0.0,0.0,0.0,0.0,0.0
2023-06-22 22:00:00,DATAR1,2023-06-22 22:00:00,131121.0,27.0,1.0,17.0,1.0,0.0355,1.0,0.0013,1.0,0.52,1.0,0.0014,1.0,0.0162,1.0,0.0176,1.0,0.0,0.0,0.0,0.0,0.0,0.0,0.0,0.0
2023-06-22 23:00:00,DATAR1,2023-06-22 23:00:00,131121.0,28.0,1.0,18.0,1.0,0.0354,1.0,0.0013,1.0,0.52,1.0,0.0013,1.0,0.0137,1.0,0.015,1.0,0.0,0.0,0.0,0.0,0.0,0.0,0.0,0.0
2023-06-23 00:00:00,DATAR1,2023-06-23 00:00:00,131121.0,36.0,1.0,16.0,1.0,0.0305,1.0,0.0013,1.0,0.5,1.0,0.0015,1.0,0.0133,1.0,0.0148,1.0,0.0,0.0,0.0,0.0,0.0,0.0,0.0,0.0
2023-06-23 01:00:00,DATAR1,2023-06-23 01:00:00,131121.0,49.0,1.0,14.0,1.0,0.0258,1.0,0.0013,1.0,0.56,1.0,0.0014,1.0,0.0144,1.0,0.0159,1.0,0.0,0.0,0.0,0.0,0.0,0.0,0.0,0.0
2023-06-23 02:00:00,DATAR1,2023-06-23 02:00:00,131121.0,49.0,1.0,13.0,1.0,0.0238,1.0,0.0011,1.0,0.55,1.0,0.0011,1.0,0.0119,1.0,0.013,1.0,0.0,0.0,0.0,0.0,0.0,0.0,0.0,0.0
2023-06-23 03:00:00,DATAR1,2023-06-23 03:00:00,131121.0,36.0,1.0,16.0,1.0,0.0175,1.0,0.0011,1.0,0.52,1.0,0.0014,1.0,0.0103,1.0,0.0116,1.0,0.0,0.0,0.0,0.0,0.0,0.0,0.0,0.0
2023-06-23 04:00:00,DATAR1,2023-06-23 04:00:00,131121.0,37.0,1.0,15.0,1.0,0.0236,1.0,0.0012,1.0,0.48,1.0,0.0014,1.0,0.0086,1.0,0.01,1.0,0.0,0.0,0.0,0.0,0.0,0.0,0.0,0.0
2023-06-23 05:00:00,DATAR1,2023-06-23 05:00:00,131121.0,19.0,1.0,16.0,1.0,0.0257,1.0,0.0011,1.0,0.45,1.0,0.0013,1.0,0.0067,1.0,0.0079,1.0,0.0,0.0,0.0,0.0,0.0,0.0,0.0,0.0
2023-06-23 06:00:00,DATAR1,2023-06-23 06:00:00,131121.0,12.0,1.0,15.0,1.0,0.027,1.0,0.0011,1.0,0.42,1.0,0.0011,1.0,0.0071,1.0,0.0082,1.0,0.0,0.0,0.0,0.0,0.0,0.0,0.0,0.0
2023-06-23 07:00:00,DATAR1,2023-06-23 07:00:00,131121.0,19.0,1.0,12.0,1.0,0.0268,1.0,0.001,1.0,0.5,1.0,0.0013,1.0,0.01,1.0,0.0113,1.0,0.0,0.0,0.0,0.0,0.0,0.0,0.0,0.0
2023-06-23 08:00:00,DATAR1,2023-06-23 08:00:00,131121.0,26.0,1.0,14.0,1.0,0.0295,1.0,0.0011,1.0,0.5,1.0,0.0014,1.0,0.0106,1.0,0.0121,1.0,0.0,0.0,0.0,0.0,0.0,0.0,0.0,0.0
2023-06-23 09:00:00,DATAR1,2023-06-23 09:00:00,131121.0,16.0,1.0,13.0,1.0,0.0355,1.0,0.001,1.0,0.42,1.0,0.0018,1.0,0.009,1.0,0.0108,1.0,0.0,0.0,0.0,0.0,0.0,0.0,0.0,0.0
2023-06-23 10:00:00,DATAR1,2023-06-23 10:00:00,131121.0,15.0,1.0,17.0,1.0,0.0387,1.0,0.0011,1.0,0.38,1.0,0.0015,1.0,0.0073,1.0,0.0088,1.0,0.0,0.0,0.0,0.0,0.0,0.0,0.0,0.0
2023-06-23 11:00:00,DATAR1,2023-06-23 11:00:00,131121.0,17.0,1.0,10.0,1.0,0.0404,1.0,0.0011,1.0,0.38,1.0,0.0016,1.0,0.0099,1.0,0.0115,1.0,0.0,0.0,0.0,0.0,0.0,0.0,0.0,0.0
2023-06-23 12:00:00,DATAR1,2023-06-23 12:00:00,131121.0,22.0,1.0,13.0,1.0,0.0453,1.0,0.0012,1.0,0.42,1.0,0.0025,1.0,0.0121,1.0,0.0147,1.0,0.0,0.0,0.0,0.0,0.0,0.0,0.0,0.0
2023-06-23 13:00:00,DATAR1,2023-06-23 13:00:00,131121.0,36.0,1.0,17.0,1.0,0.0543,1.0,0.0012,1.0,0.37,1.0,0.0019,1.0,0.012,1.0,0.0139,1.0,0.0,0.0,0.0,0.0,0.0,0.0,0.0,0.0
2023-06-23 14:00:00,DATAR1,2023-06-23 14:00:00,131121.0,31.0,1.0,21.0,1.0,0.0656,1.0,0.0012,1.0,0.38,1.0,0.0017,1.0,0.0101,1.0,0.0118,1.0,0.0,0.0,0.0,0.0,0.0,0.0,0.0,0.0
2023-06-23 15:00:00,DATAR1,2023-06-23 15:00:00,131121.0,20.0,1.0,16.0,1.0,0.0729,1.0,0.0013,1.0,0.43,1.0,0.0015,1.0,0.0106,1.0,0.0121,1.0,0.0,0.0,0.0,0.0,0.0,0.0,0.0,0.0
2023-06-23 16:00:00,DATAR1,2023-06-23 16:00:00,131121.0,28.0,1.0,14.0,1.0,0.0803,1.0,0.0012,1.0,0.42,1.0,0.0014,1.0,0.0108,1.0,0.0122,1.0,0.0,0.0,0.0,0.0,0.0,0.0,0.0,0.0
2023-06-23 17:00:00,DATAR1,2023-06-23 17:00:00,131121.0,30.0,1.0,16.0,1.0,0.0846,1.0,0.0012,1.0,0.43,1.0,0.0014,1.0,0.0112,1.0,0.0126,1.0,0.0,0.0,0.0,0.0,0.0,0.0,0.0,0.0
2023-06-23 18:00:00,DATAR1,2023-06-23 18:00:00,131121.0,30.0,1.0,17.0,1.0,0.0855,1.0,0.0012,1.0,0.42,1.0,0.0013,1.0,0.0104,1.0,0.0117,1.0,0.0,0.0,0.0,0.0,0.0,0.0,0.0,0.0
2023-06-23 19:00:00,DATAR1,2023-06-23 19:00:00,131121.0,28.0,1.0,16.0,1.0,0.0809,1.0,0.0012,1.0,0.4,1.0,0.001,1.0,0.0117,1.0,0.0127,1.0,0.0,0.0,0.0,0.0,0.0,0.0,0.0,0.0
2023-06-23 20:00:00,DATAR1,2023-06-23 20:00:00,131121.0,48.0,1.0,16.0,1.0,0.0817,1.0,0.0015,1.0,0.57,1.0,0.0008,1.0,0.0192,1.0,0.02,1.0,0.0,0.0,0.0,0.0,0.0,0.0,0.0,0.0
2023-06-23 21:00:00,DATAR1,2023-06-23 21:00:00,131121.0,64.0,1.0,22.0,1.0,0.0613,1.0,0.0017,1.0,0.66,1.0,0.0013,1.0,0.0236,1.0,0.0249,1.0,0.0,0.0,0.0,0.0,0.0,0.0,0.0,0.0
2023-06-23 22:00:00,DATAR1,2023-06-23 22:00:00,131121.0,59.0,1.0,23.0,1.0,0.0577,1.0,0.0017,1.0,0.75,1.0,0.0011,1.0,0.0238,1.0,0.0249,1.0,0.0,0.0,0.0,0.0,0.0,0.0,0.0,0.0
2023-06-23 23:00:00,DATAR1,2023-06-23 23:00:00,131121.0,60.0,1.0,30.0,1.0,0.0507,1.0,0.0016,1.0,0.69,1.0,0.0009,1.0,0.0202,1.0,0.0211,1.0,0.0,0.0,0.0,0.0,0.0,0.0,0.0,0.0
2023-06-24 00:00:00,DATAR1,2023-06-24 00:00:00,131121.0,46.0,1.0,27.0,1.0,0.043,1.0,0.0014,1.0,0.66,1.0,0.0013,1.0,0.02,1.0,0.0213,1.0,0.0,0.0,0.0,0.0,0.0,0.0,0.0,0.0
2023-06-24 01:00:00,DATAR1,2023-06-24 01:00:00,131121.0,56.0,1.0,31.0,1.0,0.0374,1.0,0.0014,1.0,0.6,1.0,0.0011,1.0,0.016,1.0,0.017,1.0,0.0,0.0,0.0,0.0,0.0,0.0,0.0,0.0
2023-06-24 02:00:00,DATAR1,2023-06-24 02:00:00,131121.0,49.0,1.0,28.0,1.0,0.0372,1.0,0.0014,1.0,0.65,1.0,0.0012,1.0,0.0145,1.0,0.0157,1.0,0.0,0.0,0.0,0.0,0.0,0.0,0.0,0.0
2023-06-24 03:00:00,DATAR1,2023-06-24 03:00:00,131121.0,46.0,1.0,26.0,1.0,0.0308,1.0,0.0014,1.0,0.59,1.0,0.0012,1.0,0.0133,1.0,0.0145,1.0,0.0,0.0,0.0,0.0,0.0,0.0,0.0,0.0
2023-06-24 04:00:00,DATAR1,2023-06-24 04:00:00,131121.0,42.0,1.0,29.0,1.0,0.0191,1.0,0.0015,1.0,0.6,1.0,0.0014,1.0,0.0224,1.0,0.0237,1.0,0.0,0.0,0.0,0.0,0.0,0.0,0.0,0.0
2023-06-24 05:00:00,DATAR1,2023-06-24 05:00:00,131121.0,22.0,1.0,21.0,1.0,0.0244,1.0,0.0016,1.0,0.37,1.0,0.0011,1.0,0.01,1.0,0.011,1.0,0.0,0.0,0.0,0.0,0.0,0.0,0.0,0.0
2023-06-24 06:00:00,DATAR1,2023-06-24 06:00:00,131121.0,21.0,1.0,12.0,1.0,0.0197,1.0,0.0018,1.0,0.4,1.0,0.0017,1.0,0.0137,1.0,0.0153,1.0,0.0,0.0,0.0,0.0,0.0,0.0,0.0,0.0
2023-06-24 07:00:00,DATAR1,2023-06-24 07:00:00,131121.0,18.0,1.0,13.0,1.0,0.0203,1.0,0.0017,1.0,0.4,1.0,0.0026,1.0,0.0131,1.0,0.0157,1.0,0.0,0.0,0.0,0.0,0.0,0.0,0.0,0.0
2023-06-24 08:00:00,DATAR1,2023-06-24 08:00:00,131121.0,10.0,1.0,7.0,1.0,0.0298,1.0,0.0016,1.0,0.38,1.0,0.0018,1.0,0.009,1.0,0.0108,1.0,0.0,0.0,0.0,0.0,0.0,0.0,0.0,0.0
2023-06-24 09:00:00,DATAR1,2023-06-24 09:00:00,131121.0,19.0,1.0,9.0,1.0,0.0336,1.0,0.0018,1.0,0.42,1.0,0.002,1.0,0.0097,1.0,0.0118,1.0,0.0,0.0,0.0,0.0,0.0,0.0,0.0,0.0
2023-06-24 10:00:00,DATAR1,2023-06-24 10:00:00,131121.0,26.0,1.0,13.0,1.0,0.037,1.0,0.0017,1.0,0.4,1.0,0.0023,1.0,0.012,1.0,0.0143,1.0,0.0,0.0,0.0,0.0,0.0,0.0,0.0,0.0
2023-06-24 11:00:00,DATAR1,2023-06-24 11:00:00,131121.0,31.0,1.0,13.0,1.0,0.0507,1.0,0.0016,1.0,0.48,1.0,0.0018,1.0,0.01,1.0,0.0118,1.0,0.0,0.0,0.0,0.0,0.0,0.0,0.0,0.0
2023-06-24 12:00:00,DATAR1,2023-06-24 12:00:00,131121.0,36.0,1.0,18.0,1.0,0.0622,1.0,0.0014,1.0,0.46,1.0,0.0017,1.0,0.0093,1.0,0.011,1.0,0.0,0.0,0.0,0.0,0.0,0.0,0.0,0.0
2023-06-24 13:00:00,DATAR1,2023-06-24 13:00:00,131121.0,32.0,1.0,18.0,1.0,0.0712,1.0,0.0015,1.0,0.41,1.0,0.0015,1.0,0.0082,1.0,0.0096,1.0,0.0,0.0,0.0,0.0,0.0,0.0,0.0,0.0
2023-06-24 14:00:00,DATAR1,2023-06-24 14:00:00,131121.0,27.0,1.0,16.0,1.0,0.0777,1.0,0.0014,1.0,0.41,1.0,0.0009,1.0,0.0082,1.0,0.0091,1.0,0.0,0.0,0.0,0.0,0.0,0.0,0.0,0.0
2023-06-24 15:00:00,DATAR1,2023-06-24 15:00:00,131121.0,36.0,1.0,19.0,1.0,0.0822,1.0,0.0014,1.0,0.46,1.0,0.001,1.0,0.0088,1.0,0.0099,1.0,0.0,0.0,0.0,0.0,0.0,0.0,0.0,0.0
2023-06-24 16:00:00,DATAR1,2023-06-24 16:00:00,131121.0,37.0,1.0,20.0,1.0,0.0842,1.0,0.0014,1.0,0.52,1.0,0.0012,1.0,0.0087,1.0,0.0099,1.0,0.0,0.0,0.0,0.0,0.0,0.0,0.0,0.0
2023-06-24 17:00:00,DATAR1,2023-06-24 17:00:00,131121.0,36.0,1.0,21.0,1.0,0.092,1.0,0.0014,1.0,0.42,1.0,0.0011,1.0,0.0099,1.0,0.0111,1.0,0.0,0.0,0.0,0.0,0.0,0.0,0.0,0.0
2023-06-24 18:00:00,DATAR1,2023-06-24 18:00:00,131121.0,56.0,1.0,20.0,1.0,0.1072,1.0,0.0017,1.0,0.5,1.0,0.0011,1.0,0.0145,1.0,0.0156,1.0,0.0,0.0,0.0,0.0,0.0,0.0,0.0,0.0
2023-06-24 19:00:00,DATAR1,2023-06-24 19:00:00,131121.0,68.0,1.0,29.0,1.0,0.1096,1.0,0.002,1.0,0.57,1.0,0.0009,1.0,0.0172,1.0,0.0181,1.0,0.0,0.0,0.0,0.0,0.0,0.0,0.0,0.0
2023-06-24 20:00:00,DATAR1,2023-06-24 20:00:00,131121.0,69.0,1.0,30.0,1.0,0.0892,1.0,0.002,1.0,0.52,1.0,0.0011,1.0,0.0155,1.0,0.0166,1.0,0.0,0.0,0.0,0.0,0.0,0.0,0.0,0.0
2023-06-24 21:00:00,DATAR1,2023-06-24 21:00:00,131121.0,51.0,1.0,34.0,1.0,0.0627,1.0,0.0019,1.0,0.7,1.0,0.0011,1.0,0.0161,1.0,0.0172,1.0,0.0,0.0,0.0,0.0,0.0,0.0,0.0,0.0
2023-06-24 22:00:00,DATAR1,2023-06-24 22:00:00,131121.0,45.0,1.0,28.0,1.0,0.0469,1.0,0.0018,1.0,0.69,1.0,0.0012,1.0,0.0161,1.0,0.0173,1.0,0.0,0.0,0.0,0.0,0.0,0.0,0.0,0.0
2023-06-24 23:00:00,DATAR1,2023-06-24 23:00:00,131121.0,39.0,1.0,24.0,1.0,0.0381,1.0,0.0017,1.0,0.64,1.0,0.0013,1.0,0.017,1.0,0.0183,1.0,0.0,0.0,0.0,0.0,0.0,0.0,0.0,0.0
2023-06-25 00:00:00,DATAR1,2023-06-25 00:00:00,131121.0,33.0,1.0,20.0,1.0,0.0368,1.0,0.0021,1.0,0.61,1.0,0.0011,1.0,0.018,1.0,0.0191,1.0,0.0,0.0,0.0,0.0,0.0,0.0,0.0,0.0
2023-06-25 01:00:00,DATAR1,2023-06-25 01:00:00,131121.0,31.0,1.0,22.0,1.0,0.0365,1.0,0.0022,1.0,0.58,1.0,0.0015,1.0,0.0176,1.0,0.0191,1.0,0.0,0.0,0.0,0.0,0.0,0.0,0.0,0.0
2023-06-25 02:00:00,DATAR1,2023-06-25 02:00:00,131121.0,46.0,1.0,19.0,1.0,0.0402,1.0,0.0015,1.0,0.58,1.0,0.0014,1.0,0.0121,1.0,0.0136,1.0,0.0,0.0,0.0,0.0,0.0,0.0,0.0,0.0
2023-06-25 03:00:00,DATAR1,2023-06-25 03:00:00,131121.0,42.0,1.0,23.0,1.0,0.0216,1.0,0.0013,1.0,0.64,1.0,0.001,1.0,0.0202,1.0,0.0212,1.0,0.0,0.0,0.0,0.0,0.0,0.0,0.0,0.0
2023-06-25 04:00:00,DATAR1,2023-06-25 04:00:00,131121.0,42.0,1.0,24.0,1.0,0.0172,1.0,0.0014,1.0,0.6,1.0,0.0016,1.0,0.0194,1.0,0.021,1.0,0.0,0.0,0.0,0.0,0.0,0.0,0.0,0.0
2023-06-25 05:00:00,DATAR1,2023-06-25 05:00:00,131121.0,41.0,1.0,25.0,1.0,0.0175,1.0,0.0015,1.0,0.59,1.0,0.0013,1.0,0.0173,1.0,0.0186,1.0,0.0,0.0,0.0,0.0,0.0,0.0,0.0,0.0
2023-06-25 06:00:00,DATAR1,2023-06-25 06:00:00,131121.0,38.0,1.0,18.0,1.0,0.0162,1.0,0.0014,1.0,0.6,1.0,0.0022,1.0,0.0171,1.0,0.0193,1.0,0.0,0.0,0.0,0.0,0.0,0.0,0.0,0.0
2023-06-25 07:00:00,DATAR1,2023-06-25 07:00:00,131121.0,34.0,1.0,21.0,1.0,0.0147,1.0,0.0015,1.0,0.62,1.0,0.0034,1.0,0.0186,1.0,0.0221,1.0,0.0,0.0,0.0,0.0,0.0,0.0,0.0,0.0
2023-06-25 08:00:00,DATAR1,2023-06-25 08:00:00,131121.0,29.0,1.0,26.0,1.0,0.0203,1.0,0.0018,1.0,0.63,1.0,0.0044,1.0,0.0176,1.0,0.022,1.0,0.0,0.0,0.0,0.0,0.0,0.0,0.0,0.0
2023-06-25 09:00:00,DATAR1,2023-06-25 09:00:00,131121.0,31.0,1.0,26.0,1.0,0.0364,1.0,0.0017,1.0,0.6,1.0,0.0032,1.0,0.0135,1.0,0.0167,1.0,0.0,0.0,0.0,0.0,0.0,0.0,0.0,0.0
2023-06-25 10:00:00,DATAR1,2023-06-25 10:00:00,131121.0,36.0,1.0,17.0,1.0,0.0551,1.0,0.0015,1.0,0.58,1.0,0.0017,1.0,0.0086,1.0,0.0104,1.0,0.0,0.0,0.0,0.0,0.0,0.0,0.0,0.0
2023-06-25 11:00:00,DATAR1,2023-06-25 11:00:00,131121.0,38.0,1.0,24.0,1.0,0.0582,1.0,0.0013,1.0,0.56,1.0,0.0016,1.0,0.0077,1.0,0.0093,1.0,0.0,0.0,0.0,0.0,0.0,0.0,0.0,0.0
2023-06-25 12:00:00,DATAR1,2023-06-25 12:00:00,131121.0,32.0,1.0,21.0,1.0,0.0587,1.0,0.0012,1.0,0.54,1.0,0.0009,1.0,0.0063,1.0,0.0072,1.0,0.0,0.0,0.0,0.0,0.0,0.0,0.0,0.0
2023-06-25 13:00:00,DATAR1,2023-06-25 13:00:00,131121.0,31.0,1.0,21.0,1.0,0.0593,1.0,0.0011,1.0,0.46,1.0,0.001,1.0,0.0066,1.0,0.0076,1.0,0.0,0.0,0.0,0.0,0.0,0.0,0.0,0.0
2023-06-25 14:00:00,DATAR1,2023-06-25 14:00:00,131121.0,31.0,1.0,21.0,1.0,0.065,1.0,0.0011,1.0,0.44,1.0,0.0014,1.0,0.0067,1.0,0.0079,1.0,0.0,0.0,0.0,0.0,0.0,0.0,0.0,0.0
2023-06-25 15:00:00,DATAR1,2023-06-25 15:00:00,131121.0,23.0,1.0,19.0,1.0,0.0632,1.0,0.0011,1.0,0.44,1.0,0.0014,1.0,0.0068,1.0,0.0082,1.0,0.0,0.0,0.0,0.0,0.0,0.0,0.0,0.0
2023-06-25 16:00:00,DATAR1,2023-06-25 16:00:00,131121.0,26.0,1.0,17.0,1.0,0.0696,1.0,0.0013,1.0,0.41,1.0,0.001,1.0,0.0069,1.0,0.0079,1.0,0.0,0.0,0.0,0.0,0.0,0.0,0.0,0.0
2023-06-25 17:00:00,DATAR1,2023-06-25 17:00:00,131121.0,33.0,1.0,16.0,1.0,0.0728,1.0,0.0014,1.0,0.41,1.0,0.0014,1.0,0.0075,1.0,0.0089,1.0,0.0,0.0,0.0,0.0,0.0,0.0,0.0,0.0
2023-06-25 18:00:00,DATAR1,2023-06-25 18:00:00,131121.0,32.0,1.0,16.0,1.0,0.066,1.0,0.0012,1.0,0.41,1.0,0.0009,1.0,0.0088,1.0,0.0098,1.0,0.0,0.0,0.0,0.0,0.0,0.0,0.0,0.0
2023-06-25 19:00:00,DATAR1,2023-06-25 19:00:00,131121.0,28.0,1.0,16.0,1.0,0.0535,1.0,0.0011,1.0,0.5,1.0,0.0011,1.0,0.0091,1.0,0.0102,1.0,0.0,0.0,0.0,0.0,0.0,0.0,0.0,0.0
2023-06-25 20:00:00,DATAR1,2023-06-25 20:00:00,131121.0,26.0,1.0,12.0,1.0,0.0429,1.0,0.0011,1.0,0.48,1.0,0.0012,1.0,0.0093,1.0,0.0105,1.0,0.0,0.0,0.0,0.0,0.0,0.0,0.0,0.0
2023-06-25 21:00:00,DATAR1,2023-06-25 21:00:00,131121.0,20.0,1.0,14.0,1.0,0.0383,1.0,0.0012,1.0,0.42,1.0,0.0011,1.0,0.0104,1.0,0.0116,1.0,0.0,0.0,0.0,0.0,0.0,0.0,0.0,0.0
2023-06-25 22:00:00,DATAR1,2023-06-25 22:00:00,131121.0,21.0,1.0,13.0,1.0,0.0417,1.0,0.0011,1.0,0.42,1.0,0.0014,1.0,0.009,1.0,0.0103,1.0,0.0,0.0,0.0,0.0,0.0,0.0,0.0,0.0
2023-06-25 23:00:00,DATAR1,2023-06-25 23:00:00,131121.0,18.0,1.0,11.0,1.0,0.0427,1.0,0.0011,1.0,0.4,1.0,0.0012,1.0,0.0083,1.0,0.0095,1.0,0.0,0.0,0.0,0.0,0.0,0.0,0.0,0.0
2023-06-26 00:00:00,DATAR1,2023-06-26 00:00:00,131121.0,23.0,1.0,10.0,1.0,0.0458,1.0,0.0011,1.0,0.41,1.0,0.001,1.0,0.0065,1.0,0.0074,1.0,0.0,0.0,0.0,0.0,0.0,0.0,0.0,0.0
2023-06-26 01:00:00,DATAR1,2023-06-26 01:00:00,131121.0,21.0,1.0,7.0,1.0,0.0482,1.0,0.0014,1.0,0.37,1.0,0.0009,1.0,0.0062,1.0,0.0072,1.0,0.0,0.0,0.0,0.0,0.0,0.0,0.0,0.0
2023-06-26 02:00:00,DATAR1,2023-06-26 02:00:00,131121.0,22.0,1.0,12.0,1.0,0.0478,1.0,0.0019,1.0,0.34,1.0,0.001,1.0,0.006,1.0,0.007,1.0,0.0,0.0,0.0,0.0,0.0,0.0,0.0,0.0
2023-06-26 03:00:00,DATAR1,2023-06-26 03:00:00,131121.0,22.0,1.0,13.0,1.0,0.0479,1.0,0.0021,1.0,0.38,1.0,0.0009,1.0,0.0056,1.0,0.0065,1.0,0.0,0.0,0.0,0.0,0.0,0.0,0.0,0.0
2023-06-26 04:00:00,DATAR1,2023-06-26 04:00:00,131121.0,19.0,1.0,13.0,1.0,0.0447,1.0,0.002,1.0,0.38,1.0,0.0009,1.0,0.0055,1.0,0.0064,1.0,0.0,0.0,0.0,0.0,0.0,0.0,0.0,0.0
2023-06-26 05:00:00,DATAR1,2023-06-26 05:00:00,131121.0,31.0,1.0,13.0,1.0,0.0384,1.0,0.0015,1.0,0.42,1.0,0.0006,1.0,0.0058,1.0,0.0064,1.0,0.0,0.0,0.0,0.0,0.0,0.0,0.0,0.0
2023-06-26 06:00:00,DATAR1,2023-06-26 06:00:00,131121.0,26.0,1.0,15.0,1.0,0.0329,1.0,0.0013,1.0,0.39,1.0,0.0013,1.0,0.0066,1.0,0.0079,1.0,0.0,0.0,0.0,0.0,0.0,0.0,0.0,0.0
2023-06-26 07:00:00,DATAR1,2023-06-26 07:00:00,131121.0,10.0,1.0,10.0,1.0,0.028,1.0,0.0011,1.0,0.32,1.0,0.0016,1.0,0.0087,1.0,0.0102,1.0,0.0,0.0,0.0,0.0,0.0,0.0,0.0,0.0
2023-06-26 08:00:00,DATAR1,2023-06-26 08:00:00,131121.0,5.0,1.0,8.0,1.0,0.0242,1.0,0.0012,1.0,0.34,1.0,0.0013,1.0,0.0087,1.0,0.01,1.0,0.0,0.0,0.0,0.0,0.0,0.0,0.0,0.0
2023-06-26 09:00:00,DATAR1,2023-06-26 09:00:00,131121.0,2.0,1.0,3.0,1.0,0.0225,1.0,0.0011,1.0,0.35,1.0,0.0014,1.0,0.0086,1.0,0.01,1.0,0.0,0.0,0.0,0.0,0.0,0.0,0.0,0.0
2023-06-26 10:00:00,DATAR1,2023-06-26 10:00:00,131121.0,9.0,1.0,3.0,1.0,0.0207,1.0,0.0012,1.0,0.37,1.0,0.0016,1.0,0.0096,1.0,0.0113,1.0,0.0,0.0,0.0,0.0,0.0,0.0,0.0,0.0
2023-06-26 11:00:00,DATAR1,2023-06-26 11:00:00,131121.0,7.0,1.0,2.0,1.0,0.021,1.0,0.0013,1.0,0.36,1.0,0.0021,1.0,0.0111,1.0,0.0132,1.0,0.0,0.0,0.0,0.0,0.0,0.0,0.0,0.0
2023-06-26 12:00:00,DATAR1,2023-06-26 12:00:00,131121.0,16.0,1.0,5.0,1.0,0.0218,1.0,0.0012,1.0,0.4,1.0,0.0021,1.0,0.0131,1.0,0.0153,1.0,0.0,0.0,0.0,0.0,0.0,0.0,0.0,0.0
2023-06-26 13:00:00,DATAR1,2023-06-26 13:00:00,131121.0,18.0,1.0,4.0,1.0,0.0264,1.0,0.0013,1.0,0.49,1.0,0.0028,1.0,0.0155,1.0,0.0183,1.0,0.0,0.0,0.0,0.0,0.0,0.0,0.0,0.0
2023-06-26 14:00:00,DATAR1,2023-06-26 14:00:00,131121.0,26.0,1.0,6.0,1.0,0.0325,1.0,0.0013,1.0,0.54,1.0,0.0024,1.0,0.013,1.0,0.0153,1.0,0.0,0.0,0.0,0.0,0.0,0.0,0.0,0.0
2023-06-26 15:00:00,DATAR1,2023-06-26 15:00:00,131121.0,25.0,1.0,9.0,1.0,0.0319,1.0,0.0012,1.0,0.59,1.0,0.0018,1.0,0.013,1.0,0.0148,1.0,0.0,0.0,0.0,0.0,0.0,0.0,0.0,0.0
2023-06-26 16:00:00,DATAR1,2023-06-26 16:00:00,131121.0,12.0,1.0,7.0,1.0,0.0279,1.0,0.0013,1.0,0.56,1.0,0.0023,1.0,0.0148,1.0,0.0172,1.0,0.0,0.0,0.0,0.0,0.0,0.0,0.0,0.0
2023-06-26 17:00:00,DATAR1,2023-06-26 17:00:00,131121.0,15.0,1.0,7.0,1.0,0.0309,1.0,0.0013,1.0,0.5,1.0,0.0022,1.0,0.013,1.0,0.0153,1.0,0.0,0.0,0.0,0.0,0.0,0.0,0.0,0.0
2023-06-26 18:00:00,DATAR1,2023-06-26 18:00:00,131121.0,7.0,1.0,6.0,1.0,0.031,1.0,0.0013,1.0,0.45,1.0,0.0015,1.0,0.0118,1.0,0.0133,1.0,0.0,0.0,0.0,0.0,0.0,0.0,0.0,0.0
2023-06-26 19:00:00,DATAR1,2023-06-26 19:00:00,131121.0,21.0,1.0,8.0,1.0,0.0237,1.0,0.0013,1.0,0.45,1.0,0.0018,1.0,0.0163,1.0,0.018,1.0,0.0,0.0,0.0,0.0,0.0,0.0,0.0,0.0
2023-06-26 20:00:00,DATAR1,2023-06-26 20:00:00,131121.0,32.0,1.0,7.0,1.0,0.0226,1.0,0.0013,1.0,0.47,1.0,0.0017,1.0,0.0159,1.0,0.0175,1.0,0.0,0.0,0.0,0.0,0.0,0.0,0.0,0.0
2023-06-26 21:00:00,DATAR1,2023-06-26 21:00:00,131121.0,,2.0,6.0,1.0,0.0211,1.0,0.0012,1.0,0.44,1.0,0.002,1.0,0.0158,1.0,0.0177,1.0,0.0,0.0,0.0,0.0,0.0,0.0,0.0,0.0
2023-06-26 22:00:00,DATAR1,2023-06-26 22:00:00,131121.0,21.0,1.0,4.0,1.0,0.0219,1.0,0.0012,1.0,0.44,1.0,0.0016,1.0,0.0133,1.0,0.0148,1.0,0.0,0.0,0.0,0.0,0.0,0.0,0.0,0.0
2023-06-26 23:00:00,DATAR1,2023-06-26 23:00:00,131121.0,18.0,1.0,4.0,1.0,0.024,1.0,0.0012,1.0,0.39,1.0,0.0011,1.0,0.0093,1.0,0.0104,1.0,0.0,0.0,0.0,0.0,0.0,0.0,0.0,0.0
2023-06-27 00:00:00,DATAR1,2023-06-27 00:00:00,131121.0,15.0,1.0,7.0,1.0,0.0256,1.0,0.0012,1.0,0.44,1.0,0.0011,1.0,0.0086,1.0,0.0096,1.0,0.0,0.0,0.0,0.0,0.0,0.0,0.0,0.0
2023-06-27 01:00:00,DATAR1,2023-06-27 01:00:00,131121.0,2.0,1.0,8.0,1.0,0.0323,1.0,0.0014,1.0,0.37,1.0,0.0011,1.0,0.0056,1.0,0.0067,1.0,0.0,0.0,0.0,0.0,0.0,0.0,0.0,0.0
2023-06-27 02:00:00,DATAR1,2023-06-27 02:00:00,131121.0,20.0,1.0,7.0,1.0,0.0373,1.0,0.0013,1.0,0.34,1.0,0.0011,1.0,0.0043,1.0,0.0054,1.0,0.0,0.0,0.0,0.0,0.0,0.0,0.0,0.0
2023-06-27 03:00:00,DATAR1,2023-06-27 03:00:00,131121.0,15.0,1.0,8.0,1.0,0.0395,1.0,0.0013,1.0,0.35,1.0,0.001,1.0,0.0042,1.0,0.0052,1.0,0.0,0.0,0.0,0.0,0.0,0.0,0.0,0.0
2023-06-27 04:00:00,DATAR1,2023-06-27 04:00:00,131121.0,10.0,1.0,6.0,1.0,0.0454,1.0,0.0013,1.0,0.36,1.0,0.0009,1.0,0.0047,1.0,0.0057,1.0,0.0,0.0,0.0,0.0,0.0,0.0,0.0,0.0
2023-06-27 05:00:00,DATAR1,2023-06-27 05:00:00,131121.0,12.0,1.0,6.0,1.0,0.0449,1.0,0.0013,1.0,0.4,1.0,0.0011,1.0,0.0056,1.0,0.0068,1.0,0.0,0.0,0.0,0.0,0.0,0.0,0.0,0.0
2023-06-27 06:00:00,DATAR1,2023-06-27 06:00:00,131121.0,11.0,1.0,7.0,1.0,0.0419,1.0,0.0013,1.0,0.39,1.0,0.0006,1.0,0.0097,1.0,0.0103,1.0,0.0,0.0,0.0,0.0,0.0,0.0,0.0,0.0
2023-06-27 07:00:00,DATAR1,2023-06-27 07:00:00,131121.0,17.0,1.0,8.0,1.0,0.0381,1.0,0.0014,1.0,0.35,1.0,0.0012,1.0,0.0132,1.0,0.0145,1.0,0.0,0.0,0.0,0.0,0.0,0.0,0.0,0.0
2023-06-27 08:00:00,DATAR1,2023-06-27 08:00:00,131121.0,19.0,1.0,6.0,1.0,0.0376,1.0,0.0014,1.0,0.36,1.0,0.0016,1.0,0.0142,1.0,0.0158,1.0,0.0,0.0,0.0,0.0,0.0,0.0,0.0,0.0
2023-06-27 09:00:00,DATAR1,2023-06-27 09:00:00,131121.0,8.0,1.0,5.0,1.0,0.04,1.0,0.0013,1.0,0.42,1.0,0.0025,1.0,0.0148,1.0,0.0174,1.0,0.0,0.0,0.0,0.0,0.0,0.0,0.0,0.0
2023-06-27 10:00:00,DATAR1,2023-06-27 10:00:00,131121.0,14.0,1.0,7.0,1.0,0.0469,1.0,0.0013,1.0,0.41,1.0,0.0025,1.0,0.0121,1.0,0.0146,1.0,0.0,0.0,0.0,0.0,0.0,0.0,0.0,0.0
2023-06-27 11:00:00,DATAR1,2023-06-27 11:00:00,131121.0,9.0,1.0,5.0,1.0,0.0545,1.0,0.0015,1.0,0.35,1.0,0.0021,1.0,0.0123,1.0,0.0144,1.0,0.0,0.0,0.0,0.0,0.0,0.0,0.0,0.0
2023-06-27 12:00:00,DATAR1,2023-06-27 12:00:00,131121.0,29.0,1.0,9.0,1.0,0.0636,1.0,0.0016,1.0,0.35,1.0,0.0017,1.0,0.0112,1.0,0.0128,1.0,0.0,0.0,0.0,0.0,0.0,0.0,0.0,0.0
2023-06-27 13:00:00,DATAR1,2023-06-27 13:00:00,131121.0,17.0,1.0,11.0,1.0,0.0728,1.0,0.0017,1.0,0.37,1.0,0.0016,1.0,0.0092,1.0,0.0108,1.0,0.0,0.0,0.0,0.0,0.0,0.0,0.0,0.0
2023-06-27 14:00:00,DATAR1,2023-06-27 14:00:00,131121.0,18.0,1.0,13.0,1.0,0.0748,1.0,0.0019,1.0,0.35,1.0,0.0014,1.0,0.0103,1.0,0.0117,1.0,0.0,0.0,0.0,0.0,0.0,0.0,0.0,0.0
2023-06-27 15:00:00,DATAR1,2023-06-27 15:00:00,131121.0,24.0,1.0,12.0,1.0,0.0694,1.0,0.0017,1.0,0.33,1.0,0.0015,1.0,0.0107,1.0,0.0123,1.0,0.0,0.0,0.0,0.0,0.0,0.0,0.0,0.0
2023-06-27 16:00:00,DATAR1,2023-06-27 16:00:00,131121.0,24.0,1.0,13.0,1.0,0.0689,1.0,0.0015,1.0,0.34,1.0,0.0013,1.0,0.0104,1.0,0.0117,1.0,0.0,0.0,0.0,0.0,0.0,0.0,0.0,0.0
2023-06-27 17:00:00,DATAR1,2023-06-27 17:00:00,131121.0,32.0,1.0,10.0,1.0,0.0731,1.0,0.0019,1.0,0.43,1.0,0.0015,1.0,0.0123,1.0,0.0138,1.0,0.0,0.0,0.0,0.0,0.0,0.0,0.0,0.0
2023-06-27 18:00:00,DATAR1,2023-06-27 18:00:00,131121.0,34.0,1.0,11.0,1.0,0.0728,1.0,0.0019,1.0,0.48,1.0,0.0018,1.0,0.0145,1.0,0.0163,1.0,0.0,0.0,0.0,0.0,0.0,0.0,0.0,0.0
2023-06-27 19:00:00,DATAR1,2023-06-27 19:00:00,131121.0,26.0,1.0,15.0,1.0,0.0698,1.0,0.002,1.0,0.44,1.0,0.0015,1.0,0.0145,1.0,0.016,1.0,0.0,0.0,0.0,0.0,0.0,0.0,0.0,0.0
2023-06-27 20:00:00,DATAR1,2023-06-27 20:00:00,131121.0,39.0,1.0,14.0,1.0,0.061,1.0,0.0021,1.0,0.48,1.0,0.001,1.0,0.0146,1.0,0.0156,1.0,0.0,0.0,0.0,0.0,0.0,0.0,0.0,0.0
2023-06-27 21:00:00,DATAR1,2023-06-27 21:00:00,131121.0,32.0,1.0,11.0,1.0,0.046,1.0,0.002,1.0,0.59,1.0,0.0014,1.0,0.0179,1.0,0.0193,1.0,0.0,0.0,0.0,0.0,0.0,0.0,0.0,0.0
2023-06-27 22:00:00,DATAR1,2023-06-27 22:00:00,131121.0,16.0,1.0,15.0,1.0,0.0415,1.0,0.002,1.0,0.49,1.0,0.0016,1.0,0.0181,1.0,0.0198,1.0,0.0,0.0,0.0,0.0,0.0,0.0,0.0,0.0
2023-06-27 23:00:00,DATAR1,2023-06-27 23:00:00,131121.0,23.0,1.0,12.0,1.0,0.0378,1.0,0.0019,1.0,0.48,1.0,0.0014,1.0,0.0169,1.0,0.0184,1.0,0.0,0.0,0.0,0.0,0.0,0.0,0.0,0.0
2023-06-28 00:00:00,DATAR1,2023-06-28 00:00:00,131121.0,34.0,1.0,8.0,1.0,0.0331,1.0,0.0022,1.0,0.62,1.0,0.0015,1.0,0.0184,1.0,0.0198,1.0,0.0,0.0,0.0,0.0,0.0,0.0,0.0,0.0
2023-06-28 01:00:00,DATAR1,2023-06-28 01:00:00,131121.0,42.0,1.0,1.0,1.0,0.0358,1.0,0.0022,1.0,0.58,1.0,0.0013,1.0,0.0134,1.0,0.0147,1.0,0.0,0.0,0.0,0.0,0.0,0.0,0.0,0.0
2023-06-28 02:00:00,DATAR1,2023-06-28 02:00:00,131121.0,52.0,1.0,3.0,1.0,0.0471,1.0,0.0021,1.0,0.67,1.0,0.001,1.0,0.0083,1.0,0.0093,1.0,0.0,0.0,0.0,0.0,0.0,0.0,0.0,0.0
2023-06-28 03:00:00,DATAR1,2023-06-28 03:00:00,131121.0,44.0,1.0,15.0,1.0,0.0529,1.0,0.0018,1.0,0.64,1.0,0.001,1.0,0.0072,1.0,0.0082,1.0,0.0,0.0,0.0,0.0,0.0,0.0,0.0,0.0
2023-06-28 04:00:00,DATAR1,2023-06-28 04:00:00,131121.0,42.0,1.0,17.0,1.0,0.0492,1.0,0.0016,1.0,0.56,1.0,0.001,1.0,0.0075,1.0,0.0085,1.0,0.0,0.0,0.0,0.0,0.0,0.0,0.0,0.0
2023-06-28 05:00:00,DATAR1,2023-06-28 05:00:00,131121.0,45.0,1.0,21.0,1.0,0.0453,1.0,0.0015,1.0,0.54,1.0,0.0009,1.0,0.0074,1.0,0.0083,1.0,0.0,0.0,0.0,0.0,0.0,0.0,0.0,0.0
2023-06-28 06:00:00,DATAR1,2023-06-28 06:00:00,131121.0,2.0,1.0,,2.0,0.0483,1.0,0.0013,1.0,0.33,1.0,0.0008,1.0,0.0085,1.0,0.0092,1.0,0.0,0.0,0.0,0.0,0.0,0.0,0.0,0.0
2023-06-28 07:00:00,DATAR1,2023-06-28 07:00:00,131121.0,2.0,1.0,,2.0,0.0515,1.0,0.0012,1.0,0.28,1.0,0.0013,1.0,0.0114,1.0,0.0127,1.0,0.0,0.0,0.0,0.0,0.0,0.0,0.0,0.0
2023-06-28 08:00:00,DATAR1,2023-06-28 08:00:00,131121.0,10.0,1.0,5.0,1.0,0.0469,1.0,0.0014,1.0,0.33,1.0,0.0019,1.0,0.0138,1.0,0.0157,1.0,0.0,0.0,0.0,0.0,0.0,0.0,0.0,0.0
2023-06-28 09:00:00,DATAR1,2023-06-28 09:00:00,131121.0,10.0,1.0,4.0,1.0,0.0433,1.0,0.0014,1.0,0.37,1.0,0.0028,1.0,0.0146,1.0,0.0175,1.0,0.0,0.0,0.0,0.0,0.0,0.0,0.0,0.0
2023-06-28 10:00:00,DATAR1,2023-06-28 10:00:00,131121.0,14.0,1.0,4.0,1.0,0.0477,1.0,0.0014,1.0,0.42,1.0,0.0029,1.0,0.0142,1.0,0.0172,1.0,0.0,0.0,0.0,0.0,0.0,0.0,0.0,0.0
2023-06-28 11:00:00,DATAR1,2023-06-28 11:00:00,131121.0,22.0,1.0,5.0,1.0,0.0486,1.0,0.0015,1.0,0.37,1.0,0.003,1.0,0.0165,1.0,0.0195,1.0,0.0,0.0,0.0,0.0,0.0,0.0,0.0,0.0
2023-06-28 12:00:00,DATAR1,2023-06-28 12:00:00,131121.0,17.0,1.0,8.0,1.0,0.0542,1.0,0.0014,1.0,0.31,1.0,0.0022,1.0,0.0156,1.0,0.0178,1.0,0.0,0.0,0.0,0.0,0.0,0.0,0.0,0.0
2023-06-28 13:00:00,DATAR1,2023-06-28 13:00:00,131121.0,22.0,1.0,6.0,1.0,0.0671,1.0,0.0014,1.0,0.39,1.0,0.0017,1.0,0.0121,1.0,0.0138,1.0,0.0,0.0,0.0,0.0,0.0,0.0,0.0,0.0
2023-06-28 14:00:00,DATAR1,2023-06-28 14:00:00,131121.0,35.0,1.0,8.0,1.0,0.0701,1.0,0.0014,1.0,0.36,1.0,0.0014,1.0,0.0116,1.0,0.013,1.0,0.0,0.0,0.0,0.0,0.0,0.0,0.0,0.0
2023-06-28 15:00:00,DATAR1,2023-06-28 15:00:00,131121.0,20.0,1.0,9.0,1.0,0.0646,1.0,0.0014,1.0,0.46,1.0,0.0015,1.0,0.0116,1.0,0.0131,1.0,0.0,0.0,0.0,0.0,0.0,0.0,0.0,0.0
2023-06-28 16:00:00,DATAR1,2023-06-28 16:00:00,131121.0,26.0,1.0,7.0,1.0,0.0622,1.0,0.0014,1.0,0.49,1.0,0.0013,1.0,0.0115,1.0,0.0128,1.0,0.0,0.0,0.0,0.0,0.0,0.0,0.0,0.0
2023-06-28 17:00:00,DATAR1,2023-06-28 17:00:00,131121.0,30.0,1.0,12.0,1.0,0.0691,1.0,0.0014,1.0,0.5,1.0,0.0016,1.0,0.0134,1.0,0.015,1.0,0.0,0.0,0.0,0.0,0.0,0.0,0.0,0.0
2023-06-28 18:00:00,DATAR1,2023-06-28 18:00:00,131121.0,52.0,1.0,14.0,1.0,0.0601,1.0,0.0018,1.0,0.53,1.0,0.0013,1.0,0.0145,1.0,0.0158,1.0,0.0,0.0,0.0,0.0,0.0,0.0,0.0,0.0
2023-06-28 19:00:00,DATAR1,2023-06-28 19:00:00,131121.0,41.0,1.0,14.0,1.0,0.0462,1.0,0.0016,1.0,0.47,1.0,0.0013,1.0,0.0172,1.0,0.0185,1.0,0.0,0.0,0.0,0.0,0.0,0.0,0.0,0.0
2023-06-28 20:00:00,DATAR1,2023-06-28 20:00:00,131121.0,45.0,1.0,16.0,1.0,0.0359,1.0,0.0016,1.0,0.5,1.0,0.0018,1.0,0.0187,1.0,0.0205,1.0,0.0,0.0,0.0,0.0,0.0,0.0,0.0,0.0
2023-06-28 21:00:00,DATAR1,2023-06-28 21:00:00,131121.0,44.0,1.0,12.0,1.0,0.0357,1.0,0.0014,1.0,0.49,1.0,0.0016,1.0,0.0162,1.0,0.0178,1.0,0.0,0.0,0.0,0.0,0.0,0.0,0.0,0.0
2023-06-28 22:00:00,DATAR1,2023-06-28 22:00:00,131121.0,41.0,1.0,14.0,1.0,0.0381,1.0,0.0013,1.0,0.51,1.0,0.0013,1.0,0.0129,1.0,0.0142,1.0,0.0,0.0,0.0,0.0,0.0,0.0,0.0,0.0
2023-06-28 23:00:00,DATAR1,2023-06-28 23:00:00,131121.0,47.0,1.0,9.0,1.0,0.0456,1.0,0.0014,1.0,0.47,1.0,0.0011,1.0,0.0096,1.0,0.0107,1.0,0.0,0.0,0.0,0.0,0.0,0.0,0.0,0.0
2023-06-29 00:00:00,DATAR1,2023-06-29 00:00:00,131121.0,52.0,1.0,9.0,1.0,0.0486,1.0,0.0014,1.0,0.49,1.0,0.001,1.0,0.0091,1.0,0.0101,1.0,0.0,0.0,0.0,0.0,0.0,0.0,0.0,0.0
2023-06-29 01:00:00,DATAR1,2023-06-29 01:00:00,131121.0,73.0,1.0,15.0,1.0,0.0467,1.0,0.0011,1.0,0.46,1.0,0.0009,1.0,0.0079,1.0,0.0087,1.0,0.0,0.0,0.0,0.0,0.0,0.0,0.0,0.0
2023-06-29 02:00:00,DATAR1,2023-06-29 02:00:00,131121.0,65.0,1.0,23.0,1.0,0.05,1.0,0.0011,1.0,0.46,1.0,0.001,1.0,0.0075,1.0,0.0085,1.0,0.0,0.0,0.0,0.0,0.0,0.0,0.0,0.0
2023-06-29 03:00:00,DATAR1,2023-06-29 03:00:00,131121.0,62.0,1.0,26.0,1.0,0.0403,1.0,0.0012,1.0,0.57,1.0,0.0012,1.0,0.0078,1.0,0.0089,1.0,0.0,0.0,0.0,0.0,0.0,0.0,0.0,0.0
2023-06-29 04:00:00,DATAR1,2023-06-29 04:00:00,131121.0,45.0,1.0,26.0,1.0,0.0378,1.0,0.0011,1.0,0.53,1.0,0.0011,1.0,0.0078,1.0,0.0089,1.0,0.0,0.0,0.0,0.0,0.0,0.0,0.0,0.0
2023-06-29 05:00:00,DATAR1,2023-06-29 05:00:00,131121.0,45.0,1.0,24.0,1.0,0.0408,1.0,0.0012,1.0,0.48,1.0,0.0008,1.0,0.0065,1.0,0.0073,1.0,0.0,0.0,0.0,0.0,0.0,0.0,0.0,0.0
2023-06-29 06:00:00,DATAR1,2023-06-29 06:00:00,131121.0,33.0,1.0,23.0,1.0,0.0373,1.0,0.0011,1.0,0.47,1.0,0.001,1.0,0.0087,1.0,0.0097,1.0,0.0,0.0,0.0,0.0,0.0,0.0,0.0,0.0
2023-06-29 07:00:00,DATAR1,2023-06-29 07:00:00,131121.0,38.0,1.0,20.0,1.0,0.036,1.0,0.0011,1.0,0.49,1.0,0.001,1.0,0.01,1.0,0.011,1.0,0.0,0.0,0.0,0.0,0.0,0.0,0.0,0.0
2023-06-29 08:00:00,DATAR1,2023-06-29 08:00:00,131121.0,22.0,1.0,17.0,1.0,0.0341,1.0,0.0012,1.0,0.47,1.0,0.0012,1.0,0.0122,1.0,0.0133,1.0,0.0,0.0,0.0,0.0,0.0,0.0,0.0,0.0
2023-06-29 09:00:00,DATAR1,2023-06-29 09:00:00,131121.0,27.0,1.0,15.0,1.0,0.0307,1.0,0.0012,1.0,0.45,1.0,0.0014,1.0,0.0123,1.0,0.0137,1.0,0.0,0.0,0.0,0.0,0.0,0.0,0.0,0.0
2023-06-29 10:00:00,DATAR1,2023-06-29 10:00:00,131121.0,28.0,1.0,16.0,1.0,0.0244,1.0,0.0011,1.0,0.46,1.0,0.002,1.0,0.0145,1.0,0.0165,1.0,0.0,0.0,0.0,0.0,0.0,0.0,0.0,0.0
2023-06-29 11:00:00,DATAR1,2023-06-29 11:00:00,131121.0,21.0,1.0,13.0,1.0,0.0202,1.0,0.0011,1.0,0.43,1.0,0.0025,1.0,0.0139,1.0,0.0165,1.0,0.0,0.0,0.0,0.0,0.0,0.0,0.0,0.0
2023-06-29 12:00:00,DATAR1,2023-06-29 12:00:00,131121.0,7.0,1.0,10.0,1.0,0.0175,1.0,0.0012,1.0,0.39,1.0,0.0027,1.0,0.0116,1.0,0.0144,1.0,0.0,0.0,0.0,0.0,0.0,0.0,0.0,0.0
2023-06-29 13:00:00,DATAR1,2023-06-29 13:00:00,131121.0,0.0,1.0,6.0,1.0,0.0195,1.0,0.0011,1.0,0.38,1.0,0.0022,1.0,0.0081,1.0,0.0103,1.0,0.0,0.0,0.0,0.0,0.0,0.0,0.0,0.0
2023-06-29 14:00:00,DATAR1,2023-06-29 14:00:00,131121.0,5.0,1.0,5.0,1.0,0.0203,1.0,0.0011,1.0,0.4,1.0,0.0018,1.0,0.008,1.0,0.0098,1.0,0.0,0.0,0.0,0.0,0.0,0.0,0.0,0.0
2023-06-29 15:00:00,DATAR1,2023-06-29 15:00:00,131121.0,2.0,1.0,1.0,1.0,0.0227,1.0,0.0011,1.0,0.36,1.0,0.002,1.0,0.0082,1.0,0.0102,1.0,0.0,0.0,0.0,0.0,0.0,0.0,0.0,0.0
2023-06-29 16:00:00,DATAR1,2023-06-29 16:00:00,131121.0,3.0,1.0,,2.0,0.0272,1.0,0.0011,1.0,0.37,1.0,0.0017,1.0,0.0112,1.0,0.0129,1.0,0.0,0.0,0.0,0.0,0.0,0.0,0.0,0.0
2023-06-29 17:00:00,DATAR1,2023-06-29 17:00:00,131121.0,1.0,1.0,,2.0,0.0313,1.0,0.0011,1.0,0.43,1.0,0.0019,1.0,0.0144,1.0,0.0163,1.0,0.0,0.0,0.0,0.0,0.0,0.0,0.0,0.0
2023-06-29 18:00:00,DATAR1,2023-06-29 18:00:00,131121.0,6.0,1.0,,2.0,0.0199,1.0,0.0012,1.0,0.45,1.0,0.0022,1.0,0.0179,1.0,0.0201,1.0,0.0,0.0,0.0,0.0,0.0,0.0,0.0,0.0
2023-06-29 19:00:00,DATAR1,2023-06-29 19:00:00,131121.0,18.0,1.0,14.0,1.0,0.0198,1.0,0.0011,1.0,0.52,1.0,0.0023,1.0,0.02,1.0,0.0223,1.0,0.0,0.0,0.0,0.0,0.0,0.0,0.0,0.0
2023-06-29 20:00:00,DATAR1,2023-06-29 20:00:00,131121.0,40.0,1.0,14.0,1.0,0.0374,1.0,0.0011,1.0,0.5,1.0,0.0013,1.0,0.0141,1.0,0.0154,1.0,0.0,0.0,0.0,0.0,0.0,0.0,0.0,0.0
2023-06-29 21:00:00,DATAR1,2023-06-29 21:00:00,131121.0,60.0,1.0,14.0,1.0,0.0424,1.0,0.0011,1.0,0.44,1.0,0.0011,1.0,0.0141,1.0,0.0151,1.0,0.0,0.0,0.0,0.0,0.0,0.0,0.0,0.0
2023-06-29 22:00:00,DATAR1,2023-06-29 22:00:00,131121.0,35.0,1.0,16.0,1.0,0.0452,1.0,0.0012,1.0,0.45,1.0,0.0014,1.0,0.0126,1.0,0.014,1.0,0.0,0.0,0.0,0.0,0.0,0.0,0.0,0.0
2023-06-29 23:00:00,DATAR1,2023-06-29 23:00:00,131121.0,28.0,1.0,11.0,1.0,0.0465,1.0,0.0011,1.0,0.49,1.0,0.0011,1.0,0.0118,1.0,0.0129,1.0,0.0,0.0,0.0,0.0,0.0,0.0,0.0,0.0
2023-06-30 00:00:00,DATAR1,2023-06-30 00:00:00,131121.0,23.0,1.0,6.0,1.0,0.0518,1.0,0.0011,1.0,0.47,1.0,0.0012,1.0,0.0083,1.0,0.0095,1.0,0.0,0.0,0.0,0.0,0.0,0.0,0.0,0.0
2023-06-30 01:00:00,DATAR1,2023-06-30 01:00:00,131121.0,41.0,1.0,3.0,1.0,0.0548,1.0,0.0013,1.0,0.45,1.0,0.001,1.0,0.007,1.0,0.008,1.0,0.0,0.0,0.0,0.0,0.0,0.0,0.0,0.0
2023-06-30 02:00:00,DATAR1,2023-06-30 02:00:00,131121.0,58.0,1.0,4.0,1.0,0.0542,1.0,0.0013,1.0,0.55,1.0,0.0008,1.0,0.0064,1.0,0.0072,1.0,0.0,0.0,0.0,0.0,0.0,0.0,0.0,0.0
2023-06-30 03:00:00,DATAR1,2023-06-30 03:00:00,131121.0,55.0,1.0,5.0,1.0,0.051,1.0,0.0013,1.0,0.67,1.0,0.0009,1.0,0.007,1.0,0.0079,1.0,0.0,0.0,0.0,0.0,0.0,0.0,0.0,0.0
2023-06-30 04:00:00,DATAR1,2023-06-30 04:00:00,131121.0,72.0,1.0,17.0,1.0,0.0498,1.0,0.0013,1.0,0.68,1.0,0.0016,1.0,0.0069,1.0,0.0085,1.0,0.0,0.0,0.0,0.0,0.0,0.0,0.0,0.0
2023-06-30 05:00:00,DATAR1,2023-06-30 05:00:00,131121.0,48.0,1.0,15.0,1.0,0.0473,1.0,0.0012,1.0,0.66,1.0,0.0008,1.0,0.0078,1.0,0.0086,1.0,0.0,0.0,0.0,0.0,0.0,0.0,0.0,0.0
2023-06-30 06:00:00,DATAR1,2023-06-30 06:00:00,131121.0,25.0,1.0,16.0,1.0,0.0438,1.0,0.0013,1.0,0.58,1.0,0.0013,1.0,0.0123,1.0,0.0136,1.0,0.0,0.0,0.0,0.0,0.0,0.0,0.0,0.0
2023-06-30 07:00:00,DATAR1,2023-06-30 07:00:00,131121.0,16.0,1.0,15.0,1.0,0.0373,1.0,0.0013,1.0,0.55,1.0,0.0015,1.0,0.0195,1.0,0.0209,1.0,0.0,0.0,0.0,0.0,0.0,0.0,0.0,0.0
2023-06-30 08:00:00,DATAR1,2023-06-30 08:00:00,131121.0,31.0,1.0,10.0,1.0,0.0355,1.0,0.0013,1.0,0.59,1.0,0.0022,1.0,0.0202,1.0,0.0224,1.0,0.0,0.0,0.0,0.0,0.0,0.0,0.0,0.0
2023-06-30 09:00:00,DATAR1,2023-06-30 09:00:00,131121.0,20.0,1.0,12.0,1.0,0.0385,1.0,0.0014,1.0,0.52,1.0,0.0024,1.0,0.0177,1.0,0.0202,1.0,0.0,0.0,0.0,0.0,0.0,0.0,0.0,0.0
2023-06-30 10:00:00,DATAR1,2023-06-30 10:00:00,131121.0,12.0,1.0,13.0,1.0,0.0394,1.0,0.0013,1.0,0.51,1.0,0.0033,1.0,0.0176,1.0,0.0208,1.0,0.0,0.0,0.0,0.0,0.0,0.0,0.0,0.0
2023-06-30 11:00:00,DATAR1,2023-06-30 11:00:00,131121.0,8.0,1.0,9.0,1.0,0.0419,1.0,0.0014,1.0,0.51,1.0,0.0032,1.0,0.0147,1.0,0.018,1.0,0.0,0.0,0.0,0.0,0.0,0.0,0.0,0.0
2023-06-30 12:00:00,DATAR1,2023-06-30 12:00:00,131121.0,7.0,1.0,8.0,1.0,0.045,1.0,0.0013,1.0,0.52,1.0,0.0032,1.0,0.014,1.0,0.0172,1.0,0.0,0.0,0.0,0.0,0.0,0.0,0.0,0.0
2023-06-30 13:00:00,DATAR1,2023-06-30 13:00:00,131121.0,22.0,1.0,6.0,1.0,0.0457,1.0,0.0014,1.0,0.56,1.0,0.0027,1.0,0.0163,1.0,0.019,1.0,0.0,0.0,0.0,0.0,0.0,0.0,0.0,0.0
2023-06-30 14:00:00,DATAR1,2023-06-30 14:00:00,131121.0,35.0,1.0,13.0,1.0,0.0441,1.0,0.0014,1.0,0.57,1.0,0.0028,1.0,0.02,1.0,0.0228,1.0,0.0,0.0,0.0,0.0,0.0,0.0,0.0,0.0
2023-06-30 15:00:00,DATAR1,2023-06-30 15:00:00,131121.0,28.0,1.0,11.0,1.0,0.0503,1.0,0.0015,1.0,0.63,1.0,0.0024,1.0,0.0183,1.0,0.0206,1.0,0.0,0.0,0.0,0.0,0.0,0.0,0.0,0.0
2023-06-30 16:00:00,DATAR1,2023-06-30 16:00:00,131121.0,9.0,1.0,9.0,1.0,0.0652,1.0,0.0014,1.0,0.61,1.0,0.0023,1.0,0.0147,1.0,0.017,1.0,0.0,0.0,0.0,0.0,0.0,0.0,0.0,0.0
2023-06-30 17:00:00,DATAR1,2023-06-30 17:00:00,131121.0,18.0,1.0,13.0,1.0,0.0758,1.0,0.0014,1.0,0.57,1.0,0.0015,1.0,0.0124,1.0,0.0139,1.0,0.0,0.0,0.0,0.0,0.0,0.0,0.0,0.0
2023-06-30 18:00:00,DATAR1,2023-06-30 18:00:00,131121.0,42.0,1.0,17.0,1.0,0.0768,1.0,0.0014,1.0,0.57,1.0,0.0013,1.0,0.0127,1.0,0.0141,1.0,0.0,0.0,0.0,0.0,0.0,0.0,0.0,0.0
2023-06-30 19:00:00,DATAR1,2023-06-30 19:00:00,131121.0,49.0,1.0,18.0,1.0,0.0612,1.0,0.0015,1.0,0.58,1.0,0.0015,1.0,0.0166,1.0,0.0181,1.0,0.0,0.0,0.0,0.0,0.0,0.0,0.0,0.0
2023-06-30 20:00:00,DATAR1,2023-06-30 20:00:00,131121.0,48.0,1.0,20.0,1.0,0.0567,1.0,0.0015,1.0,0.54,1.0,0.0014,1.0,0.0182,1.0,0.0196,1.0,0.0,0.0,0.0,0.0,0.0,0.0,0.0,0.0
2023-06-30 21:00:00,DATAR1,2023-06-30 21:00:00,131121.0,42.0,1.0,24.0,1.0,0.0435,1.0,0.0015,1.0,0.62,1.0,0.0014,1.0,0.0204,1.0,0.0218,1.0,0.0,0.0,0.0,0.0,0.0,0.0,0.0,0.0
2023-06-30 22:00:00,DATAR1,2023-06-30 22:00:00,131121.0,36.0,1.0,21.0,1.0,0.037,1.0,0.0016,1.0,0.65,1.0,0.0016,1.0,0.0211,1.0,0.0226,1.0,0.0,0.0,0.0,0.0,0.0,0.0,0.0,0.0
2023-06-30 23:00:00,DATAR1,2023-06-30 23:00:00,131121.0,39.0,1.0,24.0,1.0,0.0312,1.0,0.0016,1.0,0.6,1.0,0.001,1.0,0.0192,1.0,0.0202,1.0,0.0,0.0,0.0,0.0,0.0,0.0,0.0,0.0
